MeshAnim
1
55
52
30
0.9544039 0.02312401 -0.2976214 0
0.05098439 0.9697199 0.2388387 0
0.2941323 -0.2431227 0.9243255 0
-0.119538 0.818152 -0.04712088 1

0.96676 0.05838944 -0.2489292 0
0.03808897 0.9298245 0.3660271 0
0.2528326 -0.3633418 0.8966931 0
-0.1166561 0.9267684 -0.02944003 1

-0.9629326 0.259435 -0.0738551 0
-0.2425454 -0.7129446 0.6579378 0
0.1180375 0.6514629 0.7494421 0
-0.2109792 0.7565988 -0.03314842 1

-0.8019988 -0.3725569 0.466904 0
0.5374427 -0.7911887 0.2918493 0
0.2606786 0.4849969 0.8347602 0
-0.03262586 0.7599727 -0.08491954 1

0.9753715 0.07232058 -0.2083746 0
0.04674774 0.8554754 0.5157291 0
0.2155572 -0.5127686 0.8310256 0
-0.1117643 1.046187 0.01756915 1

-0.976598 0.2011645 0.07608952 0
-0.2137865 -0.9466217 -0.2412532 0
0.02349639 -0.2518743 0.9674748 0
-0.3111018 0.4622958 0.2384479 1

-0.8428994 -0.3289217 0.4258299 0
0.07030344 -0.8519398 -0.518899 0
0.5334585 -0.4074424 0.7412239 0
0.1893417 0.4332063 0.0356162 1

0.9837465 0.07676679 -0.1623249 0
0.0482691 0.7576729 0.650847 0
0.1729527 -0.6481039 0.7416528 0
-0.1049027 1.171752 0.09326704 1

-0.9784503 -0.1490702 0.1428757 0
0.2017038 -0.5420206 0.8158 0
-0.0441699 0.8270382 0.560408 0
-0.3855436 0.1326761 0.154442 1

-0.9034228 0.09666027 0.4177129 0
0.308429 -0.5302322 0.7897629 0
0.2978235 0.8423246 0.449211 0
0.2137638 0.1372584 -0.1446395 1

-0.1073625 0.6818525 -0.723568 0
0.9069785 -0.2309492 -0.3522111 0
-0.4072635 -0.6940747 -0.5936303 0
-0.03040453 1.284786 0.1720967 1

0.09880351 -0.6655568 0.7397783 0
-0.9129852 -0.356356 -0.1986663 0
0.3958482 -0.6557778 -0.6428529 0
-0.1665457 1.274387 0.1943389 1

-0.9794702 -0.117375 0.1638953 0
0.1654568 -0.003618373 0.9862105 0
-0.1151635 0.9930813 0.02296461 0
-0.3459623 0.02631283 0.3145303 1

-0.9094334 0.07881497 0.4083127 0
0.4125325 0.04721253 0.9097187 0
0.05242196 0.9957708 -0.07545043 0
0.2713462 0.03826636 0.002805702 1

0.9796358 0.1724797 -0.1027838 0
-0.05122173 0.7096632 0.7026768 0
0.1941394 -0.6831026 0.7040461 0
-0.09693224 1.296863 0.2007385 1

0.2580891 0.399523 -0.8796428 0
0.3274901 -0.8927624 -0.3093954 0
-0.9089226 -0.2082226 -0.3612521 0
0.1013955 1.251225 0.1209142 1

0.4870097 -0.321365 0.8121244 0
-0.6142635 -0.7870457 0.05691656 0
0.6208879 -0.5265774 -0.5807017 0
-0.2992186 1.222602 0.1654692 1

0.9368852 0.1183836 -0.3289851 0
-0.1406539 0.9890516 -0.04464975 0
0.3200975 0.08810461 0.943279 0
-0.09608595 1.331269 0.2665408 1

0.2268605 -0.9292011 -0.2917537 0
-0.3542424 -0.3577715 0.8640092 0
-0.9072192 -0.09265792 -0.4103267 0
0.1702663 1.063478 0.05584872 1

0.5328633 0.8454523 -0.03560448 0
0.5687075 -0.3266484 0.754899 0
0.6266007 -0.4225063 -0.6548738 0
-0.4283777 1.057113 0.1774368 1

0.7943875 0.4138121 -0.4446443 0
0.4808449 0.01884767 0.8766032 0
0.3711293 -0.9101674 -0.184007 0
-0.2529941 0.9563778 0.4102401 1

0.3890668 -0.8821719 -0.26533 0
-0.2642407 -0.3827914 0.8852388 0
-0.8824987 -0.2743059 -0.3820372 0
0.06101974 0.9531429 0.3223048 1

0.7574846 0.4870667 -0.4347221 0
0.500128 -0.004921651 0.8659375 0
0.4196297 -0.8733512 -0.2473238 0
-0.2434313 0.9489772 0.505071 1

0.4974701 0.2251135 -0.8377635 0
0.866764 -0.08972625 0.4905807 0
0.03526693 -0.9701926 -0.2397563 0
-0.2037234 0.9611734 0.4162182 1

0.7316766 0.453716 -0.5087152 0
0.5634536 0.01744343 0.8259635 0
0.3836265 -0.8909757 -0.2428849 0
-0.218177 0.9558592 0.5088356 1

0.7418744 0.4253297 -0.5183793 0
0.565382 0.01885641 0.8246137 0
0.3605073 -0.9048421 -0.2264845 0
-0.1953379 0.967773 0.4995068 1

0.3614936 -0.9075698 -0.2136343 0
-0.5103617 -0.3843644 0.7692822 0
-0.7802907 -0.1690597 -0.602134 0
0.03198608 0.9239852 0.4204448 1

0.2886474 -0.915849 -0.2791119 0
-0.5069928 -0.3935028 0.766886 0
-0.8121828 -0.07985186 -0.5779123 0
0.05855023 0.8876665 0.3949798 1

0.2855253 -0.9011906 0.3260843 0
-0.6979466 0.03764031 0.71516 0
-0.6567694 -0.4317857 -0.6182358 0
0.02742628 0.9717686 0.3530814 1

0.7407759 0.418618 -0.5253665 0
0.5703213 0.02131217 0.8211452 0
0.3549427 -0.9079124 -0.2229591 0
-0.1696097 0.9813842 0.4853202 1

0.3327103 -0.9112329 -0.2428144 0
-0.5080538 -0.3901244 0.7679093 0
-0.7944719 -0.1321285 -0.5927536 0
0.04576225 0.9011685 0.4103121 1

0.3667035 -0.9067019 -0.2083763 0
-0.510783 -0.3834185 0.7694746 0
-0.7775792 -0.1757338 -0.6037287 0
0.02141675 0.9511201 0.4310147 1

0.7538977 0.4247578 -0.501218 0
0.5804024 -0.07311355 0.8110412 0
0.3078501 -0.9023499 -0.3016504 0
-0.1699463 0.9685713 0.5367342 1

0.7567324 0.4177875 -0.5028021 0
0.5797374 -0.07345752 0.8114855 0
0.3020938 -0.9055704 -0.2977947 0
-0.1446654 0.9821563 0.5218865 1

0.7421253 0.4532196 -0.4938036 0
0.5825875 -0.07188148 0.8095831 0
0.3314236 -0.8884961 -0.3173851 0
-0.1933528 0.9566278 0.545225 1

0.7227507 0.4863393 -0.4910253 0
0.5908784 -0.06633084 0.8040292 0
0.3584608 -0.8712488 -0.335308 0
-0.2205275 0.9489098 0.5441695 1

0.5708233 0.2179796 -0.7916098 0
0.8209338 -0.1337684 0.5551339 0
0.01511544 -0.9667426 -0.2553048 0
-0.1681497 0.9580726 0.4339983 1

0.4738403 -0.8801165 -0.02950414 0
-0.5680147 -0.3310693 0.7534938 0
-0.6729301 -0.3402767 -0.6567929 0
-0.0007850304 0.9757661 0.3802592 1

0.3967149 -0.8822717 -0.2534049 0
-0.6793188 -0.4678431 0.5653749 0
-0.6173681 -0.05214969 -0.7849442 0
0.009684019 0.9068603 0.4541536 1

0.4038544 -0.8799962 -0.2500171 0
-0.6776909 -0.4713644 0.5644029 0
-0.6145217 -0.05850218 -0.7867282 0
-0.001009442 0.9338992 0.4649114 1

0.3683987 -0.8855854 -0.2828799 0
-0.680947 -0.4641998 0.5664186 0
-0.6329248 -0.01604152 -0.7740472 0
0.02236187 0.8831995 0.4456812 1

0.3210653 -0.8926712 -0.3163158 0
-0.6863606 -0.4494594 0.5717479 0
-0.6525537 0.03353839 -0.757 0
0.0356653 0.8700939 0.4295697 1

0.7566375 0.4242191 -0.4975319 0
0.5903909 -0.1162979 0.7986949 0
0.2809596 -0.898061 -0.3384504 0
-0.1446476 0.9654499 0.5718901 1

0.7634618 0.416696 -0.4934476 0
0.5841761 -0.1197049 0.8027511 0
0.2754348 -0.9011301 -0.3348139 0
-0.1210311 0.9792404 0.5547289 1

0.7381209 0.4845192 -0.4694877 0
0.5871052 -0.1184466 0.8007984 0
0.3323929 -0.8667247 -0.3718916 0
-0.198231 0.946159 0.5751531 1

0.7474693 0.4523621 -0.4864755 0
0.5902814 -0.1163598 0.7987669 0
0.3047256 -0.8842111 -0.3539964 0
-0.1691393 0.9536401 0.5788733 1

0.5806035 0.216083 -0.7849892 0
0.8127139 -0.09585278 0.5747246 0
0.04894448 -0.9716586 -0.2312659 0
-0.1290234 0.9514881 0.4612479 1

0.4135711 -0.871131 -0.2647456 0
-0.7474321 -0.4908856 0.4476348 0
-0.5199082 0.01275072 -0.8541272 0
-0.02041646 0.8863342 0.4791916 1

0.4153539 -0.8725578 -0.2571465 0
-0.748574 -0.4884711 0.4483671 0
-0.5168349 0.006262418 -0.8560625 0
-0.02866117 0.9150433 0.4879127 1

0.3899871 -0.8711987 -0.2982005 0
-0.7485447 -0.4885425 0.4483382 0
-0.536275 0.04837036 -0.8426564 0
-0.005909882 0.8639211 0.4691981 1

0.3704674 -0.8596556 -0.3517765 0
-0.7430583 -0.5015346 0.4430884 0
-0.5573316 0.09724066 -0.8245763 0
0.01063512 0.8530259 0.4503902 1

0.4494432 -0.8908241 -0.06658539 0
-0.5311322 -0.3264128 0.7818909 0
-0.7182615 -0.3160497 -0.6198494 0
-0.02833509 0.9611561 0.4160554 1

0.9536934 0.02035213 -0.300091 0
0.05328646 0.9704939 0.2351639 0
0.2960225 -0.2402651 0.9244692 0
-0.1157123 0.821591 -0.04970081 1

0.9684767 0.05220431 -0.2435726 0
0.03920893 0.9336596 0.3560088 0
0.2459991 -0.3543365 0.9021808 0
-0.1125952 0.9302659 -0.0324244 1

-0.9612027 0.2636556 -0.0810906 0
-0.2519147 -0.7192669 0.6474524 0
0.1123786 0.6427608 0.7577795 0
-0.2072261 0.7602507 -0.03527468 1

-0.7990118 -0.3693224 0.4745331 0
0.5371332 -0.7931182 0.2871441 0
0.2703119 0.4843189 0.8320857 0
-0.02899752 0.7631207 -0.08750388 1

0.9782768 0.06382083 -0.1972344 0
0.04480475 0.8638495 0.5017536 0
0.2024032 -0.4996909 0.8422245 0
-0.1075596 1.050177 0.01329812 1

-0.9768265 0.2032678 0.06702763 0
-0.2132723 -0.9507847 -0.2247748 0
0.01803929 -0.2338612 0.9721026 0
-0.3112163 0.4633378 0.2319932 1

-0.8438401 -0.3177128 0.4324268 0
0.06347997 -0.8593196 -0.5074846 0
0.5328269 -0.4007854 0.7452963 0
0.1928422 0.4355573 0.0310886 1

0.9871115 0.06557554 -0.1459823 0
0.04249059 0.7720606 0.634127 0
0.1542903 -0.6321567 0.7593237 0
-0.1009832 1.176971 0.08694473 1

-0.9790045 -0.1525439 0.1352072 0
0.1973484 -0.5432518 0.8160462 0
-0.05103134 0.8255958 0.5619499 0
-0.385479 0.1322685 0.1537253 1

-0.9003792 0.1110391 0.4206994 0
0.3077591 -0.5209627 0.7961674 0
0.3075742 0.8463266 0.4348904 0
0.214894 0.1370458 -0.145202 1

-0.05813214 0.6698437 -0.7402232 0
0.9185864 -0.2544599 -0.3024056 0
-0.3909215 -0.6975381 -0.6005172 0
-0.02702881 1.291223 0.1645211 1

0.08431621 -0.6485725 0.7564685 0
-0.9159875 -0.3492968 -0.1973799 0
0.392247 -0.6762731 -0.6235356 0
-0.1636298 1.282368 0.1844966 1

-0.9803123 -0.1206852 0.1562797 0
0.1578593 -0.003581956 0.9874552 0
-0.1186114 0.9926848 0.02256262 0
-0.3467524 0.02566367 0.3138618 1

-0.9065872 0.09322333 0.4115937 0
0.4175343 0.05633145 0.9069134 0
0.06135971 0.9940506 -0.08999336 0
0.2723513 0.03978431 0.00343889 1

0.9819543 0.1685253 -0.08581941 0
-0.06352991 0.7213621 0.689638 0
0.1781283 -0.6717408 0.7190511 0
-0.09396692 1.304458 0.1916552 1

0.3013854 0.3620422 -0.8820954 0
0.3285057 -0.9078985 -0.2603923 0
-0.8951262 -0.2112947 -0.3925604 0
0.1064581 1.254245 0.1205762 1

0.5183951 -0.3005989 0.8005667 0
-0.613004 -0.7833633 0.1028023 0
0.5962321 -0.5440426 -0.5903599 0
-0.296739 1.231609 0.1558138 1

0.938545 0.1159188 -0.3251091 0
-0.1401726 0.9887545 -0.05211522 0
0.315412 0.09448382 0.9442394 0
-0.0943578 1.339952 0.2568817 1

0.2590293 -0.9121563 -0.317608 0
-0.3690722 -0.3973523 0.8401768 0
-0.8925747 -0.1004099 -0.4395775 0
0.1755424 1.063315 0.06581604 1

0.5295725 0.8441307 -0.08364498 0
0.6007208 -0.3035825 0.7395759 0
0.5989055 -0.4419062 -0.6678557 0
-0.4256333 1.066893 0.1774297 1

0.7739766 0.3700496 -0.5138326 0
0.5495887 0.01046206 0.8353698 0
0.3145039 -0.928953 -0.1952777 0
-0.2403771 0.9732717 0.4055074 1

0.4803804 -0.8396002 -0.253587 0
-0.273635 -0.4181739 0.8661724 0
-0.8332819 -0.3467018 -0.4306266 0
0.06172245 0.9407736 0.3249223 1

0.7412707 0.4450621 -0.5024319 0
0.5668857 -0.01432805 0.8236721 0
0.3593862 -0.8953852 -0.2629204 0
-0.2236195 0.966918 0.4994112 1

0.4385689 0.1890424 -0.87859 0
0.8982899 -0.121656 0.4222264 0
-0.02706728 -0.9744039 -0.2231695 0
-0.1906225 0.9758996 0.4074829 1

0.7081888 0.41178 -0.5735034 0
0.6277515 0.004490253 0.778401 0
0.3231049 -0.9112723 -0.2553155 0
-0.1978647 0.9726946 0.5010373 1

0.7163132 0.3828096 -0.5833973 0
0.6296269 0.005792479 0.7768763 0
0.3007748 -0.9238091 -0.2368779 0
-0.1753362 0.983404 0.4897074 1

0.4528604 -0.8679109 -0.2040794 0
-0.5142581 -0.4412548 0.7354135 0
-0.7283243 -0.22809 -0.646157 0
0.03044469 0.9076616 0.4210986 1

0.3846875 -0.8815774 -0.2735635 0
-0.5099548 -0.450014 0.7330988 0
-0.7693906 -0.1425087 -0.6226791 0
0.06145764 0.87426 0.3966915 1

0.3487472 -0.8766961 0.3313302 0
-0.7343031 -0.03591568 0.677871 0
-0.5823867 -0.4797022 -0.6562862 0
0.02504606 0.9558448 0.3540829 1

0.7143642 0.3760473 -0.5901461 0
0.6343781 0.007965265 0.7729821 0
0.2953783 -0.9265663 -0.2328659 0
-0.1502427 0.9956009 0.4732754 1

0.426137 -0.8736456 -0.2348417 0
-0.5113695 -0.4467615 0.7341019 0
-0.746263 -0.192737 -0.6371375 0
0.04673038 0.8863283 0.4114692 1

0.4576804 -0.866668 -0.1985322 0
-0.5147729 -0.4403536 0.7355934 0
-0.7249396 -0.2344676 -0.6476786 0
0.01693537 0.9335765 0.4313772 1

0.7296293 0.3819552 -0.5672312 0
0.6394197 -0.08696869 0.7639234 0
0.242453 -0.9200798 -0.3076847 0
-0.1470461 0.9836187 0.5247913 1

0.7320169 0.3748387 -0.5689006 0
0.6387779 -0.08727493 0.7644256 0
0.2368854 -0.9229731 -0.3033253 0
-0.1224519 0.9957997 0.507736 1

0.7197611 0.4110381 -0.5594566 0
0.6415342 -0.0858608 0.7622743 0
0.2652882 -0.9075658 -0.3254942 0
-0.1702077 0.9728925 0.5353312 1

0.702159 0.445049 -0.5557918 0
0.6495939 -0.0807824 0.7559777 0
0.2915485 -0.8918554 -0.3458232 0
-0.1976959 0.9664109 0.5365729 1

0.5149803 0.179278 -0.8382451 0
0.8558446 -0.1625443 0.4910289 0
-0.04822142 -0.9702778 -0.2371413 0
-0.1539168 0.971451 0.4224544 1

0.552422 -0.8334547 -0.01354693 0
-0.5736912 -0.3919383 0.7192103 0
-0.6047383 -0.3895355 -0.6946607 0
-0.004769914 0.9568846 0.3797814 1

0.4879247 -0.8387607 -0.2416818 0
-0.66449 -0.5364557 0.5202578 0
-0.5660235 -0.09325138 -0.8190982 0
0.007997058 0.8880504 0.4533234 1

0.4946328 -0.8359169 -0.2378684 0
-0.6625004 -0.5397999 0.5193353 0
-0.5625223 -0.09929202 -0.8207982 0
-0.005637147 0.9138556 0.4637816 1

0.4616874 -0.8440702 -0.2727458 0
-0.6664948 -0.532991 0.5212538 0
-0.5853456 -0.05887243 -0.8086437 0
0.02317732 0.8657507 0.4452812 1

0.4170968 -0.8547639 -0.3088837 0
-0.6734992 -0.5188886 0.5264537 0
-0.6102698 -0.01154919 -0.7921097 0
0.03842334 0.8541364 0.4297585 1

0.7326282 0.3813491 -0.5637633 0
0.6464649 -0.130752 0.7516562 0
0.2129302 -0.9151376 -0.3423214 0
-0.1191876 0.9798903 0.5578926 1

0.7394157 0.3735861 -0.5600877 0
0.6404483 -0.1338073 0.756255 0
0.2075823 -0.9178937 -0.3382017 0
-0.09642626 0.9923167 0.5386592 1

0.7191022 0.4428627 -0.5355043 0
0.6432652 -0.132715 0.7540534 0
0.2628725 -0.8867127 -0.3803138 0
-0.1731434 0.9631251 0.565746 1

0.7256292 0.410051 -0.5525584 0
0.646359 -0.1308077 0.7517378 0
0.2359717 -0.9026337 -0.3599578 0
-0.1435442 0.9693238 0.5670134 1

0.5251637 0.1770389 -0.8323824 0
0.8509046 -0.1239922 0.5104778 0
-0.01283459 -0.9763622 -0.2157594 0
-0.1130728 0.9635075 0.44665 1

0.5043743 -0.8259109 -0.2519483 0
-0.7238614 -0.5634996 0.3981116 0
-0.4707774 -0.01842141 -0.8820598 0
-0.02146401 0.8644836 0.4763648 1

0.5058538 -0.8273088 -0.2442791 0
-0.7252551 -0.5612097 0.398809 0
-0.4670299 -0.0245742 -0.8839003 0
-0.03270154 0.8922061 0.4849488 1

0.4827836 -0.8274845 -0.2866874 0
-0.725218 -0.5612779 0.3987806 0
-0.4908959 0.01538634 -0.8710824 0
-0.004493929 0.8436162 0.4669228 1

0.4653048 -0.8167737 -0.3411341 0
-0.7183014 -0.5736331 0.3936852 0
-0.5172374 0.06185366 -0.853604 0
0.01392481 0.8345398 0.4489188 1

0.5310478 -0.8457501 -0.05191526 0
-0.5388942 -0.3843833 0.7495617 0
-0.6538972 -0.3700759 -0.6598958 0
-0.03268778 0.9393276 0.4139306 1

0.9501002 0.01460788 -0.3116025 0
0.05850846 0.9728307 0.224003 0
0.3064087 -0.2310567 0.9234319 0
-0.1111478 0.8242983 -0.05223445 1

0.9671021 0.04300735 -0.2507266 0
0.04508998 0.9410194 0.3353348 0
0.2503605 -0.3356083 0.9081227 0
-0.1075536 0.9331447 -0.0361728 1

-0.9592845 0.2707153 -0.0805383 0
-0.2583813 -0.7259673 0.6373465 0
0.1140713 0.6322063 0.766357 0
-0.2026363 0.763358 -0.03605947 1

-0.7930505 -0.3644808 0.4880828 0
0.5390692 -0.7930533 0.2836741 0
0.2836819 0.4880783 0.8254115 0
-0.02503574 0.765196 -0.09043038 1

0.9781349 0.05274091 -0.2011727 0
0.05044422 0.8782582 0.4755186 0
0.2017609 -0.4752694 0.8563946 0
-0.1017626 1.054001 0.006894544 1

-0.97605 0.2091267 0.05993675 0
-0.2172042 -0.9522433 -0.2146048 0
0.01219475 -0.2224835 0.9748603 0
-0.309296 0.4636791 0.2270368 1

-0.8463347 -0.3013222 0.4392296 0
0.05132896 -0.866909 -0.4958167 0
0.5301726 -0.3970817 0.7491617 0
0.1976035 0.4376595 0.02672895 1

0.9877067 0.05269957 -0.1471674 0
0.04758301 0.7954218 0.6041856 0
0.1489005 -0.6037608 0.7831358 0
-0.09435852 1.18291 0.07669043 1

-0.9800413 -0.1521786 0.1279087 0
0.1911894 -0.5452751 0.816163 0
-0.05445699 0.8243283 0.563487 0
-0.3849278 0.1321021 0.15231 1

-0.8981625 0.1248933 0.4215518 0
0.3061033 -0.5106246 0.8034696 0
0.3156026 0.8506847 0.4203936 0
0.2154343 0.1365115 -0.1455085 1

-0.01307522 0.6453145 -0.7638053 0
0.9250616 -0.2821771 -0.2542379 0
-0.3795917 -0.7098911 -0.5932661 0
-0.01963697 1.2995 0.1499313 1

0.07879424 -0.6197279 0.7808514 0
-0.9191089 -0.3484881 -0.1838344 0
0.3860444 -0.7032022 -0.5970563 0
-0.1563185 1.292418 0.1700625 1

-0.9814982 -0.1202054 0.1490367 0
0.1506784 -0.004633475 0.988572 0
-0.118141 0.9927384 0.02266014 0
-0.3474098 0.02510011 0.3124695 1

-0.9045303 0.1070951 0.4127418 0
0.4207207 0.06656323 0.904745 0
0.06942028 0.9920185 -0.1052656 0
0.2725824 0.04118025 0.00449577 1

0.9825219 0.1688571 -0.07834443 0
-0.07411808 0.7409486 0.6674592 0
0.1707545 -0.6499867 0.7405136 0
-0.08650136 1.314255 0.1764568 1

0.3413778 0.2929262 -0.8931156 0
0.3235547 -0.9287482 -0.1809399 0
-0.8824815 -0.2272028 -0.4118317 0
0.1147909 1.258495 0.112986 1

0.5612648 -0.2753843 0.7804778 0
-0.6160308 -0.7687698 0.1717529 0
0.5527096 -0.5771971 -0.6011286 0
-0.2898813 1.241777 0.1433481 1

0.940836 0.1158252 -0.3184524 0
-0.1429045 0.9877328 -0.06294633 0
0.3072551 0.1047306 0.9458466 0
-0.08780941 1.351631 0.2406107 1

0.3165328 -0.8724525 -0.3723353 0
-0.3501501 -0.472262 0.8089275 0
-0.8815905 -0.1256787 -0.4549758 0
0.1828341 1.06318 0.07493458 1

0.5264965 0.8351065 -0.1593703 0
0.6471533 -0.2720954 0.7121493 0
0.5513564 -0.4780811 -0.6836993 0
-0.419412 1.08013 0.179462 1

0.7505344 0.3199356 -0.5782209 0
0.6122029 -0.007185068 0.790668 0
0.2488081 -0.947412 -0.2012582 0
-0.2198364 0.9962184 0.3990818 1

0.5982789 -0.7577598 -0.2605038 0
-0.2506038 -0.4857455 0.8374063 0
-0.7610914 -0.4357192 -0.4805089 0
0.07484956 0.9175368 0.3244037 1

0.7228286 0.3967716 -0.565766 0
0.6272071 -0.03304599 0.7781513 0
0.2900519 -0.9173225 -0.2727446 0
-0.1962417 0.9903373 0.4915361 1

0.3788533 0.1520943 -0.9128734 0
0.9204824 -0.1640629 0.3546767 0
-0.09582452 -0.9746542 -0.2021556 0
-0.1700087 0.9961698 0.3972064 1

0.6826423 0.3642995 -0.6334707 0
0.6853089 -0.01822346 0.7280244 0
0.2536748 -0.9311035 -0.2620977 0
-0.1701684 0.9947302 0.4910842 1

0.6884317 0.3347894 -0.643411 0
0.6871273 -0.01704742 0.7263369 0
0.2322013 -0.9421388 -0.241779 0
-0.1480456 1.004034 0.4778701 1

0.57331 -0.7908521 -0.2141695 0
-0.4840165 -0.5378106 0.6902809 0
-0.6610926 -0.2920832 -0.6911177 0
0.04435764 0.8766761 0.4178126 1

0.510819 -0.8101743 -0.2875443 0
-0.4784832 -0.5458157 0.6878512 0
-0.7142255 -0.2137821 -0.6664679 0
0.08053163 0.8486875 0.3937032 1

0.4488798 -0.8358518 0.3160044 0
-0.750145 -0.160307 0.6415484 0
-0.4855815 -0.525027 -0.6989686 0
0.03532255 0.9264286 0.3523535 1

0.6856121 0.328045 -0.6498635 0
0.6916724 -0.01519286 0.7220517 0
0.226992 -0.9445399 -0.2373159 0
-0.1236841 1.014609 0.459346 1

0.5490256 -0.7986403 -0.2464643 0
-0.4803632 -0.5428257 0.6889059 0
-0.6839753 -0.2598346 -0.6816626 0
0.0637297 0.8580912 0.408201 1

0.5776626 -0.7892409 -0.2083379 0
-0.4846546 -0.536994 0.6904691 0
-0.6568226 -0.2978861 -0.6927106 0
0.02709576 0.9001384 0.4283614 1

0.7028919 0.3334497 -0.6282948 0
0.6909603 -0.1103829 0.7144155 0
0.1688685 -0.9362837 -0.3079877 0
-0.1171606 1.003225 0.5106834 1

0.7047627 0.3261904 -0.6300075 0
0.6903437 -0.1106464 0.7149706 0
0.1635084 -0.9388062 -0.3031628 0
-0.09334511 1.013802 0.4915765 1

0.6952087 0.3631359 -0.6203365 0
0.6929971 -0.1094154 0.7125892 0
0.1908921 -0.9252896 -0.3277187 0
-0.1399756 0.9939275 0.5231586 1

0.6797695 0.3981022 -0.6159772 0
0.7008046 -0.1048749 0.7056022 0
0.216301 -0.9113268 -0.3502825 0
-0.1675907 0.9889666 0.526615 1

0.4575253 0.1387862 -0.8782988 0
0.8813661 -0.2015768 0.4272708 0
-0.1177454 -0.9695903 -0.214548 0
-0.1325445 0.9899542 0.409415 1

0.6589893 -0.7519583 -0.01708771 0
-0.5452514 -0.4932415 0.677801 0
-0.5181061 -0.4373464 -0.7350472 0
0.004604459 0.9224687 0.3766682 1

0.6062109 -0.7553176 -0.2490054 0
-0.6114703 -0.6428535 0.4613497 0
-0.5085393 -0.1274159 -0.8515592 0
0.02327107 0.852848 0.4480534 1

0.6122899 -0.7518056 -0.2447229 0
-0.6090116 -0.6458611 0.4604001 0
-0.5041884 -0.1328592 -0.8533128 0
0.005891904 0.876177 0.4587709 1

0.5824373 -0.7625295 -0.2816301 0
-0.6139637 -0.6397319 0.4623763 0
-0.5327433 -0.09639444 -0.8407692 0
0.04160474 0.8330889 0.4399313 1

0.5414555 -0.7772315 -0.3205266 0
-0.6230236 -0.6269298 0.4677615 0
-0.5645064 -0.05357623 -0.8236882 0
0.0588939 0.8242368 0.4247345 1

0.7061129 0.3327323 -0.6250548 0
0.694707 -0.1546585 0.7024693 0
0.1370641 -0.9302527 -0.3403579 0
-0.08706738 0.9984739 0.5416273 1

0.712743 0.3246668 -0.6217628 0
0.6889098 -0.1573152 0.70757 0
0.1319115 -0.9326541 -0.3357916 0
-0.06523171 1.009364 0.520484 1

0.6980881 0.395296 -0.5970041 0
0.6916023 -0.1564098 0.7051398 0
0.1853616 -0.9051393 -0.3825755 0
-0.1410687 0.9847794 0.5538863 1

0.701531 0.3619325 -0.6138885 0
0.6946049 -0.1547072 0.7025596 0
0.159306 -0.9192774 -0.359932 0
-0.1111732 0.9893796 0.5527759 1

0.4679976 0.1360837 -0.8731892 0
0.8799925 -0.162533 0.4463139 0
-0.08118623 -0.9772738 -0.1958175 0
-0.09043357 0.9801595 0.4305688 1

0.6213947 -0.7398379 -0.2578921 0
-0.6610715 -0.6717545 0.3342606 0
-0.4205387 -0.03722262 -0.9065108 0
-0.00386703 0.8245629 0.4684921 1

0.6226709 -0.7413987 -0.2502179 0
-0.6627898 -0.6697026 0.3349749 0
-0.4159212 -0.04273699 -0.908396 0
-0.01903852 0.8501933 0.4775468 1

0.6019261 -0.7425421 -0.2937963 0
-0.6627428 -0.6697639 0.3349458 0
-0.4454854 -0.006901064 -0.8952628 0
0.01611526 0.8065229 0.4591282 1

0.5858563 -0.7315946 -0.3486287 0
-0.6540046 -0.6808497 0.3297302 0
-0.4785923 0.03483029 -0.877346 0
0.03632694 0.8007167 0.4417303 1

0.6410851 -0.7653752 -0.05666494 0
-0.5130818 -0.4823276 0.7100051 0
-0.5707511 -0.4260996 -0.7019132 0
-0.02209713 0.9000019 0.4088565 1

0.9419501 0.004406486 -0.3357241 0
0.06761496 0.9769387 0.2025318 0
0.3288743 -0.2134748 0.9199295 0
-0.1056651 0.8253338 -0.05399192 1

0.960864 0.02933719 -0.2754626 0
0.05726976 0.9518581 0.3011419 0
0.2710359 -0.3051321 0.9129261 0
-0.101279 0.9344687 -0.04025333 1

-0.9572771 0.2809288 -0.06855381 0
-0.2599642 -0.7322273 0.6294934 0
0.1266458 0.6204211 0.7739758 0
-0.1969303 0.7651073 -0.03427057 1

-0.7811816 -0.3567572 0.5123283 0
0.5450737 -0.7898612 0.2810951 0
0.3043853 0.4988429 0.8114835 0
-0.02075827 0.7651175 -0.09313428 1

0.9732836 0.03771612 -0.2264873 0
0.06615922 0.8985131 0.4339322 0
0.219868 -0.4373233 0.8720129 0
-0.09392378 1.056717 -0.001577415 1

-0.9740169 0.2197895 0.05462295 0
-0.2264241 -0.9501781 -0.2142284 0
0.004816353 -0.2210301 0.9752551 0
-0.3042434 0.4628444 0.2255839 1

-0.8484426 -0.2817877 0.4480418 0
0.03057986 -0.8711826 -0.4900063 0
0.5284038 -0.4020413 0.7477651 0
0.204361 0.4388994 0.02295992 1

0.9841518 0.03708208 -0.1734066 0
0.0670854 0.827353 0.5576618 0
0.1641477 -0.5604569 0.8117535 0
-0.08421303 1.188599 0.06211447 1

-0.9818503 -0.146351 0.120629 0
0.1819833 -0.5479009 0.816509 0
-0.05340424 0.823642 0.56459 0
-0.3830857 0.1319863 0.1509882 1

-0.8971668 0.1399135 0.418947 0
0.2995192 -0.5043909 0.8098633 0
0.3246236 0.852065 0.4106157 0
0.2149838 0.1362668 -0.1472591 1

0.01449123 0.6041145 -0.7967659 0
0.9264897 -0.3077922 -0.2165201 0
-0.3760413 -0.7350574 -0.5641661 0
-0.007025495 1.308514 0.1269471 1

0.08694601 -0.576675 0.8123341 0
-0.9211662 -0.3570311 -0.1548613 0
0.3793329 -0.73483 -0.5622559 0
-0.1432195 1.30358 0.1506981 1

-0.9832752 -0.1142936 0.1417984 0
0.1434584 -0.006390016 0.9896359 0
-0.1122029 0.9934266 0.02267938 0
-0.3473743 0.02446914 0.3112156 1

-0.9037135 0.122189 0.4103322 0
0.420394 0.07178428 0.9044978 0
0.08106422 0.9899079 -0.11624 0
0.2709028 0.0420993 0.003938805 1

0.981015 0.1750778 -0.08340931 0
-0.08253357 0.7661171 0.6373798 0
0.1754923 -0.6183951 0.7660221 0
-0.07313554 1.325216 0.1541986 1

0.3747623 0.1810987 -0.9092616 0
0.3085504 -0.9491932 -0.06187931 0
-0.8742712 -0.2573628 -0.4115997 0
0.1276099 1.263786 0.09548293 1

0.6211978 -0.2537333 0.7414398 0
-0.6207684 -0.7367809 0.267957 0
0.4782886 -0.6267166 -0.6151962 0
-0.2770812 1.251697 0.128194 1

0.9459565 0.1263482 -0.2986677 0
-0.1548666 0.9851802 -0.07373164 0
0.2849256 0.1160006 0.9515048 0
-0.07492887 1.365096 0.216815 1

0.3829859 -0.8137684 -0.4371533 0
-0.2919988 -0.5556185 0.7784761 0
-0.8763895 -0.1704971 -0.4504133 0
0.1924977 1.064172 0.08246978 1

0.5222958 0.8111816 -0.2630433 0
0.7106842 -0.2435686 0.6600018 0
0.471312 -0.5316568 -0.7037089 0
-0.4076082 1.096776 0.1845364 1

0.7128754 0.2744398 -0.6453615 0
0.6672433 0.01782513 0.7446267 0
0.2158585 -0.9614393 -0.1704111 0
-0.1884402 1.021662 0.3880743 1

0.7235759 -0.6346892 -0.2713072 0
-0.188848 -0.5600955 0.8066163 0
-0.6639084 -0.5324119 -0.5251314 0
0.1024468 0.8928221 0.3225479 1

0.6875846 0.3523924 -0.6348602 0
0.6808201 -0.008945489 0.7323962 0
0.2524114 -0.9358098 -0.2460666 0
-0.1583713 1.019784 0.4788017 1

0.3150019 0.09877273 -0.9439375 0
0.940366 -0.16703 0.2963322 0
-0.1283965 -0.980992 -0.1454974 0
-0.1388862 1.02041 0.3826756 1

0.6420304 0.3175532 -0.697823 0
0.7354342 0.002107116 0.6775932 0
0.2166421 -0.9482382 -0.2321868 0
-0.1323203 1.023567 0.4762815 1

0.6465349 0.2874705 -0.7066497 0
0.7371482 0.003158428 0.6757236 0
0.1964822 -0.9577845 -0.2098665 0
-0.1110345 1.031717 0.4610802 1

0.703753 -0.6727809 -0.2282497 0
-0.4095816 -0.6467255 0.6434198 0
-0.5804952 -0.3593216 -0.7306935 0
0.07665154 0.843047 0.4130003 1

0.6477581 -0.6981502 -0.3049525 0
-0.4027154 -0.6535659 0.6408372 0
-0.6467066 -0.2922981 -0.7045085 0
0.1176499 0.8226321 0.3890097 1

0.5734618 -0.7640164 0.2956696 0
-0.7302314 -0.3131102 0.6072267 0
-0.3713539 -0.5641284 -0.7374655 0
0.06123248 0.8936871 0.3494416 1

0.6431322 0.2804832 -0.7125382 0
0.7414072 0.004699155 0.6710392 0
0.1915633 -0.9598477 -0.2049301 0
-0.0878741 1.040827 0.4403664 1

0.6821616 -0.6827105 -0.2618437 0
-0.4051007 -0.6509881 0.6419565 0
-0.6087274 -0.3318449 -0.7206456 0
0.09911762 0.8284141 0.403294 1

0.7075856 -0.6707916 -0.2221748 0
-0.4103526 -0.6460367 0.6436208 0
-0.5752681 -0.3642466 -0.7323871 0
0.05542324 0.8627893 0.4239242 1

0.6620169 0.286549 -0.6925485 0
0.7383608 -0.09071057 0.6682774 0
0.1286726 -0.9537618 -0.2716287 0
-0.07788998 1.031825 0.4916201 1

0.663623 0.2791747 -0.6940218 0
0.7377812 -0.09093287 0.6688875 0
0.1236269 -0.9559253 -0.2663151 0
-0.05531605 1.04092 0.4703642 1

0.6554848 0.3167531 -0.6855708 0
0.7402788 -0.08987952 0.6662649 0
0.1494225 -0.9442402 -0.2934004 0
-0.09991917 1.02366 0.506134 1

0.6410583 0.3522266 -0.6818951 0
0.7476474 -0.08586145 0.658522 0
0.1734002 -0.931968 -0.3183836 0
-0.1273024 1.019492 0.5117852 1

0.3956932 0.08541852 -0.9144019 0
0.9058752 -0.2000662 0.3733143 0
-0.151053 -0.9760519 -0.1565435 0
-0.1007643 1.013964 0.3924947 1

0.7757645 -0.6305079 -0.02548267 0
-0.4736977 -0.6085574 0.6366071 0
-0.4168932 -0.4817859 -0.7707673 0
0.0309483 0.8835246 0.3724652 1

0.7317088 -0.6299911 -0.2602188 0
-0.5114329 -0.7598094 0.4014055 0
-0.4505982 -0.1606273 -0.8781572 0
0.05886874 0.8144709 0.4411802 1

0.7369671 -0.6257771 -0.255505 0
-0.5084766 -0.7623132 0.400413 0
-0.4453439 -0.1651728 -0.8799925 0
0.03754164 0.8340535 0.4522611 1

0.7106054 -0.6391454 -0.2941662 0
-0.514445 -0.7572037 0.402479 0
-0.4799858 -0.1346713 -0.8668781 0
0.08045925 0.79843 0.4328619 1

0.6740072 -0.6581469 -0.3354953 0
-0.5256898 -0.7463923 0.4081041 0
-0.5190033 -0.09869854 -0.8490549 0
0.09940216 0.7933092 0.417926 1

0.6654487 0.2859194 -0.6895131 0
0.7404069 -0.1355903 0.6583412 0
0.09474112 -0.9486126 -0.3019252 0
-0.04574358 1.027922 0.5205524 1

0.6721456 0.2778786 -0.6862974 0
0.7349427 -0.1378642 0.6639674 0
0.08988612 -0.950672 -0.2968897 0
-0.02528457 1.037274 0.4973925 1

0.6606381 0.3499435 -0.6641514 0
0.7374701 -0.1371389 0.66131 0
0.14034 -0.9266784 -0.3486723 0
-0.09897083 1.016052 0.5372838 1

0.6622306 0.3157257 -0.6795352 0
0.7403105 -0.1356322 0.6584411 0
0.1157197 -0.9391067 -0.3235549 0
-0.06915158 1.019924 0.5338259 1

0.4064534 0.08273595 -0.9099181 0
0.9066081 -0.160117 0.390416 0
-0.1133921 -0.9836248 -0.1400893 0
-0.05743212 1.004278 0.4110761 1

0.7444971 -0.611609 -0.2676914 0
-0.55136 -0.7893526 0.2700462 0
-0.3764653 -0.05345415 -0.9248873 0
0.0361308 0.7809935 0.4589709 1

0.7457454 -0.613379 -0.260058 0
-0.5534199 -0.7876552 0.270788 0
-0.3709313 -0.05801737 -0.9268462 0
0.01665341 0.8032998 0.4686046 1

0.7270197 -0.6153992 -0.3045102 0
-0.5533621 -0.787706 0.270758 0
-0.4064886 -0.02834189 -0.9132162 0
0.05910251 0.766987 0.4495717 1

0.7112826 -0.6040965 -0.3593672 0
-0.5427236 -0.7968864 0.2653732 0
-0.4466855 0.006281958 -0.8946688 0
0.0804942 0.7654713 0.4327201 1

0.7615128 -0.6447836 -0.06597601 0
-0.444779 -0.5938989 0.6704147 0
-0.4714552 -0.4811846 -0.7390476 0
0.00749632 0.8554332 0.4027091 1

0.9267302 -0.01228189 -0.3755267 0
0.08092736 0.9825314 0.1675792 0
0.3669086 -0.1856911 0.9115354 0
-0.1001308 0.8245236 -0.05382365 1

0.9466339 0.008767435 -0.3221917 0
0.07611436 0.9652756 0.2498991 0
0.3131948 -0.2610864 0.9130952 0
-0.09463491 0.934016 -0.04384188 1

-0.9545696 0.2950565 -0.04169774 0
-0.2551802 -0.7371354 0.6257112 0
0.1538833 0.6079254 0.7789395 0
-0.1907577 0.7655329 -0.02828214 1

-0.7597021 -0.344421 0.551568 0
0.5569491 -0.7824551 0.2785178 0
0.3356496 0.5187858 0.7862574 0
-0.01726802 0.762549 -0.09456927 1

0.9602279 0.0159653 -0.2787607 0
0.09285122 0.9232879 0.3727172 0
0.2633269 -0.3837767 0.8850843 0
-0.08485948 1.057987 -0.01174712 1

-0.9701363 0.2371976 0.05072495 0
-0.2424884 -0.9432961 -0.2266986 0
-0.005923718 -0.2322287 0.9726433 0
-0.2960959 0.4612439 0.2300111 1

-0.8392875 -0.2702736 0.4717509 0
0.005033538 -0.8715123 -0.4903482 0
0.5436648 -0.4091687 0.7328095 0
0.2127558 0.4393897 0.0204605 1

0.9726879 0.01569575 -0.2315855 0
0.1025292 0.8660496 0.489332 0
0.2082449 -0.4997116 0.8407866 0
-0.07123092 1.193506 0.04295975 1

-0.9847355 -0.1324033 0.1129837 0
0.1678558 -0.5506612 0.8176777 0
-0.04604739 0.8241614 0.5644803 0
-0.3805319 0.1327821 0.1510732 1

-0.8952871 0.1479964 0.4201885 0
0.2997129 -0.4977327 0.8139007 0
0.3295959 0.8546108 0.401257 0
0.2145044 0.1366426 -0.1498773 1

0.009907991 0.542088 -0.8402632 0
0.9242502 -0.3256899 -0.1992175 0
-0.3816586 -0.7746398 -0.5042518 0
0.01006093 1.317264 0.09410943 1

0.1367532 -0.5156515 0.8458143 0
-0.9311055 -0.3583677 -0.06793585 0
0.3381438 -0.7782519 -0.5291339 0
-0.1245599 1.315271 0.1258979 1

-0.9858755 -0.1002661 0.1341503 0
0.1356379 -0.008137818 0.9907253 0
-0.09824435 0.9949276 0.02162267 0
-0.3475928 0.02472335 0.3115299 1

-0.9019276 0.130317 0.4117577 0
0.423337 0.07798611 0.9026095 0
0.08551391 0.9884007 -0.1255057 0
0.2704595 0.0437181 0.002074387 1

0.9778432 0.1600908 -0.1348844 0
-0.04892416 0.8012575 0.5963163 0
0.2035418 -0.5765046 0.7913362 0
-0.05430075 1.336513 0.1237609 1

0.3974214 0.0759906 -0.9144844 0
0.3067475 -0.9502381 0.05434618 0
-0.8648482 -0.3021142 -0.4009548 0
0.1443709 1.269936 0.0651596 1

0.7024671 -0.2378907 0.6707817 0
-0.6100889 -0.6866235 0.3953982 0
0.3665128 -0.6869907 -0.6274648 0
-0.259866 1.263194 0.1160256 1

0.9497628 0.1285651 -0.2853447 0
-0.1583079 0.9838406 -0.08364408 0
0.26998 0.1246146 0.9547679 0
-0.05307607 1.379837 0.1840597 1

0.4405131 -0.7585417 -0.4801694 0
-0.2210715 -0.6100472 0.7609006 0
-0.8701009 -0.2290351 -0.4364257 0
0.2088795 1.070102 0.07658857 1

0.5310596 0.7613836 -0.3718481 0
0.7702065 -0.2508226 0.5864043 0
0.3532106 -0.5978155 -0.7196243 0
-0.3881474 1.11882 0.1991647 1

0.6198719 0.2101932 -0.7560276 0
0.7569821 0.09364673 0.6466902 0
0.2067293 -0.9731647 -0.1010635 0
-0.1506234 1.041468 0.3800059 1

0.8338227 -0.489144 -0.255887 0
-0.1140164 -0.6061392 0.7871438 0
-0.5401298 -0.6271632 -0.5611828 0
0.1407022 0.8819662 0.3112465 1

0.5949607 0.2887476 -0.7500978 0
0.7692802 0.0658187 0.6355124 0
0.2328731 -0.9551403 -0.182968 0
-0.1091292 1.048733 0.4658229 1

0.1896617 0.004672864 -0.9818383 0
0.9730523 -0.1344587 0.1873245 0
-0.1311414 -0.9909083 -0.03004854 0
-0.1021595 1.039795 0.368397 1

0.5422322 0.2476888 -0.8028914 0
0.8162318 0.07146355 0.5732878 0
0.1993744 -0.9662005 -0.1634215 0
-0.08367775 1.052304 0.4595951 1

0.5460212 0.2168848 -0.8092107 0
0.8176755 0.07232666 0.5711178 0
0.1823942 -0.9735143 -0.1378494 0
-0.06464582 1.058942 0.4410396 1

0.8199564 -0.5304506 -0.2151603 0
-0.3122429 -0.7294975 0.6085541 0
-0.4797666 -0.4318055 -0.7637851 0
0.1210578 0.8260006 0.3996008 1

0.7722635 -0.562758 -0.2948094 0
-0.3041806 -0.7349328 0.6060922 0
-0.5577484 -0.3783877 -0.7387418 0
0.1658365 0.813813 0.3768082 1

0.689575 -0.6582218 0.3020439 0
-0.6835121 -0.453665 0.5718386 0
-0.2393696 -0.6007763 -0.7627383 0
0.09908662 0.8748032 0.3365341 1

0.5419968 0.2093364 -0.8138904 0
0.821274 0.07340124 0.5657929 0
0.1781816 -0.9750849 -0.1321391 0
-0.04447749 1.06599 0.4167077 1

0.801743 -0.5429214 -0.2498892 0
-0.3070255 -0.7328536 0.6071746 0
-0.5127802 -0.4100757 -0.7542506 0
0.1460892 0.8158392 0.3904777 1

0.823145 -0.5280175 -0.2088785 0
-0.3131308 -0.728962 0.6087394 0
-0.4736894 -0.4356747 -0.7653795 0
0.09629319 0.8413751 0.4100924 1

0.563198 0.217412 -0.7972078 0
0.8193439 -0.02181365 0.5728872 0
0.1071625 -0.9758363 -0.1904204 0
-0.02785985 1.062176 0.4668773 1

0.5647132 0.2099311 -0.7981405 0
0.8188505 -0.02197515 0.5735862 0
0.1028742 -0.9774693 -0.1843117 0
-0.0083424 1.069153 0.4420879 1

0.5571589 0.2481472 -0.7924625 0
0.8209747 -0.02118351 0.5705717 0
0.1247986 -0.968491 -0.215525 0
-0.04771689 1.055452 0.4848522 1

0.5427883 0.2837778 -0.7904754 0
0.8272263 -0.01794251 0.5615824 0
0.1451813 -0.9587224 -0.2444873 0
-0.07408152 1.051808 0.4943797 1

0.2736704 -0.005480781 -0.9618078 0
0.9492358 -0.1597154 0.2710032 0
-0.1551009 -0.987148 -0.03850668 0
-0.06299918 1.034448 0.373794 1

0.8759459 -0.4823489 -0.007649422 0
-0.3798837 -0.6994689 0.6053361 0
-0.2973335 -0.5273358 -0.795933 0
0.07031281 0.8588246 0.3581499 1

0.8412607 -0.4819434 -0.244972 0
-0.3839388 -0.8515972 0.3568939 0
-0.3806202 -0.2061865 -0.9014517 0
0.1075801 0.7938308 0.4262539 1

0.8455025 -0.4770401 -0.2399135 0
-0.3805497 -0.8535056 0.3559643 0
-0.3745766 -0.2096698 -0.9031782 0
0.08274082 0.8090257 0.4368941 1

0.8234449 -0.4934589 -0.2800659 0
-0.3874044 -0.8496011 0.357905 0
-0.4145557 -0.1862166 -0.8907676 0
0.1319482 0.7820845 0.4184436 1

0.7924222 -0.517125 -0.3234951 0
-0.4005959 -0.8411409 0.3633251 0
-0.4599895 -0.1583162 -0.8736964 0
0.1520065 0.7808025 0.4041578 1

0.5670002 0.2170966 -0.7945942 0
0.8207765 -0.06745669 0.5672526 0
0.06954782 -0.9738167 -0.2164355 0
0.007790789 1.061256 0.4916542 1

0.5741755 0.2094324 -0.7914926 0
0.8161151 -0.06916957 0.5737351 0
0.06541144 -0.9753736 -0.2106362 0
0.02496264 1.068294 0.4652342 1

0.5645165 0.2833234 -0.7752736 0
0.818269 -0.06870767 0.5707146 0
0.1084294 -0.9565603 -0.2706211 0
-0.04266169 1.050997 0.5162159 1

0.5646389 0.2477434 -0.7872778 0
0.8206944 -0.06748863 0.5673678 0
0.08742912 -0.9664724 -0.2414281 0
-0.01359535 1.054572 0.5085669 1

0.2849565 -0.007677705 -0.9585097 0
0.951553 -0.1182558 0.2838356 0
-0.1155287 -0.9929538 -0.02639202 0
-0.01749819 1.026765 0.3874832 1

0.8509107 -0.4612628 -0.2513722 0
-0.4129684 -0.8831251 0.2225925 0
-0.3246668 -0.08559771 -0.9419471 0
0.09045894 0.7562695 0.4420743 1

0.8521537 -0.4630583 -0.243744 0
-0.4153237 -0.8818437 0.2232893 0
-0.31834 -0.08904416 -0.9437851 0
0.06701229 0.7745205 0.4514273 1

0.8358307 -0.4667435 -0.2890289 0
-0.4152566 -0.8818826 0.2232602 0
-0.3590949 -0.06658669 -0.9309229 0
0.1158668 0.7468058 0.4333027 1

0.8204936 -0.4564234 -0.344192 0
-0.4029587 -0.8888518 0.2180983 0
-0.4054807 -0.04025325 -0.9132168 0
0.137769 0.7495686 0.4173134 1

0.8659238 -0.497804 -0.0486539 0
-0.355335 -0.6807113 0.6406007 0
-0.3520128 -0.537423 -0.7663313 0
0.0511876 0.8262331 0.3868875 1

0.9037637 -0.03643406 -0.4264784 0
0.09587397 0.9882858 0.1187402 0
0.4171564 -0.1482013 0.8966699 0
-0.09547476 0.8218787 -0.05048711 1

0.9218076 -0.02082954 -0.3870876 0
0.09789868 0.9786961 0.1804707 0
0.375082 -0.2042546 0.9042088 0
-0.0888024 0.9316569 -0.04572585 1

-0.9494886 0.3137859 -0.003177166 0
-0.2470973 -0.7413772 0.6239414 0
0.1934285 0.5932102 0.7814648 0
-0.1848316 0.7648164 -0.0172493 1

-0.7277151 -0.3271111 0.6028508 0
0.575047 -0.7700438 0.2763214 0
0.3738337 0.5477508 0.7484767 0
-0.0154168 0.7574893 -0.09305482 1

0.9347672 -0.01574809 -0.3549116 0
0.1258728 0.9488899 0.28942 0
0.3322143 -0.3152141 0.8889734 0
-0.07622918 1.057352 -0.02254785 1

-0.9646528 0.259407 0.04640278 0
-0.2625149 -0.9305417 -0.2553002 0
-0.02304694 -0.2584575 0.9657477 0
-0.2868332 0.4587764 0.2403133 1

-0.8192582 -0.2662888 0.5078447 0
-0.02186584 -0.870483 -0.4917125 0
0.5730077 -0.413944 0.7073278 0
0.2220816 0.4394559 0.02106779 1

0.9473994 -0.01585118 -0.319661 0
0.1484231 0.9066414 0.3949329 0
0.2835578 -0.4216042 0.8613043 0
-0.05775377 1.196628 0.01993278 1

-0.9884069 -0.1114427 0.1031151 0
0.1478591 -0.5522189 0.820483 0
-0.03449473 0.8262172 0.5622946 0
-0.3782426 0.1347558 0.1514161 1

-0.894921 0.1518551 0.4195907 0
0.30082 -0.4892022 0.8186503 0
0.329581 0.8588488 0.3921163 0
0.2144858 0.1370664 -0.1497439 1

-0.02570114 0.4587722 -0.8881823 0
0.9204713 -0.3357283 -0.2000488 0
-0.3899646 -0.8226876 -0.4136581 0
0.02809531 1.32376 0.05168395 1

0.2461835 -0.4373559 0.8649356 0
-0.9384226 -0.3307442 0.09985864 0
0.2423986 -0.8362584 -0.4918484 0
-0.1030494 1.326108 0.09564769 1

-0.9890902 -0.07921315 0.1242018 0
0.1252605 -0.008519677 0.9920874 0
-0.07752828 0.9968212 0.018349 0
-0.3492275 0.02639133 0.3124234 1

-0.9015523 0.1341795 0.4113384 0
0.4241803 0.08669587 0.9014181 0
0.08529061 0.9871574 -0.1350771 0
0.2706475 0.04573441 0.003094453 1

0.9651858 0.0945674 -0.2438719 0
0.05077389 0.8468825 0.5293506 0
0.2565901 -0.523304 0.8125973 0
-0.03324533 1.346338 0.08514625 1

0.4167562 0.03545588 -0.9083266 0
0.3469699 -0.929789 0.1229021 0
-0.8401945 -0.366382 -0.3997975 0
0.1618561 1.274973 0.02261331 1

0.7862165 -0.2376507 0.5704259 0
-0.5787119 -0.6068595 0.544807 0
0.2166945 -0.7584482 -0.6146542 0
-0.2394188 1.278045 0.1101589 1

0.9536601 0.1073276 -0.2810925 0
-0.1398998 0.9852599 -0.09844197 0
0.2663838 0.133205 0.9546184 0
-0.02376133 1.394107 0.1412053 1

0.494667 -0.7404014 -0.4550944 0
-0.1877392 -0.602321 0.7758631 0
-0.848563 -0.2983546 -0.4369508 0
0.2348235 1.079439 0.0484595 1

0.5261136 0.6834823 -0.5060204 0
0.8276131 -0.2746392 0.4895203 0
0.1956053 -0.6763321 -0.7101504 0
-0.3611026 1.150442 0.2247136 1

0.4522837 0.1049582 -0.8856769 0
0.8739221 0.1460879 0.4635935 0
0.1780444 -0.9836882 -0.0256521 0
-0.1058751 1.065747 0.3756768 1

0.9207253 -0.3500126 -0.1725009 0
-0.07451034 -0.591635 0.8027556 0
-0.383032 -0.7262639 -0.5708128 0
0.1769256 0.8936868 0.2877317 1

0.4294062 0.1843347 -0.8840991 0
0.8835628 0.1168328 0.4535052 0
0.1868883 -0.9758948 -0.1127026 0
-0.0476262 1.08164 0.4497954 1

-0.01585618 -0.1130725 -0.9934604 0
0.9902883 -0.1390301 1.829863E-05 0
-0.1381231 -0.9838116 0.1141788 0
-0.06083153 1.061412 0.3547338 1

0.3668163 0.1389763 -0.9198542 0
0.9167654 0.1140102 0.3828098 0
0.158074 -0.9837111 -0.0855879 0
-0.02398174 1.083767 0.4381452 1

0.3691156 0.1075581 -0.9231387 0
0.9177361 0.1145787 0.3803053 0
0.1466768 -0.9875745 -0.05641733 0
-0.009138875 1.087707 0.4154568 1

0.9108062 -0.3913398 -0.1314754 0
-0.2354372 -0.7539862 0.6132489 0
-0.3391194 -0.5275965 -0.7788712 0
0.1598398 0.8380222 0.3768055 1

0.8756421 -0.4334298 -0.2130493 0
-0.2264175 -0.7580607 0.6116202 0
-0.4265988 -0.487322 -0.7619259 0
0.2076801 0.8328152 0.3579012 1

0.7625396 -0.5233427 0.3803237 0
-0.6425049 -0.5438922 0.5397859 0
-0.07563797 -0.6559678 -0.7509896 0
0.1351896 0.8804371 0.3102081 1

0.3641891 0.09963792 -0.9259801 0
0.9201691 0.1149363 0.3742709 0
0.14372 -0.9883633 -0.04982522 0
0.005632214 1.091359 0.3868747 1

0.8977453 -0.4076668 -0.1669183 0
-0.2296439 -0.756458 0.612401 0
-0.3759222 -0.511448 -0.7727247 0
0.1868482 0.8319259 0.3699908 1

0.9130352 -0.3882297 -0.1250795 0
-0.2364132 -0.7536023 0.6133456 0
-0.3323791 -0.5304351 -0.779848 0
0.1321252 0.8493431 0.3847724 1

0.3883918 0.1089805 -0.9150275 0
0.9193893 0.02125078 0.3927742 0
0.06224963 -0.9938167 -0.09194186 0
0.03217818 1.092858 0.4327087 1

0.389656 0.1014027 -0.915361 0
0.9190494 0.02118415 0.393573 0
0.05930028 -0.9946198 -0.0849397 0
0.0462181 1.096406 0.4038223 1

0.3835672 0.1402124 -0.9128072 0
0.9205126 0.02156619 0.3901177 0
0.07438486 -0.9898866 -0.1207952 0
0.01640826 1.08879 0.4550104 1

0.37004 0.1762206 -0.9121497 0
0.9247981 0.02358172 0.3797269 0
0.08842561 -0.9840682 -0.1542423 0
-0.007452995 1.086993 0.4700622 1

0.0704374 -0.1231892 -0.9898805 0
0.9840599 -0.1538666 0.08917174 0
-0.1632946 -0.9803823 0.1103875 0
