MeshAnim
1
39
52
30
0.6924266 -0.05984779 -0.7190018 0
-0.005686695 0.99607 -0.08838671 0
0.7214659 0.06529006 0.689365 0
-0.00389976 0.801411 -0.003452624 1

0.7784833 -0.04764486 -0.6258543 0
0.04150924 0.99884 -0.02440719 0
0.6262911 -0.006978145 0.7795581 0
-0.01117301 0.9100754 -0.01950198 1

-0.8524649 0.2390247 0.4649414 0
0.09231287 -0.8065578 0.583903 0
0.5145694 0.5406771 0.6654972 0
-0.067137 0.7462579 0.06938071 1

-0.3361137 -0.3009306 0.8924508 0
0.4831034 -0.8685101 -0.110912 0
0.8084792 0.393867 0.4372987 0
0.06418302 0.7353909 -0.06153337 1

0.7907948 -0.03402182 -0.6111349 0
0.05394121 0.9984429 0.01421551 0
0.6096995 -0.04420691 0.7913988 0
-0.00584194 1.038357 -0.02263661 1

-0.7832616 0.2212175 0.5810026 0
-0.4480362 -0.8487591 -0.2808406 0
0.4310045 -0.4802819 0.763914 0
-0.02903029 0.4133113 0.3104155 1

-0.2557871 -0.4432197 0.8591446 0
-0.4448634 -0.7350577 -0.5116512 0
0.8582945 -0.5130758 -0.009154022 0
0.2637081 0.3766903 -0.1073408 1

0.8028435 -0.021473 -0.5958029 0
0.06600881 0.9964086 0.05303576 0
0.5925243 -0.0819077 0.8013776 0
0.002075468 1.184907 -0.02055008 1

-0.6298841 -0.02722129 0.7762119 0
0.6433014 -0.5782826 0.5017493 0
0.4352114 0.8153822 0.3817626 0
-0.1850394 0.1177679 0.212625 1

-0.2721805 -0.06661924 0.9599374 0
0.7815855 -0.5972147 0.1801641 0
0.5612862 0.7993103 0.2146187 0
0.1091709 0.121345 -0.2850789 1

-0.4090596 0.1228614 -0.9041986 0
0.8585624 -0.2838284 -0.42698 0
-0.3090966 -0.9509713 0.01061855 0
0.06575316 1.323618 -0.0558367 1

0.5043359 -0.1028659 0.8573586 0
-0.8059366 -0.4125393 0.4245908 0
0.3100182 -0.9051132 -0.2909618 0
-0.04549223 1.32664 0.0263374 1

-0.6131213 0.006899931 0.7899585 0
0.7897633 -0.01852919 0.6131316 0
0.01886784 0.9998044 0.005911395 0
-0.05880129 0.004288793 0.3110856 1

-0.2837772 -0.08322787 0.9552715 0
0.9588187 -0.03680351 0.2816244 0
0.01171815 0.9958509 0.09024446 0
0.2550894 0.009847641 -0.251443 1

0.9032278 -0.1368063 -0.4067715 0
0.1883139 0.978049 0.08920758 0
0.3856384 -0.1571756 0.9091639 0
0.01297519 1.34944 -0.01179254 1

0.07813424 -0.5530872 -0.8294513 0
0.3548031 -0.7620951 0.5415957 0
-0.9316704 -0.3366091 0.1366913 0
0.1905175 1.282373 -0.1178844 1

0.1588618 0.6888471 0.7072853 0
-0.2074637 -0.6770974 0.706044 0
0.9652573 -0.2588995 0.03534582 0
-0.1626091 1.266691 0.08803798 1

0.9843081 -0.1656748 -0.06073886 0
0.1753993 0.9562606 0.2340962 0
0.0192984 -0.2410764 0.9703141 0
0.03513777 1.414888 0.01540747 1

0.2160456 -0.6198722 0.7543758 0
-0.2482715 0.7123511 0.6564429 0
-0.9442911 -0.3291114 3.784895E-06 0
0.2651322 1.122105 -0.003987486 1

0.04529071 0.4893964 -0.8708847 0
0.2907184 0.8275899 0.4801856 0
0.955736 -0.2749302 -0.1047944 0
-0.2062318 1.12432 0.2364954 1

0.1588431 0.4248088 -0.8912388 0
0.5838841 0.6875035 0.4317624 0
0.7961459 -0.5889625 -0.1388339 0
-0.1165771 1.37954 0.3845799 1

0.09264493 -0.4950237 0.8639261 0
-0.4528266 0.7517911 0.4793308 0
-0.8867722 -0.4356166 -0.1545103 0
0.1885666 1.341791 0.1984562 1

0.1385589 0.5836877 -0.8000688 0
0.966206 0.09763956 0.238564 0
0.2173651 -0.8060865 -0.5504336 0
-0.07711779 1.427991 0.4569308 1

-0.3291597 -0.1893472 -0.9250954 0
0.822973 0.4228403 -0.3793697 0
0.4630001 -0.8862019 0.01664555 0
-0.08331398 1.408283 0.361048 1

0.1551598 0.4642078 -0.8720303 0
0.942418 0.1951731 0.2715804 0
0.2962663 -0.8639553 -0.4071948 0
-0.0627281 1.446295 0.4443932 1

0.1378901 0.4309813 -0.8917632 0
0.9469823 0.2064295 0.2461938 0
0.2901911 -0.8784318 -0.3796671 0
-0.05715368 1.460325 0.4215307 1

0.05839515 -0.4834321 0.873432 0
-0.8972083 0.3582202 0.2582545 0
-0.4377296 -0.7987314 -0.4128208 0
0.1430564 1.428699 0.2396918 1

0.02156737 -0.651239 0.7585663 0
-0.9350764 0.2553577 0.2458138 0
-0.3537893 -0.714619 -0.6034508 0
0.1580262 1.39424 0.2752112 1

-0.3087531 0.2023289 0.9293731 0
-0.7418883 0.5602313 -0.3684327 0
-0.5952083 -0.8032461 -0.02286761 0
0.1606164 1.376666 0.1778367 1

0.1433965 0.4120572 -0.8998035 0
0.9720471 0.1121506 0.2062679 0
0.1859076 -0.9042296 -0.3844571 0
-0.05208141 1.474347 0.3927883 1

0.06895095 -0.5267142 0.8472413 0
-0.8945466 0.3433069 0.2862284 0
-0.4416243 -0.7776327 -0.447499 0
0.14922 1.41272 0.2624896 1

0.07109782 -0.4674425 0.8811599 0
-0.9379485 0.2692615 0.2185193 0
-0.3394077 -0.8420189 -0.4192932 0
0.1413098 1.446236 0.2142137 1

0.3230796 0.3073348 -0.895078 0
0.1672925 -0.9494522 -0.2656202 0
-0.9314684 -0.0639236 -0.3581636 0
-0.01449055 1.469576 0.4327343 1

0.3109144 0.2954072 -0.9033641 0
0.1939941 -0.9501867 -0.2439508 0
-0.9304295 -0.09939962 -0.3527339 0
-0.00910858 1.479143 0.4022879 1

0.3754652 0.2634056 -0.8886189 0
-0.1320794 -0.9337742 -0.3325975 0
-0.9173771 0.242247 -0.3158092 0
-0.02120795 1.454894 0.456358 1

0.3716371 0.4357211 -0.8197762 0
0.2712808 -0.8954478 -0.352959 0
-0.8878583 -0.091217 -0.4509846 0
-0.03329279 1.432601 0.467485 1

0.2204113 0.2267809 -0.9486777 0
0.8723094 0.3893711 0.2957471 0
0.4364574 -0.8927266 -0.1120013 0
-0.05122324 1.424729 0.3439901 1

0.2022955 -0.3357122 0.9199858 0
-0.7896177 0.4997681 0.3559994 0
-0.5792929 -0.7984542 -0.1639834 0
0.1323404 1.398104 0.160768 1

0.2513988 -0.4011122 0.880856 0
-0.3300192 -0.8910714 -0.3115754 0
0.9098824 -0.2123697 -0.3563891 0
0.1036889 1.444289 0.2512714 1

0.2431183 -0.384627 0.8904805 0
-0.3557723 -0.8894045 -0.2870294 0
0.9023964 -0.2470262 -0.3530701 0
0.09993158 1.457968 0.2241475 1

0.3186741 -0.3703223 0.8725298 0
-0.03258646 -0.924258 -0.3803755 0
0.947304 0.09278309 -0.3066046 0
0.1080181 1.428532 0.2756733 1

0.299342 -0.5434247 0.784273 0
-0.4246175 -0.8119545 -0.4005371 0
0.8544556 -0.2131184 -0.4737998 0
0.1159032 1.40585 0.2861573 1

0.288511 0.1950679 -0.9373954 0
-0.6505652 -0.6783888 -0.3414004 0
-0.7025146 0.7083346 -0.06881821 0
-0.007185227 1.428385 0.4210871 1

0.2765291 0.1826184 -0.9434946 0
-0.6292806 -0.7076088 -0.3213975 0
-0.726318 0.6825985 -0.08075604 0
-0.001191086 1.440642 0.392253 1

0.1177153 0.1999014 -0.9727193 0
-0.9577913 0.281542 -0.0580498 0
0.2622571 0.9384956 0.2246057 0
-0.02307356 1.398144 0.4543356 1

0.2594676 0.1333493 -0.9565014 0
-0.9247667 -0.2511626 -0.2858745 0
-0.2783583 0.9587154 0.05814837 0
-0.02669769 1.416084 0.4425347 1

0.4961784 0.2043725 -0.8438239 0
0.5696136 0.6568664 0.4940313 0
0.6552459 -0.7257814 0.2095096 0
-0.009388751 1.443316 0.3588614 1

0.2359806 -0.2941144 0.9261804 0
0.523425 -0.7645501 -0.3761507 0
0.8187425 0.5735503 -0.0264723 0
0.08905544 1.404968 0.2373422 1

0.2315206 -0.2883983 0.9290988 0
0.4946673 -0.7874652 -0.3676997 0
0.8376769 0.5447248 -0.03965312 0
0.08540493 1.421975 0.2122021 1

0.2277649 -0.2267381 0.9469493 0
0.8674327 -0.3945656 -0.3031144 0
0.4423611 0.8904538 0.1068118 0
0.1066666 1.390154 0.259884 1

0.06490251 -0.2513812 0.9657098 0
0.9932835 0.1091716 -0.03833729 0
-0.09579065 0.9617118 0.2567783 0
0.1004801 1.375673 0.2719171 1

0.4755284 -0.3598015 0.8027552 0
-0.4379334 0.6945978 0.5707434 0
-0.7629462 -0.6229581 0.172732 0
0.09461345 1.422243 0.1765111 1

0.6897722 -0.08028276 -0.7195616 0
-0.001244944 0.9937004 -0.1120623 0
0.7240253 0.0781933 0.6853271 0
-0.003582277 0.8054353 -0.004428847 1

0.7685925 -0.05919791 -0.6369939 0
0.03433942 0.9980916 -0.05132218 0
0.6388164 0.01757183 0.7691585 0
-0.01039187 0.9137208 -0.02303813 1

-0.8410826 0.2390417 0.4852205 0
0.09506975 -0.8177565 0.5676582 0
0.5324863 0.5235773 0.6650753 0
-0.06684154 0.7523369 0.06989703 1

-0.3306731 -0.301464 0.8943014 0
0.4805651 -0.8693387 -0.1153575 0
0.8122269 0.3916244 0.43234 0
0.06399524 0.7377238 -0.06113629 1

0.7849861 -0.03321241 -0.6186224 0
0.05593998 0.9982826 0.01738822 0
0.6169825 -0.04825523 0.7854961 0
-0.005981624 1.041907 -0.02962949 1

-0.779759 0.2327954 0.58119 0
-0.4509272 -0.8528107 -0.2633978 0
0.4343274 -0.4674611 0.7699609 0
-0.02759682 0.4147676 0.304226 1

-0.2564657 -0.4371742 0.8620349 0
-0.4394213 -0.7416311 -0.5068455 0
0.8608915 -0.508785 -0.001900762 0
0.2624719 0.3786809 -0.1087798 1

0.8012754 -0.009197332 -0.5982251 0
0.07596131 0.9933541 0.08647203 0
0.593454 -0.1147299 0.7966489 0
0.002229162 1.188433 -0.02707727 1

-0.6298406 -0.0273944 0.776241 0
0.6435534 -0.5779749 0.5017807 0
0.434902 0.8155944 0.381662 0
-0.1846126 0.1178135 0.2125092 1

-0.2734939 -0.06490544 0.9596814 0
0.7820097 -0.5959315 0.1825559 0
0.5600555 0.8004081 0.2137404 0
0.1098252 0.1210523 -0.2848484 1

-0.3627345 0.1798151 -0.9143797 0
0.8599472 -0.3134589 -0.4027836 0
-0.359047 -0.9324217 -0.04092922 0
0.06719539 1.327626 -0.05782311 1

0.5240915 -0.1290582 0.8418267 0
-0.8055668 -0.3959009 0.4408231 0
0.2763879 -0.9091792 -0.3114534 0
-0.04383311 1.32896 0.02468841 1

-0.6130909 0.006734878 0.7899836 0
0.7897964 -0.01815198 0.6131005 0
0.01846899 0.9998125 0.005809657 0
-0.05832502 0.00439471 0.3109761 1

-0.2850647 -0.08153723 0.9550339 0
0.9584515 -0.03510334 0.2830879 0
0.01044264 0.996052 0.08815632 0
0.255823 0.009794414 -0.250766 1

0.8921109 -0.1062286 -0.4391511 0
0.1857566 0.9722564 0.14217 0
0.4118648 -0.2084066 0.887093 0
0.0147723 1.352461 -0.01279856 1

0.1037371 -0.5197231 -0.8480135 0
0.3882679 -0.763803 0.5156097 0
-0.9156893 -0.3827441 0.122557 0
0.1921609 1.282075 -0.1163547 1

0.227529 0.6188298 0.7518514 0
-0.2019959 -0.725314 0.6581167 0
0.9525903 -0.3016112 -0.04002881 0
-0.1608962 1.271429 0.0887478 1

0.9858968 -0.1519503 -0.07013318 0
0.1660239 0.9407734 0.2956037 0
0.02106231 -0.3030786 0.9527329 0
0.03735723 1.416322 0.01763381 1

0.240569 -0.6295079 0.7388146 0
-0.2835568 0.6823843 0.6737566 0
-0.9282901 -0.3715805 -0.01434082 0
0.2738132 1.121449 -0.00792258 1

0.0181244 0.5490254 -0.8356094 0
0.3551589 0.7777071 0.5186849 0
0.9346303 -0.3061747 -0.1808957 0
-0.2033692 1.11892 0.2271278 1

0.05478051 0.5142017 -0.8559182 0
0.6268104 0.6495501 0.4303412 0
0.7772437 -0.5600725 -0.2867243 0
-0.09384181 1.358757 0.387085 1

0.0690926 -0.5346726 0.8422304 0
-0.4823147 0.7211186 0.4973541 0
-0.873269 -0.4405835 -0.2080565 0
0.1863658 1.331892 0.1998606 1

0.04444721 0.6628368 -0.7474437 0
0.986737 0.08779724 0.1365359 0
0.1561244 -0.7435987 -0.6501433 0
-0.04657114 1.400312 0.4590417 1

-0.431712 -0.1007531 -0.896367 0
0.7728944 0.47101 -0.425187 0
0.4650366 -0.8763552 -0.1254692 0
-0.06357809 1.390207 0.3629743 1

0.0531688 0.551421 -0.8325313 0
0.9665172 0.1811684 0.1817212 0
0.2510332 -0.8143174 -0.5233254 0
-0.03376838 1.419993 0.4468748 1

0.0338822 0.5200799 -0.8534455 0
0.9681202 0.1949762 0.1572512 0
0.2481845 -0.8315655 -0.4968936 0
-0.03088444 1.436322 0.4250657 1

0.03433263 -0.5240543 0.8509928 0
-0.9118038 0.3322032 0.2413618 0
-0.4091889 -0.7842249 -0.4664292 0
0.1379596 1.416038 0.2434607 1

0.004485577 -0.6866516 0.7269732 0
-0.9475003 0.2295171 0.2226332 0
-0.319724 -0.6898058 -0.6495733 0
0.1521833 1.380129 0.2778329 1

-0.3458075 0.152773 0.9257852 0
-0.737003 0.5664278 -0.3687637 0
-0.5807273 -0.8098274 -0.08328085 0
0.1586204 1.367308 0.1798965 1

0.03850457 0.5021404 -0.8639287 0
0.9888101 0.1055534 0.1054209 0
0.1441266 -0.8583202 -0.4924572 0
-0.02916894 1.453225 0.3975007 1

0.04654723 -0.5658654 0.8231832 0
-0.9099227 0.3159997 0.2686737 0
-0.4121584 -0.7615389 -0.5001848 0
0.1435466 1.399071 0.2656861 1

0.04648045 -0.5082719 0.8599417 0
-0.9496 0.2446765 0.1959435 0
-0.3099999 -0.825708 -0.4712823 0
0.1368586 1.434755 0.2187991 1

0.2179281 0.4001852 -0.8901457 0
0.1393297 -0.9154823 -0.3774647 0
-0.9659686 -0.04176378 -0.2552671 0
0.01274391 1.445047 0.4322562 1

0.2049409 0.3889649 -0.898168 0
0.1683281 -0.9179798 -0.3591362 0
-0.9641914 -0.07758541 -0.2536054 0
0.01458886 1.457692 0.4025212 1

0.2708648 0.3566227 -0.8941213 0
-0.1657768 -0.8976849 -0.4082645 0
-0.9482355 0.2588088 -0.1840315 0
0.008813433 1.427975 0.4548807 1

0.2742893 0.5211074 -0.8082159 0
0.2325002 -0.8514513 -0.4700791 0
-0.933118 -0.0589728 -0.3547014 0
-0.001845904 1.404502 0.4649897 1

0.1101106 0.3238642 -0.9396744 0
0.8989263 0.3708968 0.2331674 0
0.4240367 -0.8703719 -0.2502902 0
-0.03369791 1.408758 0.3441518 1

0.1739937 -0.3766615 0.9098643 0
-0.8101941 0.4704344 0.349682 0
-0.5597427 -0.7980087 -0.2233162 0
0.1306398 1.389129 0.1628248 1

0.2255605 -0.439375 0.8695246 0
-0.303754 -0.8797519 -0.3657472 0
0.9256656 -0.1816233 -0.331899 0
0.09794479 1.430474 0.2542927 1

0.2166644 -0.4234956 0.8796072 0
-0.3304113 -0.8796462 -0.3421276 0
0.9186322 -0.2165054 -0.3305157 0
0.09495807 1.445389 0.2277295 1

0.2925815 -0.4072394 0.8651896 0
-0.003500193 -0.9052322 -0.4249036 0
0.9562345 0.1212904 -0.2662795 0
0.1016364 1.413625 0.2780611 1

0.2793297 -0.5761518 0.7681305 0
-0.39632 -0.7978315 -0.4543083 0
0.8745888 -0.1775237 -0.4511985 0
0.1095035 1.390582 0.2877401 1

0.1791648 0.2922093 -0.9394222 0
-0.6827973 -0.6505274 -0.3325697 0
-0.7082998 0.7010193 0.08296806 0
0.01882171 1.405343 0.4157528 1

0.1666104 0.2802538 -0.9453566 0
-0.6592687 -0.6812788 -0.3181573 0
-0.7332163 0.6762521 0.07125446 0
0.02144889 1.420512 0.3878143 1

0.005440891 0.2979839 -0.9545556 0
-0.9591669 0.2715007 0.07928735 0
0.2827889 0.9151465 0.2872935 0
0.006931834 1.37169 0.4473534 1

0.1483542 0.2322824 -0.961268 0
-0.9504097 -0.2351747 -0.2035064 0
-0.2733366 0.9437889 0.1858743 0
0.001923196 1.390665 0.4379126 1

0.3961044 0.2952257 -0.8694503 0
0.6198348 0.6126246 0.490404 0
0.6774263 -0.7331663 0.05967197 0
0.009491719 1.42639 0.3560053 1

0.2067434 -0.3349224 0.9192851 0
0.5492925 -0.7378014 -0.3923361 0
0.8096514 0.5860688 0.0314348 0
0.08447699 1.391661 0.2379707 1

0.2020864 -0.3294195 0.9223039 0
0.5206245 -0.7615151 -0.3860647 0
0.8295251 0.5581922 0.01761198 0
0.08146992 1.409805 0.2135502 1

0.1966703 -0.2687524 0.9429176 0
0.8842885 -0.3667761 -0.2889811 0
0.4235037 0.8906446 0.1655208 0
0.1014925 1.376037 0.260423 1

0.03365645 -0.2966495 0.9543936 0
0.9920983 0.1254029 0.003992319 0
-0.1208681 0.9467176 0.2985261 0
0.09510823 1.360904 0.2715136 1

0.451689 -0.3910762 0.8018962 0
-0.4698386 0.6598106 0.5864316 0
-0.7584385 -0.6416462 0.1142864 0
0.09197184 1.411926 0.1782808 1

0.6975163 -0.112157 -0.7077371 0
0.003830019 0.9882443 -0.1528351 0
0.7165587 0.1038943 0.6897461 0
-0.002307314 0.8093197 -0.002430179 1

0.7697344 -0.08841328 -0.632212 0
0.02759519 0.9940452 -0.1054169 0
0.6377677 0.06369701 0.7675905 0
-0.008491376 0.9167699 -0.02555285 1

-0.8388083 0.232664 0.4922074 0
0.09149891 -0.8309779 0.5487294 0
0.536683 0.5053152 0.6757425 0
-0.06660265 0.7595392 0.07328982 1

-0.333443 -0.3074635 0.891225 0
0.4713844 -0.8730488 -0.1248291 0
0.8164635 0.3784862 0.4360456 0
0.06564401 0.7391042 -0.05553087 1

0.791368 -0.05211281 -0.609115 0
0.05895039 0.998222 -0.008813966 0
0.6084913 -0.02893246 0.7930329 0
-0.004947303 1.044436 -0.03909163 1

-0.7789524 0.2379634 0.580178 0
-0.4485865 -0.8579502 -0.2503831 0
0.4381818 -0.4552967 0.7750496 0
-0.02883195 0.4165121 0.299805 1

-0.2701885 -0.4332585 0.859817 0
-0.4328647 -0.7430263 -0.5104313 0
0.8600155 -0.510097 0.01321486 0
0.260329 0.3785289 -0.1070862 1

0.8129683 -0.01911949 -0.5819941 0
0.08688742 0.9922549 0.08877293 0
0.5757892 -0.1227375 0.808333 0
0.003705344 1.190953 -0.04038533 1

-0.6298841 -0.02722161 0.776212 0
0.6433005 -0.5782849 0.5017484 0
0.4352132 0.8153808 0.381764 0
-0.1850326 0.1177683 0.2126199 1

-0.2738613 -0.06351832 0.9596695 0
0.7823022 -0.5951476 0.1838545 0
0.5594669 0.8011022 0.2126784 0
0.1099599 0.1204156 -0.2844005 1

-0.2930281 0.2040598 -0.9340739 0
0.8629916 -0.3640854 -0.3502677 0
-0.4115582 -0.9087361 -0.0694147 0
0.07104969 1.329321 -0.06970742 1

0.5234652 -0.1285969 0.842287 0
-0.8176546 -0.3538412 0.4541335 0
0.2396356 -0.926423 -0.2903714 0
-0.0415906 1.332031 0.01055516 1

-0.6131213 0.00689958 0.7899587 0
0.7897635 -0.01853185 0.6131317 0
0.0188698 0.9998047 0.005913101 0
-0.0587947 0.004288793 0.3110804 1

-0.2854199 -0.08016484 0.9550441 0
0.9583527 -0.03404741 0.2835508 0
0.009786025 0.9962 0.08654404 0
0.2560123 0.009304106 -0.2500757 1

0.8898282 -0.07906629 -0.4493934 0
0.1747378 0.9688419 0.1755341 0
0.4215123 -0.2347212 0.8759186 0
0.01805265 1.3548 -0.02572668 1

0.1500842 -0.5030043 -0.851153 0
0.4271089 -0.7434394 0.5146612 0
-0.8916574 -0.4407775 0.1032591 0
0.1964576 1.276413 -0.1206075 1

0.2990065 0.5624651 0.7708622 0
-0.1791065 -0.7603824 0.6242913 0
0.9372919 -0.3247336 -0.126618 0
-0.1604103 1.280611 0.07654882 1

0.989904 -0.1219664 -0.07220963 0
0.1403942 0.9137489 0.3812513 0
0.01948172 -0.3875399 0.9216472 0
0.04008133 1.417815 0.006804666 1

0.2607992 -0.6078301 0.7500178 0
-0.3438061 0.6674891 0.6604968 0
-0.9020984 -0.4301175 -0.03489524 0
0.2862782 1.120069 -0.01237484 1

-0.007301152 0.6271228 -0.7788865 0
0.4127738 0.7113411 0.5688692 0
0.9108043 -0.3173506 -0.2640533 0
-0.1980705 1.120728 0.2078165 1

-0.08691463 0.6388681 -0.7643909 0
0.6444684 0.6211668 0.4458844 0
0.7596755 -0.4538718 -0.4657186 0
-0.07077515 1.340098 0.38325 1

0.05227506 -0.5457895 0.8362902 0
-0.5474262 0.6847387 0.4811009 0
-0.8352199 -0.4829564 -0.2629848 0
0.1802501 1.325919 0.191319 1

-0.09027685 0.768508 -0.6334399 0
0.9902835 0.1368231 0.02486411 0
0.1057774 -0.6250404 -0.7733924 0
-0.01649966 1.373715 0.4544062 1

-0.542088 0.003625153 -0.8403141 0
0.6836758 0.5833395 -0.4385236 0
0.4885984 -0.8122205 -0.3186996 0
-0.04567467 1.376882 0.3608163 1

-0.08729661 0.6719647 -0.7354203 0
0.9715109 0.220708 0.08634308 0
0.2203324 -0.7069314 -0.6720879 0
-0.00647344 1.395859 0.4439925 1

-0.1075685 0.6427999 -0.7584441 0
0.9691084 0.2380947 0.06434456 0
0.221942 -0.728093 -0.6485542 0
-0.007381666 1.415426 0.4248385 1

0.01656047 -0.5372214 0.8432788 0
-0.9404073 0.2781273 0.1956523 0
-0.3396472 -0.7962654 -0.5006011 0
0.125009 1.406512 0.2334828 1

0.002455205 -0.6988486 0.7152656 0
-0.9693577 0.174037 0.1733695 0
-0.2456416 -0.6937739 -0.677007 0
0.1392833 1.370786 0.2680237 1

-0.4035578 0.1166699 0.9074854 0
-0.7457165 0.5327464 -0.4001111 0
-0.5301402 -0.8381943 -0.1279914 0
0.1517368 1.360157 0.1704056 1

-0.1034732 0.627005 -0.7721129 0
0.987253 0.1591299 -0.003080964 0
0.1209343 -0.7625895 -0.635478 0
-0.01024659 1.436335 0.4002811 1

0.03254125 -0.5777893 0.8155371 0
-0.9391326 0.2615421 0.2227694 0
-0.3420108 -0.7731467 -0.5341097 0
0.1302973 1.389459 0.255715 1

0.02732095 -0.5209781 0.853133 0
-0.970827 0.1895564 0.1468453 0
-0.2382196 -0.8322563 -0.5006006 0
0.1242302 1.425599 0.2090941 1

0.07583871 0.5432176 -0.8361599 0
0.1345332 -0.8364819 -0.5312248 0
-0.9880031 -0.07220406 -0.1365186 0
0.03630834 1.426079 0.4278301 1

0.06248987 0.532421 -0.8441701 0
0.1658147 -0.8396066 -0.5172683 0
-0.9841753 -0.1076519 -0.1407504 0
0.03350038 1.443123 0.4004607 1

0.1299407 0.50464 -0.8534952 0
-0.1724578 -0.8361701 -0.5206521 0
-0.9764088 0.2148457 -0.02162358 0
0.03632836 1.405583 0.4477964 1

0.1363545 0.6542662 -0.7438706 0
0.211036 -0.7528322 -0.6234643 0
-0.9679211 -0.07197137 -0.2407258 0
0.02834321 1.38016 0.4553306 1

-0.03356129 0.4676311 -0.8832867 0
0.9017283 0.3952929 0.1750144 0
0.4309989 -0.7906107 -0.4349425 0
-0.01958065 1.400127 0.3415804 1

0.144532 -0.3836537 0.9120968 0
-0.8525652 0.4195799 0.3115857 0
-0.5022382 -0.822656 -0.266447 0
0.1235754 1.380756 0.1521538 1

0.201574 -0.4427404 0.8736984 0
-0.2347828 -0.8878438 -0.3957407 0
0.9509181 -0.1253584 -0.282914 0
0.08373362 1.418571 0.242306 1

0.1912865 -0.4275529 0.8835204 0
-0.2626527 -0.8896125 -0.3736354 0
0.9457396 -0.1605879 -0.2824688 0
0.08138639 1.433796 0.215855 1

0.2668725 -0.4069715 0.8735867 0
0.06919098 -0.8960322 -0.4385652 0
0.9612451 0.1774851 -0.2109675 0
0.08704174 1.401505 0.2659757 1

0.2681903 -0.5745134 0.7733101 0
-0.326732 -0.8093839 -0.4880003 0
0.9062673 -0.1217886 -0.4047808 0
0.09561938 1.378742 0.2757139 1

0.03644368 0.4413186 -0.8966103 0
-0.6867321 -0.6407422 -0.3432914 0
-0.725997 0.6282419 0.2797165 0
0.04215996 1.389824 0.4046566 1

0.02384079 0.4295161 -0.9027445 0
-0.6599319 -0.6715375 -0.3369388 0
-0.7509474 0.6037828 0.2674412 0
0.04023659 1.409144 0.3793471 1

-0.1378065 0.4368384 -0.8889216 0
-0.9526188 0.1872481 0.2396996 0
0.271159 0.8798357 0.3903366 0
0.03635972 1.351065 0.4317962 1

0.006115675 0.3832773 -0.9236133 0
-0.9557033 -0.2695611 -0.1181898 0
-0.2942695 0.8834229 0.3646507 0
0.02916051 1.370829 0.4261571 1

0.2603531 0.449371 -0.8545656 0
0.6475117 0.5752806 0.4997814 0
0.716202 -0.6834605 -0.1411968 0
0.02384036 1.418837 0.3505971 1

0.1743868 -0.3403966 0.9239696 0
0.6093971 -0.6997499 -0.372808 0
0.7734499 0.6280769 0.08540967 0
0.07331906 1.379401 0.2246574 1

0.1692782 -0.3352094 0.9268117 0
0.5817708 -0.7250839 -0.3685063 0
0.7955426 0.6015718 0.07227418 0
0.0706581 1.397809 0.200395 1

0.1594356 -0.2753162 0.9480409 0
0.9174595 -0.3132364 -0.2452581 0
0.3644841 0.9088918 0.2026507 0
0.08991602 1.364299 0.2477705 1

-0.002189964 -0.3121492 0.950031 0
0.9820567 0.1784816 0.06090719 0
-0.1885752 0.9331173 0.3061574 0
0.08377489 1.34864 0.2582521 1

0.4280676 -0.3810976 0.819465 0
-0.5364836 0.6225407 0.5697619 0
-0.7272851 -0.6835262 0.0620369 0
0.08293351 1.401149 0.165799 1

0.7290385 -0.1621075 -0.6649993 0
0.007714473 0.9734341 -0.2288375 0
0.6844292 0.1617012 0.7109215 0
0.001003545 0.8138247 0.004765297 1

0.7973219 -0.1533037 -0.58376 0
0.02482382 0.974715 -0.2220688 0
0.6030436 0.1625692 0.7809672 0
-0.004458281 0.9191174 -0.0268898 1

-0.8638412 0.2092306 0.4582588 0
0.07472134 -0.8463901 0.527296 0
0.498192 0.4897417 0.7155124 0
-0.06648737 0.7696427 0.08117501 1

-0.3545719 -0.3245125 0.8769095 0
0.4473834 -0.8824026 -0.1456492 0
0.8210523 0.3406716 0.4580567 0
0.07149154 0.7401503 -0.03962879 1

0.8255628 -0.113604 -0.552757 0
0.0637095 0.9920276 -0.1087315 0
0.5607024 0.05454881 0.8262186 0
-0.001270137 1.044301 -0.05541029 1

-0.7904347 0.2304778 0.5675325 0
-0.4293333 -0.8693001 -0.2449297 0
0.436905 -0.4372617 0.7860766 0
-0.03564245 0.4202535 0.2988425 1

-0.3068543 -0.4380663 0.8449487 0
-0.4234344 -0.7322419 -0.5334089 0
0.8523753 -0.5214592 0.03919926 0
0.2562639 0.375712 -0.09978293 1

0.8529185 -0.07880929 -0.5160613 0
0.09664876 0.9952884 0.007742345 0
0.5130196 -0.05648028 0.8565167 0
0.008081042 1.189909 -0.07136974 1

-0.6344074 -0.02131955 0.772705 0
0.6392149 -0.5765622 0.5089015 0
0.4346627 0.8167755 0.3794028 0
-0.185139 0.1175576 0.2135564 1

-0.2720219 -0.05926795 0.9604641 0
0.7800142 -0.5980963 0.1840079 0
0.5635442 0.7992299 0.2089252 0
0.1091708 0.1213449 -0.2850792 1

-0.1859861 0.1338037 -0.9733991 0
0.868152 -0.4415614 -0.2265739 0
-0.4601317 -0.8871981 -0.03403752 0
0.07968041 1.324448 -0.1076117 1

0.4844276 -0.05068012 0.8733624 0
-0.8537318 -0.2453211 0.4593037 0
0.1909765 -0.9681164 -0.1621075 0
-0.03846673 1.335394 -0.0364872 1

-0.6176547 0.01284954 0.7863446 0
0.7861725 -0.01644768 0.6177883 0
0.02087177 0.9997823 5.687028E-05 0
-0.05970288 0.004416168 0.3134205 1

-0.2836656 -0.07587656 0.9559165 0
0.9588141 -0.0374871 0.28155 0
0.01447129 0.9964125 0.08338536 0
0.254796 0.009682894 -0.2507257 1

0.9101747 -0.06824018 -0.4085652 0
0.1381279 0.979883 0.1440482 0
0.3905161 -0.1875432 0.9012905 0
0.02404021 1.354257 -0.07009128 1

0.2427104 -0.5478486 -0.8005958 0
0.4756263 -0.6520734 0.5904066 0
-0.8455006 -0.5240823 0.1023062 0
0.2058383 1.260282 -0.1405369 1

0.4794472 0.50588 0.7170887 0
-0.1277158 -0.7682071 0.6273332 0
0.8682278 -0.3923565 -0.303706 0
-0.1625291 1.299745 0.03025779 1

0.9990831 -0.03396022 -0.02607059 0
0.04186258 0.9025013 0.4286478 0
0.008971721 -0.4293461 0.9030955 0
0.04277122 1.419136 -0.03919991 1

0.3024227 -0.5441732 0.7825706 0
-0.4278967 0.6561294 0.6216099 0
-0.8517307 -0.522848 -0.03442138 0
0.305862 1.123151 -0.0163751 1

0.03106438 0.7846979 -0.6191 0
0.5577227 0.5003977 0.6622297 0
0.829446 -0.3658575 -0.4220992 0
-0.1893835 1.138216 0.1621651 1

-0.09397306 0.8556154 -0.5090104 0
0.7646862 0.3894248 0.5134236 0
0.6375142 -0.3409851 -0.6908728 0
-0.01738738 1.292534 0.36639 1

0.07746556 -0.5234323 0.8485389 0
-0.6676571 0.604839 0.4340552 0
-0.7404277 -0.6001571 -0.3026191 0
0.1739008 1.325498 0.1753263 1

-0.06582548 0.9360683 -0.3456061 0
0.9957818 0.03943689 -0.08284694 0
-0.06392077 -0.3496016 -0.9347156 0
0.04855848 1.296887 0.4354646 1

-0.6310421 0.3183356 -0.7074239 0
0.69607 0.6349216 -0.3352041 0
0.342451 -0.7039442 -0.6222461 0
0.009364273 1.332376 0.3528533 1

-0.08683457 0.8775499 -0.4715573 0
0.9949471 0.1003412 0.003516704 0
0.0504027 -0.4688688 -0.8818287 0
0.0600119 1.320298 0.4309818 1

-0.11314 0.8591144 -0.4991215 0
0.9922146 0.1240143 -0.0114539 0
0.05205792 -0.4965314 -0.8664566 0
0.05935517 1.34499 0.4191305 1

0.04053429 -0.5199751 0.8532196 0
-0.9806136 0.1431409 0.1338203 0
-0.1917136 -0.8421026 -0.5040922 0
0.1052903 1.397839 0.2125281 1

0.05742577 -0.6833681 0.7278123 0
-0.9930748 0.03574297 0.1119155 0
-0.1024934 -0.7291986 -0.6765832 0
0.1223293 1.364903 0.2485562 1

-0.4712469 0.06789483 0.8793843 0
-0.7876238 0.4163355 -0.4542182 0
-0.3969577 -0.9066726 -0.1427211 0
0.1421643 1.35508 0.1520811 1

-0.112673 0.8482733 -0.5174337 0
0.9923594 0.06971522 -0.1018002 0
-0.05028144 -0.5249503 -0.8496468 0
0.05631278 1.372847 0.4029066 1

0.06378937 -0.5581501 0.8272848 0
-0.9786749 0.1272092 0.1612876 0
-0.1952606 -0.8199309 -0.5381326 0
0.1115623 1.381963 0.2353682 1

0.04825291 -0.5022534 0.8633736 0
-0.9950913 0.0505987 0.08504936 0
-0.08640158 -0.8632391 -0.4973463 0
0.1033181 1.416348 0.1877639 1

0.04605357 0.7750533 -0.630216 0
-0.03408232 -0.629299 -0.7764161 0
-0.9983577 0.05723561 -0.002565801 0
0.1040872 1.350475 0.4186747 1

0.0306167 0.7685452 -0.639063 0
-0.002036184 -0.6393132 -0.768944 0
-0.9995295 0.02484347 -0.0180088 0
0.1002896 1.375586 0.3986119 1

0.09250465 0.7397786 -0.6664618 0
-0.3352922 -0.6070989 -0.7204238 0
-0.9375619 0.2901017 0.1918825 0
0.1038462 1.324719 0.4311366 1

0.1303235 0.8451368 -0.5184209 0
0.0411126 -0.5270368 -0.8488476 0
-0.9906187 0.08931094 -0.1034309 0
0.09365838 1.298973 0.4316002 1

-0.07669307 0.7279266 -0.6813527 0
0.9583974 0.2422619 0.150944 0
0.2749417 -0.6414301 -0.7162226 0
0.03576502 1.358338 0.3380125 1

0.1409344 -0.3489542 0.926482 0
-0.9210485 0.2969631 0.2519573 0
-0.3630524 -0.8888443 -0.2795514 0
0.1125462 1.371243 0.1317827 1

0.2080409 -0.3997116 0.8927206 0
-0.08159107 -0.9166008 -0.3913899 0
0.9747113 0.008586988 -0.2233034 0
0.06225669 1.403978 0.2186399 1

0.1951167 -0.3860411 0.9016111 0
-0.1102387 -0.9220859 -0.3709511 0
0.9745651 -0.02701384 -0.2224711 0
0.05941018 1.418417 0.1918005 1

0.2674861 -0.3549885 0.8957872 0
0.2225276 -0.8817729 -0.4158825 0
0.9375141 0.31058 -0.1568674 0
0.06648544 1.387822 0.2427971 1

0.2987426 -0.5217259 0.7990968 0
-0.1778707 -0.853102 -0.4904888 0
0.9376115 0.004393831 -0.3476577 0
0.07758794 1.366627 0.2534761 1

-0.01256716 0.7016206 -0.7124403 0
-0.7968976 -0.4373985 -0.4166986 0
-0.6039843 0.5625049 0.5646166 0
0.1026131 1.323246 0.3848798 1

-0.02717805 0.6934989 -0.7199451 0
-0.7736236 -0.4706993 -0.4242042 0
-0.6330626 0.5454373 0.5493 0
0.1002118 1.349768 0.36732 1

-0.1839254 0.7092857 -0.680504 0
-0.8873035 0.1780712 0.4254218 0
0.4229236 0.6820593 0.5965998 0
0.09517481 1.278435 0.3993423 1

-0.05286902 0.6580548 -0.7511123 0
-0.9891993 -0.1374854 -0.05082428 0
-0.1367119 0.7403123 0.6582157 0
0.08991059 1.299486 0.4011942 1

0.2139319 0.6772381 -0.7039762 0
0.7681673 0.3285577 0.5495175 0
0.6034506 -0.6583305 -0.4499431 0
0.08194236 1.369509 0.3457351 1

0.1635608 -0.3017483 0.9392532 0
0.7243292 -0.6096464 -0.3219917 0
0.6697726 0.7329935 0.1188508 0
0.05861315 1.363528 0.2011803 1

0.1576026 -0.2973127 0.9416834 0
0.7003639 -0.6386165 -0.3188416 0
0.6961696 0.7097707 0.1075793 0
0.05487012 1.381098 0.1764436 1

0.1380722 -0.2392073 0.9611017 0
0.9659835 -0.1817145 -0.1840002 0
0.21866 0.9538134 0.2059805 0
0.07572634 1.351208 0.2255338 1

-0.01650551 -0.2987179 0.9541992 0
0.9411579 0.3175502 0.115691 0
-0.3375652 0.899961 0.2758993 0
0.07123368 1.33495 0.2359388 1

0.4264101 -0.3069629 0.8508519 0
-0.6534941 0.5458271 0.5244218 0
-0.6253958 -0.7796452 0.03214791 0
0.06865859 1.385773 0.1425801 1

0.7477641 -0.243594 -0.6176657 0
0.01060323 0.9345315 -0.3557224 0
0.6638799 0.2594472 0.7013919 0
0.009550894 0.812224 0.02810906 1

0.8199588 -0.2686324 -0.5054743 0
0.03795766 0.9066166 -0.4202446 0
0.5711627 0.3253967 0.7535849 0
0.00459535 0.9123484 -0.01737714 1

-0.8925254 0.189366 0.4093152 0
0.04225982 -0.8684694 0.4939384 0
0.4490129 0.4581502 0.7671283 0
-0.05987523 0.7780783 0.1078561 1

-0.3497401 -0.3658587 0.8624555 0
0.4189344 -0.8844976 -0.2053241 0
0.8379594 0.2895022 0.4626151 0
0.08150335 0.7338233 -0.004193604 1

0.8563118 -0.232162 -0.4613359 0
0.09273989 0.9478697 -0.3048647 0
0.5080643 0.218275 0.8332027 0
0.009470286 1.028786 -0.07134952 1

-0.8196792 0.2124885 0.5319535 0
-0.4094774 -0.8667492 -0.2847352 0
0.4005674 -0.4512145 0.7974656 0
-0.04243042 0.4195746 0.3117536 1

-0.3195463 -0.4664381 0.8248187 0
-0.4184278 -0.7115341 -0.5644799 0
0.8501815 -0.5255044 0.03219733 0
0.2545262 0.3685197 -0.08899389 1

0.8891832 -0.2024524 -0.4103246 0
0.1380967 0.9737087 -0.181165 0
0.436214 0.1044245 0.8937635 0
0.02308251 1.167913 -0.1160971 1

-0.6298838 -0.02722079 0.7762123 0
0.6433033 -0.5782794 0.5017508 0
0.4352096 0.8153847 0.38176 0
-0.1850131 0.1177671 0.2126069 1

-0.2721792 -0.06663236 0.9599369 0
0.781587 -0.597215 0.1801555 0
0.5612845 0.7993088 0.2146284 0
0.1091722 0.1213461 -0.2850837 1

-0.09445643 -0.05969863 -0.9937375 0
0.8470948 -0.5292035 -0.04872602 0
-0.5229804 -0.8463923 0.100557 0
0.1031621 1.29056 -0.1716465 1

0.4812419 0.1091597 0.8697647 0
-0.8732565 -0.02672154 0.4865276 0
0.07635064 -0.9936651 0.08246478 0
-0.01997681 1.318559 -0.1151657 1

-0.6131212 0.006900519 0.7899588 0
0.7897637 -0.01852531 0.6131315 0
0.01886521 0.9998046 0.005908474 0
-0.05877465 0.004288554 0.3110679 1

-0.2837759 -0.08324099 0.9552708 0
0.9588192 -0.03680477 0.2816228 0
0.01171593 0.9958497 0.09025735 0
0.2550911 0.009848654 -0.2514494 1

0.9251354 -0.1494098 -0.3490004 0
0.1358278 0.9887133 -0.06322169 0
0.3545072 0.01108465 0.9349875 0
0.04588577 1.328697 -0.1460121 1

0.3268988 -0.7739568 -0.5423357 0
0.4356882 -0.3858215 0.8132143 0
-0.8386376 -0.5021282 0.2110793 0
0.22626 1.213657 -0.1787272 1

0.7852795 0.2450583 0.5685794 0
-0.2011601 -0.767529 0.6086332 0
0.5855516 -0.5923227 -0.5534288 0
-0.1468765 1.314676 -0.04446465 1

0.9962477 0.06358136 0.05871984 0
-0.07023606 0.9903752 0.1192634 0
-0.05057171 -0.1229401 0.9911248 0
0.06362657 1.398766 -0.1289816 1

0.3452042 -0.4012031 0.8484516 0
-0.4156166 0.7452 0.5214785 0
-0.841485 -0.5326473 0.09049952 0
0.3178848 1.132519 -0.007709175 1

0.3428661 0.8429871 -0.4145069 0
0.7628893 0.007596076 0.6464846 0
0.5481268 -0.5378805 -0.6405013 0
-0.1891737 1.153291 0.0835106 1

0.3672248 0.8924888 -0.2619351 0
0.9042444 -0.2765782 0.3253407 0
0.2179174 -0.3563264 -0.9085943 0
0.04609368 1.155633 0.2828799 1

0.1322334 -0.4477043 0.88435 0
-0.6532054 0.6316975 0.4174697 0
-0.7455448 -0.6328658 -0.2089112 0
0.1897107 1.362335 0.1531121 1

0.4579749 0.883117 -0.1018023 0
0.8053662 -0.4606598 -0.3730662 0
-0.3763573 0.08886687 -0.9222028 0
0.1099137 1.100375 0.3277428 1

-0.4034599 0.8248962 -0.3959379 0
0.887382 0.2472446 -0.3891318 0
-0.2230997 -0.5083472 -0.8317511 0
0.08925662 1.177369 0.2705973 1

0.3906407 0.8926983 -0.2246996 0
0.8517087 -0.4431122 -0.2797218 0
-0.3492741 -0.0821078 -0.9334162 0
0.1323205 1.11416 0.3250517 1

0.3552956 0.9017621 -0.2461521 0
0.8616511 -0.4180389 -0.2877521 0
-0.3623848 -0.10986 -0.9255313 0
0.1449139 1.137848 0.3194981 1

0.09555769 -0.4443072 0.8907636 0
-0.9741746 0.1421692 0.1754189 0
-0.2045791 -0.8845219 -0.4192474 0
0.1220118 1.436763 0.1877819 1

0.1083669 -0.617642 0.7789575 0
-0.9859947 0.03314407 0.1634499 0
-0.1267714 -0.7857608 -0.6054 0
0.1415345 1.407249 0.2254776 1

-0.4238838 0.1373765 0.8952374 0
-0.8180287 0.3662187 -0.4435234 0
-0.3887825 -0.9203324 -0.04285633 0
0.1562648 1.389425 0.1292347 1

0.3469271 0.8995011 -0.2655928 0
0.8181648 -0.4286966 -0.3831786 0
-0.4585283 -0.08436363 -0.8846665 0
0.1569275 1.166775 0.3112881 1

0.1180105 -0.4842815 0.866917 0
-0.9704791 0.128678 0.2039909 0
-0.2103422 -0.8653979 -0.4547996 0
0.1297812 1.422983 0.2115054 1

0.1035165 -0.425687 0.8989298 0
-0.989717 0.0456139 0.1355715 0
-0.09871477 -0.9037201 -0.4165879 0
0.1183862 1.453053 0.1616817 1

0.4156065 0.7991253 -0.4343617 0
-0.4981288 -0.19959 -0.8438198 0
-0.7610122 0.5670651 0.3151164 0
0.1837048 1.118898 0.3065591 1

0.398346 0.8052295 -0.4392335 0
-0.4776055 -0.2267365 -0.8488132 0
-0.7830798 0.5479018 0.2942624 0
0.1930048 1.147429 0.2944338 1

0.427097 0.7601199 -0.4897 0
-0.7176135 -0.04454404 -0.6950158 0
-0.5501087 0.6482544 0.5264475 0
0.1698443 1.094638 0.3127279 1

0.538341 0.7704358 -0.3414941 0
-0.3869238 -0.1340216 -0.9123203 0
-0.7486517 0.6232716 0.2259506 0
0.1465528 1.079784 0.3108059 1

0.2835312 0.8445302 -0.4542896 0
0.9253328 -0.3652975 -0.1015743 0
-0.2517334 -0.3915695 -0.8850446 0
0.1237568 1.188952 0.2542635 1

0.1968907 -0.2664228 0.9435321 0
-0.9108845 0.3062741 0.2765599 0
-0.3626615 -0.9139009 -0.1823779 0
0.1253201 1.403425 0.109312 1

0.2629111 -0.3190709 0.9105335 0
-0.08725989 -0.9477302 -0.3069097 0
0.9608661 0.001237229 -0.2770107 0
0.07927611 1.442879 0.1957302 1

0.25026 -0.304846 0.9189335 0
-0.114659 -0.9517888 -0.2845196 0
0.9613653 -0.03416011 -0.2731481 0
0.07473353 1.454927 0.1679601 1

0.3216729 -0.2735304 0.9064809 0
0.2144502 -0.9114392 -0.3511263 0
0.922246 0.3073429 -0.2345266 0
0.08508187 1.428909 0.2209011 1

0.3504394 -0.4475581 0.8227295 0
-0.1898344 -0.8941444 -0.4055478 0
0.9171452 -0.01406239 -0.3983054 0
0.09710348 1.408844 0.2327103 1

0.3150523 0.801456 -0.5083414 0
-0.9460194 0.2222494 -0.2359093 0
-0.07609251 0.5552245 0.8282127 0
0.1621263 1.110332 0.2698619 1

0.297664 0.8054041 -0.5125629 0
-0.9481629 0.1868271 -0.2570663 0
-0.1112818 0.5625125 0.8192657 0
0.1736909 1.138354 0.2599325 1

0.1872587 0.8857732 -0.4246648 0
-0.5468252 0.453133 0.7040265 0
0.8160371 0.1003822 0.569216 0
0.1315107 1.074319 0.2760417 1

0.2522814 0.8021851 -0.5411596 0
-0.8751227 0.4277949 0.2261691 0
0.4129347 0.4165228 0.8099347 0
0.1400182 1.092786 0.2838414 1

0.4819561 0.6611848 -0.5749378 0
0.8755559 -0.3383536 0.3448463 0
0.03347501 -0.6695908 -0.7419755 0
0.1681007 1.170804 0.2496802 1

0.2193782 -0.2180237 0.9509674 0
0.7159513 -0.6261815 -0.3087242 0
0.6627874 0.7485737 0.01872379 0
0.07537221 1.40104 0.182002 1

0.2134867 -0.2134686 0.9533386 0
0.692684 -0.6550634 -0.3017966 0
0.6889213 0.7247921 0.008018851 0
0.06999605 1.416375 0.1561074 1

0.194063 -0.1541528 0.9688015 0
0.9574939 -0.1850815 -0.2212476 0
0.2134132 0.9705576 0.1116829 0
0.09398762 1.391064 0.2063266 1

0.0403634 -0.2159103 0.9755785 0
0.9405645 0.3377207 0.03582785 0
-0.3372084 0.9161484 0.2167092 0
0.09034122 1.375705 0.2183095 1

0.4770907 -0.2276105 0.8488686 0
-0.6331642 0.5808345 0.5115995 0
-0.6094978 -0.7815527 0.1329959 0
0.08184484 1.418294 0.1212557 1

0.6933516 -0.3142734 -0.6484564 0
-0.0004951507 0.8996768 -0.4365563 0
0.7205992 0.3030081 0.6236368 0
0.008440337 0.7981442 0.03933023 1

0.7624153 -0.391024 -0.5155803 0
0.06917764 0.8414571 -0.5358772 0
0.6433795 0.3728944 0.6685899 0
0.001744575 0.8940436 -0.01430658 1

-0.866083 0.2087534 0.4542271 0
0.04300854 -0.8741508 0.4837467 0
0.4980467 0.4385004 0.7481089 0
-0.05520041 0.7727307 0.1267918 1

-0.2693784 -0.3943227 0.8786039 0
0.4607056 -0.8539255 -0.2419953 0
0.8456865 0.3395894 0.4116957 0
0.07628813 0.715515 0.008729661 1

0.8095458 -0.3656241 -0.4592981 0
0.1659864 0.8930068 -0.4183148 0
0.5631022 0.2624077 0.7836185 0
0.01062912 1.002113 -0.08312978 1

-0.8149539 0.2026732 0.5429306 0
-0.4258013 -0.8449193 -0.3237355 0
0.39312 -0.4950101 0.7748687 0
-0.03744651 0.4118819 0.3264821 1

-0.2684392 -0.4905579 0.8290317 0
-0.4530837 -0.6951832 -0.5580643 0
0.8500916 -0.525427 -0.03564942 0
0.2665627 0.3628379 -0.09121609 1

0.8494889 -0.3495438 -0.3952059 0
0.2487299 0.9259116 -0.2842907 0
0.4652977 0.1432023 0.8734936 0
0.03499234 1.133187 -0.1445294 1

-0.6295406 -0.02765051 0.7764755 0
0.6426324 -0.5802245 0.500363 0
0.4366949 0.8139871 0.383044 0
-0.1857132 0.1176755 0.2137553 1

-0.2721821 -0.06660722 0.9599378 0
0.7815844 -0.5972136 0.1801727 0
0.561287 0.799312 0.2146101 0
0.1091699 0.1213443 -0.2850772 1

-0.1584847 -0.146551 -0.9764248 0
0.7608196 -0.6484357 -0.0261662 0
-0.629314 -0.7470301 0.2142659 0
0.1278198 1.238868 -0.2134881 1

0.5518875 0.1226532 0.8248491 0
-0.8287272 0.1908616 0.5261015 0
-0.09290394 -0.9739239 0.2069802 0
0.01016588 1.287203 -0.1590952 1

-0.6127168 0.006418645 0.7902765 0
0.7900378 -0.02091011 0.6127014 0
0.02045754 0.9997607 0.007741019 0
-0.05960647 0.003815472 0.3119439 1

-0.2837789 -0.08321595 0.9552721 0
0.9588184 -0.03680149 0.2816266 0
0.01171955 0.995852 0.09023245 0
0.2550883 0.009847164 -0.2514397 1

0.8543194 -0.3738236 -0.3611012 0
0.295104 0.9207931 -0.2550563 0
0.4278457 0.1113371 0.8969683 0
0.07606398 1.286078 -0.191473 1

0.2445483 -0.9488898 -0.19951 0
0.3313021 -0.1116059 0.9369009 0
-0.9112821 -0.2952157 0.2870761 0
0.2383804 1.144639 -0.2172905 1

0.7538058 -0.1022347 0.6490955 0
-0.5263305 -0.6853243 0.503296 0
0.3933865 -0.7210262 -0.5704106 0
-0.1102628 1.314938 -0.08264336 1

0.9988931 0.02505329 0.03980628 0
-0.00327534 0.8813256 -0.4724979 0
-0.04691994 0.4718446 0.8804322 0
0.1067374 1.353656 -0.1888622 1

0.2843149 -0.2406253 0.9280434 0
-0.2837424 0.9035079 0.321191 0
-0.9157811 -0.3546448 0.1886052 0
0.3080528 1.121168 -0.02026128 1

0.6421756 0.6990164 -0.3146212 0
0.6624967 -0.2996243 0.68653 0
0.3856276 -0.6493084 -0.6555075 0
-0.2209326 1.170837 0.02318302 1

0.6646025 0.7196599 -0.2009804 0
0.7461267 -0.6248 0.2300436 0
0.03998062 -0.3028443 -0.9522009 0
-0.01662529 1.078436 0.2349019 1

0.1658119 -0.2911906 0.942186 0
-0.4366128 0.8349921 0.3348993 0
-0.8842372 -0.4669009 0.011314 0
0.2205481 1.399806 0.07879233 1

0.7504556 0.6590586 -0.04957803 0
0.5632594 -0.6770063 -0.47371 0
-0.3457674 0.3275732 -0.8792843 0
0.02342948 0.998799 0.2694365 1

-0.07968477 0.9555004 -0.2840236 0
0.9025297 -0.05180761 -0.4274997 0
-0.4231907 -0.2904048 -0.8582392 0
0.0311063 1.084103 0.2216392 1

0.6876016 0.7069247 -0.1657146 0
0.6157957 -0.6886885 -0.3827584 0
-0.384707 0.1611391 -0.9088646 0
0.04925893 1.00362 0.2664504 1

0.6575035 0.7307528 -0.183546 0
0.6340979 -0.668255 -0.3890438 0
-0.4069505 0.1394117 -0.902749 0
0.06958412 1.021514 0.2622958 1

0.1320381 -0.278093 0.9514359 0
-0.8854592 0.3983584 0.2393173 0
-0.4455649 -0.8740565 -0.1936416 0
0.1758923 1.493263 0.1032089 1

0.09142302 -0.4674443 0.8792825 0
-0.9215134 0.2949532 0.2526169 0
-0.3774316 -0.8333656 -0.4037908 0
0.1941935 1.467633 0.144213 1

-0.2473651 0.399779 0.8826026 0
-0.7798917 0.4583853 -0.4262064 0
-0.5749604 -0.793763 0.1983958 0
0.1903444 1.429015 0.05315687 1

0.6482715 0.7340019 -0.2024484 0
0.5867103 -0.651018 -0.4816083 0
-0.4852988 0.1934344 -0.8526827 0
0.09123697 1.044765 0.2560511 1

0.1418032 -0.325994 0.9346763 0
-0.8804554 0.3900145 0.2696054 0
-0.4524271 -0.8611717 -0.2317177 0
0.1840497 1.482768 0.1284355 1

0.1448487 -0.2606789 0.9544975 0
-0.9266539 0.3024606 0.223227 0
-0.3468884 -0.9168227 -0.1977482 0
0.1719113 1.504725 0.07470442 1

0.6691166 0.6358512 -0.3846764 0
-0.5636323 0.09683764 -0.82033 0
-0.4843569 0.7657127 0.423182 0
0.09808285 0.991308 0.244784 1

0.655225 0.6483828 -0.3876595 0
-0.5548726 0.06483775 -0.8294048 0
-0.5126371 0.7585487 0.4022532 0
0.1169447 1.015645 0.2348137 1

0.663453 0.6020889 -0.4442062 0
-0.7046208 0.3030761 -0.6416032 0
-0.2516738 0.7386705 0.625321 0
0.0763892 0.9732782 0.2495872 1

0.7752619 0.553535 -0.3042491 0
-0.4382831 0.1245679 -0.8901634 0
-0.4548371 0.8234571 0.3391779 0
0.04919169 0.968333 0.2479559 1

0.562894 0.7285147 -0.3904055 0
0.7188283 -0.664637 -0.2038228 0
-0.4079657 -0.1659038 -0.897797 0
0.06689089 1.084049 0.2040123 1

0.2751075 -0.1224579 0.9535828 0
-0.7748287 0.5589526 0.2953172 0
-0.5691717 -0.8201072 0.05888803 0
0.1604041 1.445901 0.03394966 1

0.3229543 -0.1944418 0.9262252 0
