MeshAnim
1
57
52
30
0.7301904 8.458272E-06 -0.6832437 0
-0.05301595 0.9969857 -0.05664641 0
0.6811838 0.07758548 0.7279898 0
-0.004414481 0.8704256 -0.01176846 1

0.7823327 0.01718053 -0.6226237 0
-0.05066094 0.9980627 -0.03611565 0
0.620797 0.05979716 0.7816874 0
-0.01650836 0.9790772 -0.02469197 1

-0.8505036 0.1697455 0.4978254 0
0.1223649 -0.8566638 0.5011527 0
0.5115374 0.4871485 0.7078246 0
-0.06831013 0.8096709 0.05584601 1

-0.4965895 -0.2465031 0.8322471 0
0.2195183 -0.9633224 -0.1543429 0
0.8397682 0.1060484 0.5324877 0
0.06987042 0.8099662 -0.06828131 1

0.8739719 0.03341087 -0.4848267 0
0.0420318 0.9886988 0.1439027 0
0.4841554 -0.1461451 0.8626906 0
-0.02301478 1.107259 -0.02933034 1

-0.7028658 0.1098818 0.7027842 0
-0.1953207 -0.9798335 -0.04214431 0
0.6839806 -0.1668902 0.7101537 0
-0.01779797 0.4560406 0.2627215 1

-0.3614071 -0.2692684 0.8926811 0
-0.3336886 -0.8566316 -0.39349 0
0.8706532 -0.4400876 0.2197408 0
0.160533 0.4121074 -0.132026 1

0.9423298 0.0152565 -0.334338 0
0.1021654 0.9381673 0.330763 0
0.3187113 -0.3458456 0.8825042 0
-0.01684542 1.252379 -0.008208514 1

-0.6397752 -0.02654577 0.7681035 0
0.6461775 -0.5596614 0.5188776 0
0.4161038 0.8282962 0.3752106 0
-0.08580989 0.1148563 0.2480466 1

-0.4139189 0.02308451 0.910021 0
0.7288959 -0.5904571 0.3465129 0
0.5453275 0.8067389 0.2275752 0
0.04461584 0.1145296 -0.2687171 1

-0.1953457 0.3717859 -0.9075326 0
0.8025066 -0.4713314 -0.3658277 0
-0.5637581 -0.7997638 -0.206288 0
0.06208462 1.385949 0.01346827 1

0.288188 -0.3726416 0.8820918 0
-0.9038488 -0.4100719 0.1220604 0
0.3162362 -0.832454 -0.4549894 0
-0.06837089 1.38397 0.05945412 1

-0.5794933 0.02585827 0.8145667 0
0.8149715 0.01473042 0.5793136 0
0.00298105 0.9995572 -0.02961005 0
0.04099259 0.005031466 0.3498684 1

-0.419719 0.008638321 0.907613 0
0.9076532 0.00550416 0.419685 0
-0.001370338 0.9999475 -0.01015086 0
0.1806975 0.004293978 -0.2040246 1

0.9346033 0.01997177 -0.3551307 0
0.1081542 0.9351912 0.3372242 0
0.33885 -0.3535797 0.8718727 0
2.467772E-05 1.407294 0.04640887 1

-0.585035 0.4680648 -0.6623064 0
0.1298084 -0.7520741 -0.6461691 0
-0.8005524 -0.4640043 0.3792308 0
0.1787031 1.317456 -0.03969298 1

0.1907319 -0.1909067 0.9628998 0
-0.3672189 -0.9235633 -0.1103688 0
0.9103692 -0.332544 -0.2462575 0
-0.1997162 1.324379 0.07719167 1

0.9979562 -0.06194463 -0.01569998 0
0.06390242 0.9686496 0.2400715 0
0.000336647 -0.240584 0.9706281 0
0.01545147 1.465201 0.09026432 1

-0.4403164 -0.1946534 -0.8764883 0
0.3894696 -0.9209966 0.008882448 0
-0.8089715 -0.3374543 0.4813415 0
0.2060016 1.159296 -0.1755816 1

0.4759579 0.5289591 0.7026142 0
-0.02600187 -0.7900953 0.6124324 0
0.8790837 -0.3097613 -0.3622981 0
-0.27693 1.130185 0.05398476 1

0.7191299 0.3219692 0.6157827 0
-0.2869858 -0.669452 0.6851811 0
0.632844 -0.6694549 -0.3890223 0
-0.2849487 0.8865275 0.2428527 1

-0.2449069 -0.2217975 -0.9438361 0
0.1919512 -0.965305 0.1770353 0
-0.9503555 -0.1378132 0.2789841 0
0.3261122 0.875265 -0.1728424 1

0.5972067 0.1260491 0.7921214 0
-0.09229112 -0.9702163 0.2239702 0
0.7967603 -0.2068622 -0.5677863 0
-0.3416816 0.8205719 0.2824804 1

0.8817527 0.4576733 0.1142272 0
0.3377875 -0.7816464 0.5243362 0
0.3292599 -0.4237503 -0.843815 0
-0.2575018 0.8709003 0.2814375 1

0.6426018 0.1902354 0.7422085 0
-0.08164324 -0.9461718 0.3131993 0
0.7618383 -0.2618588 -0.5924801 0
-0.3293507 0.815366 0.3052875 1

0.7001525 0.2640573 0.6633704 0
-0.2148198 -0.8081421 0.5484152 0
0.6809104 -0.5264793 -0.5090978 0
-0.3110562 0.8225383 0.3243782 1

-0.2624833 -0.2772675 -0.9242432 0
0.02864753 -0.9596448 0.2797521 0
-0.9645113 0.04695309 0.2598337 0
0.3529281 0.7763317 -0.1442471 1

-0.3141437 -0.1018992 -0.943891 0
-0.1904042 -0.9672601 0.1677921 0
-0.930086 0.2324317 0.2844566 0
0.3414552 0.7810677 -0.194438 1

-0.1521219 -0.660019 -0.7356862 0
-0.08349612 -0.7331063 0.6749695 0
-0.9848287 0.1641046 0.05641246 0
0.3287572 0.8538724 -0.128593 1

0.7536572 0.4793333 0.4497122 0
-0.1030661 -0.5895628 0.80112 0
0.6491368 -0.6501197 -0.3949252 0
-0.2879721 0.8329884 0.3445372 1

-0.2691695 -0.1706615 -0.9478515 0
-0.1400226 -0.9667829 0.2138335 0
-0.9528598 0.1902782 0.236332 0
0.3472103 0.7741032 -0.1720932 1

-0.2529372 -0.3141031 -0.9150751 0
0.1740806 -0.9451699 0.2763155 0
-0.9516926 -0.08940622 0.2937478 0
0.3628699 0.7817704 -0.1154146 1

0.6990021 0.2694215 0.6624262 0
0.05878633 -0.9448284 0.3222476 0
0.7126995 -0.18631 -0.6762752 0
-0.3208226 0.7860839 0.3490146 1

0.7517352 0.4542728 0.4780491 0
0.05606219 -0.7663018 0.6400304 0
0.657078 -0.4543328 -0.6015233 0
-0.2928431 0.806693 0.3798179 1

0.6442203 0.1955247 0.7394257 0
0.3385909 -0.9397846 -0.04649033 0
0.6858109 0.280313 -0.671631 0
-0.3329474 0.7736807 0.3190863 1

0.6060741 0.167126 0.7776523 0
0.4558744 -0.8741551 -0.1674266 0
0.6518073 0.455985 -0.6059911 0
-0.3456728 0.7766496 0.292882 1

0.8573967 0.5081357 0.0816659 0
0.3892561 -0.7440737 0.5429863 0
0.3366761 -0.4337657 -0.8357612 0
-0.2421915 0.8407261 0.3025646 1

-0.1249717 -0.3915596 -0.9116268 0
-0.1486542 -0.9010686 0.4074031 0
-0.9809607 0.1864311 0.0544011 0
0.325903 0.8269233 -0.1000258 1

-0.2642845 -0.270916 -0.9256124 0
-0.4679634 -0.8031666 0.3686922 0
-0.8433055 0.5305924 0.08548555 0
0.3541125 0.73413 -0.1322247 1

-0.2548809 -0.2671829 -0.9293274 0
-0.1217325 -0.944557 0.3049483 0
-0.9592792 0.190855 0.2082245 0
0.3704711 0.7399474 -0.1035173 1

-0.2680174 -0.1779014 -0.9468465 0
-0.6910864 -0.6492498 0.3176074 0
-0.6712427 0.7394769 0.05106491 0
0.3407611 0.7295741 -0.1622444 1

-0.3218209 -0.1531968 -0.9343246 0
-0.7487661 -0.5627801 0.3501831 0
-0.5794663 0.8122865 0.06640577 0
0.332931 0.7375154 -0.1867229 1

0.6988544 0.2722896 0.6614082 0
0.06091592 -0.9440036 0.3242639 0
0.7126654 -0.1863228 -0.6763077 0
-0.3181817 0.7450894 0.3630916 1

0.7517695 0.4511488 0.4809449 0
0.05286857 -0.7682259 0.6379921 0
0.6573035 -0.4541962 -0.6013802 0
-0.2904536 0.775676 0.4058553 1

0.612801 0.1530991 0.7752649 0
0.4462869 -0.8766744 -0.179638 0
0.6521526 0.4560732 -0.6055532 0
-0.3284916 0.743124 0.2861353 1

0.6442205 0.1955244 0.7394257 0
0.338591 -0.9397844 -0.04649094 0
0.6858105 0.2803135 -0.6716311 0
-0.318875 0.7346207 0.3171537 1

0.8490196 0.5235918 0.07083645 0
0.4068654 -0.7334191 0.5445704 0
0.3370853 -0.4335301 -0.8357183 0
-0.2240336 0.8045738 0.3286426 1

-0.2647933 -0.2718833 -0.9251833 0
-0.4676526 -0.8028485 0.369778 0
-0.8433183 0.530579 0.08544201 0
0.3334721 0.6986725 -0.1157626 1

-0.2555549 -0.2747328 -0.9269377 0
-0.1197043 -0.9424052 0.3123196 0
-0.9593553 0.1907734 0.2079495 0
0.3656105 0.7016764 -0.09083174 1

-0.2678329 -0.1777316 -0.9469303 0
-0.6911576 -0.6492965 0.3173573 0
-0.671243 0.7394766 0.05106241 0
0.3120652 0.7026157 -0.1490618 1

-0.2979046 -0.1349963 -0.9450023 0
-0.75865 -0.5673764 0.3202099 0
-0.5793991 0.812318 0.06660897 0
0.3052123 0.7167363 -0.1744255 1

-0.1437263 -0.4990427 -0.8545756 0
-0.1320321 -0.8461512 0.5163291 0
-0.9807703 0.1870417 0.0557245 0
0.3190046 0.7846507 -0.07954995 1

0.7274929 0.002426645 -0.686111 0
-0.03936553 0.9984941 -0.03820833 0
0.684985 0.05480541 0.7264929 0
-0.008151394 0.8696834 -0.01248746 1

0.7765172 0.01665454 -0.629876 0
-0.0356894 0.9992083 -0.01757818 0
0.6290846 0.03612966 0.7764968 0
-0.01878289 0.9787104 -0.02337457 1

-0.8388151 0.1674347 0.5180299 0
0.1381049 -0.8549651 0.4999619 0
0.5266084 0.490918 0.6940339 0
-0.0726257 0.8085896 0.05426678 1

-0.5043238 -0.2473723 0.8273237 0
0.2224964 -0.9629643 -0.1522989 0
0.8343577 0.1072686 0.5406854 0
0.0650683 0.8092478 -0.07039866 1

0.8642455 0.0297476 -0.5021902 0
0.0601273 0.9849864 0.1618226 0
0.4994642 -0.1700498 0.8494814 0
-0.02336651 1.10704 -0.02563215 1

-0.6991613 0.1140908 0.7058023 0
-0.2014211 -0.9786323 -0.04133286 0
0.6860052 -0.1710618 0.7072022 0
-0.01561609 0.4556606 0.2606507 1

-0.3611444 -0.2740903 0.8913189 0
-0.3371338 -0.8527977 -0.3988444 0
0.8694341 -0.4445341 0.215578 0
0.1569608 0.4115368 -0.1332992 1

0.9315856 0.0106543 -0.3633661 0
0.1247426 0.929508 0.3470651 0
0.3414494 -0.368648 0.8645872 0
-0.01454112 1.251614 -0.00188008 1

-0.6370896 -0.02263866 0.7704574 0
0.6453137 -0.56231 0.5170859 0
0.4215298 0.8266167 0.3728509 0
-0.08575222 0.1148946 0.2462584 1

-0.4117854 0.02257711 0.9110011 0
0.7300691 -0.5901118 0.3446262 0
0.5453733 0.8070058 0.2265166 0
0.03984689 0.1152909 -0.2718502 1

-0.2358834 0.3936805 -0.8884676 0
0.782439 -0.4652732 -0.4138963 0
-0.5763232 -0.7928029 -0.1982808 0
0.06677546 1.383692 0.02011424 1

0.3008609 -0.3941533 0.8684043 0
-0.9058848 -0.4027393 0.1310499 0
0.2980866 -0.826102 -0.478226 0
-0.06220021 1.382357 0.07012174 1

-0.5789115 0.02521988 0.8150003 0
0.8153628 0.009662312 0.57887 0
0.00672427 0.9996354 -0.02615695 0
0.04088077 0.004549861 0.3477286 1

-0.4196409 0.007730766 0.9076574 0
0.9076883 0.001528364 0.4196422 0
0.001856971 0.9999689 -0.007658461 0
0.1761476 0.005119681 -0.20751 1

0.9268906 0.008085075 -0.3752445 0
0.1284041 0.9326118 0.3372648 0
0.3526843 -0.3607905 0.863391 0
0.006057053 1.4051 0.05542919 1

-0.5903407 0.4673042 -0.6581221 0
0.1499876 -0.7376497 -0.6583135 0
-0.7930962 -0.4873394 0.3653748 0
0.1804777 1.31608 -0.04003223 1

0.1840952 -0.2236784 0.9571192 0
-0.4078463 -0.9033609 -0.1326688 0
0.8942989 -0.3659337 -0.2575308 0
-0.1938413 1.323832 0.08916561 1

0.9971998 -0.07045469 -0.02507281 0
0.07451303 0.9645593 0.2531272 0
0.006350279 -0.2542867 0.967108 0
0.02323173 1.462658 0.0990925 1

-0.4049494 -0.1936441 -0.8935983 0
0.3958167 -0.9181207 0.01958688 0
-0.8242241 -0.3457693 0.4484401 0
0.2120199 1.160953 -0.1784748 1

0.4976589 0.5230345 0.6919329 0
-0.05026609 -0.7790023 0.6250033 0
0.8659152 -0.3458189 -0.3613865 0
-0.2795978 1.133886 0.06126977 1

0.7279596 0.302486 0.6152864 0
-0.2939523 -0.6730547 0.6786676 0
0.6194087 -0.6749072 -0.4010403 0
-0.2950994 0.8936491 0.2540145 1

-0.2256345 -0.2131369 -0.9506113 0
0.20141 -0.9648992 0.1685341 0
-0.9531648 -0.1534355 0.2606424 0
0.3340878 0.8778093 -0.1724343 1

0.6034533 0.1119709 0.789498 0
-0.119849 -0.9661092 0.2286255 0
0.7883404 -0.232585 -0.5695821 0
-0.3526784 0.8281501 0.2931764 1

0.8783419 0.465267 0.1097379 0
0.3469091 -0.7783314 0.523311 0
0.3288917 -0.4215768 -0.8450466 0
-0.2676872 0.877098 0.292237 1

0.6514754 0.17948 0.7371342 0
-0.09757653 -0.9437221 0.3160184 0
0.7523689 -0.277805 -0.5972987 0
-0.3403009 0.8224612 0.3158424 1

0.7112098 0.254344 0.6553549 0
-0.2137815 -0.8098455 0.5463037 0
0.6696853 -0.5286392 -0.5215961 0
-0.3217783 0.8290958 0.3349078 1

-0.242779 -0.2717017 -0.9312555 0
0.03396393 -0.9617683 0.2717497 0
-0.9694868 0.03434611 0.2427252 0
0.3616908 0.7788788 -0.1445881 1

-0.2948744 -0.08695844 -0.951571 0
-0.1711261 -0.9749447 0.1421231 0
-0.9400879 0.2047472 0.2726054 0
0.3510272 0.7840926 -0.1949098 1

-0.1306837 -0.6666307 -0.733843 0
-0.07488626 -0.7314389 0.6777828 0
-0.9885919 0.14353 0.04566565 0
0.3362453 0.8559027 -0.1284107 1

0.7620152 0.4609216 0.4548455 0
-0.1036814 -0.606496 0.7882975 0
0.6392051 -0.6478534 -0.4143703 0
-0.2984067 0.8389158 0.3550521 1

-0.2502638 -0.1603051 -0.9548144 0
-0.1293808 -0.9718146 0.1970709 0
-0.9594942 0.1728544 0.2224696 0
0.3564852 0.7769244 -0.1725549 1

-0.2332535 -0.313276 -0.9205712 0
0.1751801 -0.9447334 0.2771116 0
-0.9565066 -0.0966284 0.275242 0
0.3710606 0.7840847 -0.115522 1

0.710079 0.2591939 0.6546804 0
0.04870389 -0.9456358 0.3215603 0
0.7024357 -0.1964476 -0.6841 0
-0.3314994 0.7925659 0.35945 1

0.7600176 0.4356347 0.4822825 0
0.05682728 -0.7837874 0.6184242 0
0.6474137 -0.442606 -0.6204479 0
-0.3033085 0.8118781 0.3897631 1

0.6531373 0.1850102 0.7342909 0
0.3083838 -0.9506259 -0.03478391 0
0.6916006 0.2491623 -0.6779433 0
-0.3445997 0.7808838 0.3297654 1

0.6129755 0.1540875 0.7749312 0
0.4199806 -0.8943053 -0.1543837 0
0.6692367 0.4200897 -0.612901 0
-0.3579162 0.7844095 0.3037881 1

0.8547311 0.5130011 0.0791527 0
0.3951236 -0.7419122 0.5417045 0
0.3366192 -0.4317364 -0.8368343 0
-0.2520208 0.8470718 0.3133138 1

-0.1102582 -0.4179345 -0.9017618 0
-0.1289241 -0.8936139 0.4299218 0
-0.9855059 0.1636613 0.0446465 0
0.3336693 0.8290375 -0.0997382 1

-0.2444072 -0.2647313 -0.9328358 0
-0.4483065 -0.8221747 0.350785 0
-0.8598178 0.5039308 0.08226481 0
0.363114 0.7365854 -0.1329189 1

-0.2352338 -0.2665008 -0.9346885 0
-0.1243906 -0.9455109 0.3008919 0
-0.9639461 0.1870465 0.1892658 0
0.3787168 0.7422812 -0.1035914 1

-0.2491491 -0.167714 -0.9538329 0
-0.6703597 -0.6809477 0.2948357 0
-0.6989583 0.7128691 0.05722886 0
0.3505259 0.7321635 -0.1634782 1

-0.3024053 -0.1397316 -0.9428819 0
-0.7297959 -0.6023735 0.323333 0
-0.613147 0.7858888 0.08018541 0
0.3433681 0.7401918 -0.1883497 1

0.7099618 0.2620641 0.6536642 0
0.0508673 -0.9448419 0.323553 0
0.7024008 -0.1964599 -0.684132 0
-0.3292949 0.7515349 0.3734961 1

0.7600579 0.432433 0.485092 0
0.05359855 -0.7856321 0.6163682 0
0.6476416 -0.4424749 -0.6203035 0
-0.3008865 0.780149 0.4149248 1

0.6191271 0.1397655 0.7727531 0
0.4102891 -0.8966175 -0.1665538 0
0.6695856 0.4201704 -0.6124646 0
-0.3421118 0.7501184 0.2975417 1

0.6531374 0.18501 0.7342908 0
0.308384 -0.9506259 -0.03478457 0
0.6916004 0.2491627 -0.6779434 0
-0.3317827 0.7413732 0.3283194 1

0.8462335 0.5284105 0.06835058 0
0.4126766 -0.7311576 0.5432371 0
0.3370272 -0.4314986 -0.8367927 0
-0.2335786 0.8110203 0.3393318 1

-0.2448923 -0.2657196 -0.9324275 0
-0.4480189 -0.8218638 0.3518791 0
-0.8598295 0.5039177 0.08222067 0
0.343339 0.7002865 -0.1172472 1

-0.2359282 -0.2740572 -0.9323255 0
-0.1225183 -0.9433647 0.3083059 0
-0.9640162 0.1869651 0.1889893 0
0.3737419 0.7039713 -0.09106877 1

-0.2489701 -0.1675358 -0.9539109 0
-0.6704259 -0.6809916 0.2945836 0
-0.6989588 0.7128688 0.05722627 0
0.3226907 0.7038891 -0.1512411 1

-0.2791112 -0.1202811 -0.9526961 0
-0.7390704 -0.6065204 0.2931005 0
-0.613084 0.7859172 0.08039054 0
0.3163586 0.7179657 -0.1770445 1

-0.1267065 -0.5243349 -0.8420324 0
-0.1142589 -0.8355087 0.5374663 0
-0.9853378 0.1643104 0.0459545 0
0.3276889 0.7871517 -0.07820596 1

0.718332 0.005114998 -0.6956817 0
-0.01374167 0.9998822 -0.006837444 0
0.6955647 0.01447138 0.7183176 0
-0.0199588 0.8612037 -0.01588704 1

0.7643526 0.0137401 -0.6446521 0
-0.006352256 0.9998849 0.01377976 0
0.6447672 -0.006437601 0.7643518 0
-0.02787693 0.9707546 -0.0232575 1

-0.826678 0.1653669 0.5378264 0
0.1696234 -0.8381305 0.5184257 0
0.5364991 0.5197992 0.6648139 0
-0.08513547 0.7997359 0.04983377 1

-0.501439 -0.2558743 0.8264911 0
0.2785002 -0.9521603 -0.1258121 0
0.8191439 0.1670909 0.5487111 0
0.05089732 0.8007406 -0.07663999 1

0.8487369 0.01950713 -0.5284555 0
0.09688795 0.9766672 0.1916611 0
0.5198638 -0.2138708 0.8270434 0
-0.02869276 1.099171 -0.02148775 1

-0.6977528 0.1095989 0.7079048 0
-0.2085375 -0.9765024 -0.05436328 0
0.6853124 -0.1855568 0.7042127 0
-0.01511504 0.4537562 0.2638396 1

-0.3610416 -0.2778988 0.8901806 0
-0.3547341 -0.8418809 -0.4066944 0
0.8624457 -0.4626112 0.2053737 0
0.1659198 0.4074918 -0.1286012 1

0.9150705 -0.004645586 -0.4032673 0
0.169557 0.9116962 0.3742463 0
0.3659186 -0.4108385 0.835054 0
-0.01447169 1.242524 0.006643962 1

-0.6355859 -0.01918957 0.7717916 0
0.6439946 -0.564534 0.5163062 0
0.4257949 0.8251867 0.3711679 0
-0.0877291 0.1137319 0.2449099 1

-0.4083851 0.02205931 0.9125433 0
0.7326971 -0.5883096 0.3421209 0
0.5444047 0.808335 0.2240939 0
0.04269183 0.1150382 -0.2698793 1

-0.2868047 0.4338247 -0.8541306 0
0.745773 -0.4585166 -0.4833066 0
-0.6013034 -0.7756022 -0.19203 0
0.07195428 1.371121 0.02975493 1

0.3155114 -0.4336766 0.8440245 0
-0.9112785 -0.3865126 0.1420544 0
0.2646204 -0.8139611 -0.5171493 0
-0.05474318 1.371916 0.0852921 1

-0.5817111 0.01736016 0.8132102 0
0.8133451 0.001300051 0.5817798 0
0.009042617 0.9998486 -0.014876 0
0.03864498 0.002950728 0.3462271 1

-0.4174629 0.00607487 0.9086738 0
0.9086875 -0.000957487 0.4174755 0
0.003406127 0.9999812 -0.005120494 0
0.1794832 0.005203366 -0.2060068 1

0.91588 -0.01604872 -0.4011315 0
0.1649692 0.9259835 0.3396171 0
0.3659906 -0.3772228 0.8507372 0
0.01352648 1.393069 0.06844154 1

-0.6045634 0.4871873 -0.6301999 0
0.1532533 -0.7052341 -0.6922128 0
-0.7816756 -0.5150666 0.3516954 0
0.1803283 1.304491 -0.04047808 1

0.1684645 -0.2795954 0.9452228 0
-0.464792 -0.8681622 -0.1739623 0
0.8692458 -0.4100254 -0.2762083 0
-0.1871681 1.315748 0.1059351 1

0.9963031 -0.07996303 -0.03140119 0
0.08539382 0.9617326 0.2603427 0
0.009381652 -0.2620617 0.9650054 0
0.03358898 1.449781 0.1119801 1

-0.3342143 -0.2281014 -0.9144784 0
0.438221 -0.8966221 0.06349085 0
-0.8344238 -0.3795241 0.3996227 0
0.2125573 1.156181 -0.1860496 1

0.5201176 0.5391773 0.6623939 0
-0.08861575 -0.7372984 0.6697302 0
0.8494852 -0.4070369 -0.3357024 0
-0.2848983 1.133203 0.06935661 1

0.7357247 0.3097479 0.6023001 0
-0.3134019 -0.6326544 0.7081865 0
0.6004071 -0.7097921 -0.3683839 0
-0.3122266 0.9058275 0.2758947 1

-0.1577065 -0.2117654 -0.9645125 0
0.2482056 -0.9538789 0.1688467 0
-0.9557839 -0.2127692 0.2029942 0
0.3477024 0.8796672 -0.1664694 1

0.6058797 0.1387694 0.78336 0
-0.1671593 -0.9404822 0.2958902 0
0.7777967 -0.3102197 -0.5466227 0
-0.3716653 0.8438438 0.3178968 1

0.8695955 0.4878827 0.07598975 0
0.3619776 -0.7345728 0.573912 0
0.3358218 -0.4715645 -0.8153839 0
-0.2853237 0.890281 0.314893 1

0.658829 0.208018 0.7229613 0
-0.1274598 -0.9162513 0.3797863 0
0.7414165 -0.3423626 -0.577139 0
-0.3594716 0.838854 0.3408257 1

0.7224976 0.2793874 0.6324078 0
-0.2186038 -0.7754692 0.5923346 0
0.6559036 -0.5662071 -0.4991995 0
-0.3407843 0.8458313 0.3596057 1

-0.1722403 -0.2756464 -0.9457021 0
0.07059571 -0.9610357 0.2672582 0
-0.982522 -0.02072988 0.1849884 0
0.3794734 0.7821155 -0.1382054 1

-0.2323158 -0.07750682 -0.9695475 0
-0.1050969 -0.9889833 0.1042431 0
-0.9669456 0.1261138 0.2216106 0
0.3714243 0.7874467 -0.1889988 1

-0.04878864 -0.6850137 -0.7268947 0
-0.05635822 -0.724714 0.6867413 0
-0.9972179 0.07447167 -0.003248394 0
0.3486245 0.8572702 -0.1226498 1

0.7707577 0.4602237 0.4405985 0
-0.1136408 -0.5811446 0.8058268 0
0.626912 -0.671167 -0.3956215 0
-0.3171605 0.8559021 0.3793278 1

-0.1848031 -0.1567089 -0.9702013 0
-0.08051299 -0.9814728 0.1738655 0
-0.9794722 0.1102447 0.168762 0
0.3760058 0.7802775 -0.1664482 1

-0.1615209 -0.3252082 -0.9317459 0
0.2032191 -0.9348692 0.2910697 0
-0.9657189 -0.1423347 0.2170894 0
0.3868356 0.7874262 -0.1085858 1

0.721408 0.2834208 0.6318569 0
0.02882586 -0.9239142 0.3815123 0
0.6919101 -0.257012 -0.6746891 0
-0.350724 0.8108478 0.3862252 1

0.7683392 0.4364405 0.468161 0
0.05109146 -0.7709407 0.6348546 0
0.6380005 -0.4638644 -0.6146423 0
-0.3225067 0.829987 0.4148206 1

0.6605762 0.2137145 0.7196981 0
0.2589583 -0.9646565 0.04876962 0
0.7046843 0.1541559 -0.6925723 0
-0.3650869 0.7984868 0.3575581 1

0.6168467 0.1814193 0.7658899 0
0.3612191 -0.9297984 -0.07068048 0
0.6993005 0.3202532 -0.6390753 0
-0.379046 0.8012729 0.3315544 1

0.8469259 0.5297948 0.04510173 0
0.4053738 -0.6982552 0.5900099 0
0.3440767 -0.4814114 -0.8061354 0
-0.2690755 0.8620455 0.3379146 1

-0.04059601 -0.4686899 -0.8824296 0
-0.08166514 -0.8786464 0.4704373 0
-0.9958328 0.09116143 -0.002606213 0
0.3465473 0.8307205 -0.09364487 1

-0.1738449 -0.2677672 -0.9476702 0
-0.3939242 -0.8630691 0.316126 0
-0.9025529 0.4282671 0.0445601 0
0.3825243 0.7398532 -0.1267375 1

-0.1648576 -0.2788937 -0.9460658 0
-0.1026734 -0.9491261 0.2976872 0
-0.9809589 0.1462117 0.1278357 0
0.3957529 0.7460544 -0.09604259 1

-0.1835208 -0.1643182 -0.9691851 0
-0.6151314 -0.7498453 0.2436091 0
-0.7667683 0.6408836 0.03653494 0
0.3722974 0.7350717 -0.1584403 1

-0.2375301 -0.1327989 -0.9622599 0
-0.6790503 -0.6856514 0.2622456 0
-0.6946008 0.715714 0.07268578 0
0.366729 0.7429119 -0.1841419 1

0.7213506 0.2862216 0.6306587 0
0.03102404 -0.9230468 0.3834352 0
0.6918749 -0.2570255 -0.6747201 0
-0.3493813 0.7707629 0.402872 1

0.7683579 0.4332998 0.4710388 0
0.04782739 -0.7727891 0.6328586 0
0.6382312 -0.4637333 -0.6145022 0
-0.3203163 0.7987791 0.4406466 1

0.6220567 0.1665922 0.7650443 0
0.3514741 -0.9325361 -0.08271888 0
0.6996512 0.320349 -0.6386433 0
-0.3654921 0.7656115 0.3285151 1

0.6605765 0.2137142 0.719698 0
0.2589585 -0.9646565 0.04876896 0
0.7046839 0.1541564 -0.6925726 0
-0.3543242 0.7583931 0.3595848 1

0.8382149 0.544323 0.03329527 0
0.4227635 -0.6871625 0.5908288 0
0.3444809 -0.4811653 -0.8061097 0
-0.2501347 0.8280838 0.3662804 1

-0.1742643 -0.2687999 -0.9473008 0
-0.3937196 -0.8627544 0.3172375 0
-0.9025614 0.4282538 0.04451528 0
0.3651409 0.7017472 -0.1125952 1

-0.1653766 -0.2864665 -0.9437095 0
-0.1013608 -0.9468812 0.3051917 0
-0.9810079 0.1461266 0.1275556 0
0.391637 0.7076015 -0.08364648 1

-0.1833562 -0.1641216 -0.9692496 0
-0.6151801 -0.7498884 0.243353 0
-0.7667685 0.6408834 0.03653246 0
0.3467555 0.7039366 -0.1483302 1

-0.2159047 -0.1107113 -0.9701176 0
-0.6862823 -0.6895349 0.2314264 0
-0.6945513 0.7157406 0.07289472 0
0.3416245 0.7176293 -0.1750938 1

-0.05178007 -0.5729724 -0.8179374 0
-0.07591686 -0.8144076 0.5753058 0
-0.9957688 0.09188454 -0.001328111 0
0.3427225 0.7896086 -0.07021402 1

0.6979461 0.01346297 -0.7160238 0
0.02681212 0.9986311 0.04491187 0
0.7156483 -0.05054418 0.6966297 0
-0.03721085 0.8408415 -0.02068307 1

0.7408609 0.01440341 -0.6715041 0
0.04000636 0.9970486 0.06552462 0
0.670466 -0.07540906 0.7380982 0
-0.04086545 0.9508544 -0.02217689 1

-0.8243029 0.1666192 0.5410761 0
0.2189018 -0.7875841 0.5760153 0
0.5221179 0.5932535 0.6127343 0
-0.1029492 0.7786109 0.04374777 1

-0.4828608 -0.2747883 0.8314666 0
0.3723002 -0.923825 -0.08910421 0
0.7926147 0.2665302 0.5483828 0
0.0293738 0.7809197 -0.08658576 1

0.8217052 0.009116881 -0.5698398 0
0.1556737 0.9582567 0.2398116 0
0.5482392 -0.2857634 0.7859854 0
-0.0357274 1.078906 -0.0137615 1

-0.7042542 0.08270331 0.7051147 0
-0.2095152 -0.9731684 -0.09511603 0
0.6783286 -0.2147181 0.7026852 0
-0.0125867 0.4534967 0.2815265 1

-0.3641953 -0.2745891 0.8899227 0
-0.3922603 -0.8214303 -0.4139856 0
0.8446855 -0.4998529 0.1914507 0
0.1831364 0.3993736 -0.1233864 1

0.886556 -0.02357478 -0.4620206 0
0.2405849 0.8765227 0.4169254 0
0.3951426 -0.4807827 0.7827581 0
-0.01287786 1.219558 0.02143767 1

-0.6394599 -0.02529051 0.7684087 0
0.6447754 -0.562016 0.5180763 0
0.4187554 0.82674 0.3756932 0
-0.08554123 0.1146333 0.2484065 1

-0.405894 0.02073334 0.9136849 0
0.735618 -0.5858406 0.3400838 0
0.542325 0.8101609 0.2225375 0
0.04687248 0.1140241 -0.2671973 1

-0.3488499 0.5016677 -0.7916018 0
0.6822562 -0.4431494 -0.5815027 0
-0.6425188 -0.7429322 -0.1876735 0
0.08150262 1.342035 0.04658291 1

0.3347442 -0.5001693 0.7986095 0
-0.918133 -0.3638639 0.1569553 0
0.2120808 -0.7857693 -0.5810233 0
-0.04125744 1.345469 0.1102652 1

-0.592352 0.0002390184 0.8056796 0
0.8056765 -0.00256204 0.5923505 0
0.0022057 0.9999971 0.001325016 0
0.04098609 0.004346311 0.350071 1

-0.4145634 0.00370397 0.9100128 0
0.9100137 -0.002134519 0.4145726 0
0.003477961 0.9999907 -0.002485792 0
0.1842091 0.004650235 -0.2037051 1

0.897577 -0.04518531 -0.4385362 0
0.2188536 0.9091765 0.3542615 0
0.3826994 -0.4139521 0.8259448 0
0.02684882 1.364294 0.09028266 1

-0.6299397 0.5452163 -0.5530962 0
0.1128861 -0.6403204 -0.7597676 0
-0.7683964 -0.5410443 0.3418158 0
0.1806465 1.277638 -0.03791975 1

0.1439881 -0.3726967 0.9167142 0
-0.5318176 -0.8103642 -0.2459271 0
0.8345286 -0.4521139 -0.3148894 0
-0.1746784 1.292593 0.1330736 1

0.9953085 -0.0884532 -0.03920767 0
0.09566447 0.9603081 0.2620241 0
0.01447466 -0.2645455 0.9642648 0
0.05110027 1.418975 0.1342853 1

-0.2596771 -0.2624618 -0.929345 0
0.4830835 -0.8685963 0.1103224 0
-0.8361809 -0.4203027 0.3523452 0
0.2043864 1.142979 -0.197698 1

0.55259 0.5554361 0.6213979 0
-0.1157249 -0.6872151 0.7171774 0
0.8253801 -0.4682161 -0.3154703 0
-0.2865019 1.1222 0.08136332 1

0.7598071 0.3458302 0.5505407 0
-0.3204596 -0.5375693 0.7799519 0
0.5656847 -0.7690387 -0.2976242 0
-0.3221904 0.9102703 0.3025337 1

-0.0621843 -0.2252844 -0.9723067 0
0.3562509 -0.9150288 0.189229 0
-0.9323191 -0.3346177 0.137158 0
0.3533669 0.8751087 -0.1636752 1

0.6291664 0.2099585 0.7483766 0
-0.21964 -0.8755606 0.4302934 0
0.7455927 -0.4350992 -0.5047579 0
-0.3829046 0.8556815 0.3522623 1

0.8522723 0.5221736 -0.03109902 0
0.4103394 -0.6305014 0.6588551 0
0.3244287 -0.5742848 -0.751627 0
-0.2950113 0.8981117 0.342531 1

0.6868771 0.2759785 0.6723361 0
-0.1549144 -0.8482406 0.5064483 0
0.7100713 -0.4520221 -0.539884 0
-0.3703935 0.8527957 0.3753807 1

0.7522333 0.3366021 0.5664313 0
-0.2095425 -0.6928256 0.689989 0
0.6246899 -0.6377239 -0.4506341 0
-0.3510494 0.8610817 0.392923 1

-0.0689182 -0.2956838 -0.9527967 0
0.1679216 -0.9448789 0.2810805 0
-0.9833885 -0.1406233 0.1147709 0
0.3953592 0.7822926 -0.1329111 1

-0.1528836 -0.085016 -0.9845808 0
0.03708747 -0.9960847 0.08025032 0
-0.9875481 -0.02424646 0.1554379 0
0.3902232 0.7868084 -0.1841595 1

0.09199154 -0.7118874 -0.6962427 0
0.0006709695 -0.6991629 0.7149621 0
-0.9957598 -0.06623739 -0.06383955 0
0.3541231 0.85279 -0.1198124 1

0.792191 0.4780687 0.3793207 0
-0.1070763 -0.5030322 0.8576092 0
0.6008065 -0.7200062 -0.3473077 0
-0.3266393 0.8723527 0.4109667 1

-0.09572452 -0.1690894 -0.9809414 0
0.03692241 -0.9853916 0.1662534 0
-0.9947231 -0.02030395 0.1005691 0
0.3941166 0.7801701 -0.161319 1

-0.0529328 -0.3547219 -0.9334725 0
0.2846824 -0.9013525 0.3263733 0
-0.9571598 -0.248467 0.1486941 0
0.399914 0.7883514 -0.1028731 1

0.7511697 0.3396832 0.5660031 0
0.01447332 -0.8657075 0.5003409 0
0.6599505 -0.367649 -0.6552096 0
-0.3605843 0.8298158 0.4239517 1

0.7899008 0.457712 0.4081137 0
0.05846769 -0.7186894 0.6928686 0
0.6104411 -0.523436 -0.5944548 0
-0.3317036 0.8498882 0.4487769 1

0.6886712 0.2816384 0.6681409 0
0.1963624 -0.9594878 0.2020522 0
0.6979787 -0.007949793 -0.7160747 0
-0.3772184 0.8154248 0.3976933 1

0.6418693 0.2515973 0.7243639 0
0.2813174 -0.9560371 0.08278637 0
0.7133477 0.1506383 -0.6844297 0
-0.3926561 0.8160751 0.3719989 1

0.8291528 0.5554212 -0.06334934 0
0.4483784 -0.5930813 0.6687386 0
0.3338601 -0.5828908 -0.740794 0
-0.2768729 0.8740941 0.3687111 1

0.08056793 -0.5418522 -0.8366034 0
0.01223004 -0.8387313 0.5444083 0
-0.9966742 -0.05409325 -0.06094804 0
0.3538924 0.827319 -0.08978471 1

-0.07109377 -0.2867166 -0.9553741 0
-0.2675078 -0.91723 0.2951756 0
-0.9609296 0.2765551 -0.01148972 0
0.4027111 0.740734 -0.1208383 1

-0.06030411 -0.3096777 -0.9489276 0
-0.02508864 -0.949887 0.3115851 0
-0.997865 0.0425972 0.04951257 0
0.4124626 0.7484493 -0.08877227 1

-0.09385157 -0.1768852 -0.9797469 0
-0.4814005 -0.8533362 0.2001768 0
-0.8714619 0.4904374 -0.005065739 0
0.3958172 0.7347839 -0.1536617 1

-0.1514016 -0.1433362 -0.9780248 0
-0.5534595 -0.8075008 0.2040222 0
-0.8189999 0.5721864 0.04292616 0
0.3919192 0.7419551 -0.1803809 1

0.7511544 0.342301 0.5644442 0
0.01676193 -0.8646689 0.5020626 0
0.6599139 -0.3676652 -0.6552374 0
-0.3598611 0.7922658 0.4457502 1

0.789959 0.454811 0.4112325 0
0.0551118 -0.720629 0.6911273 0
0.6106783 -0.5232981 -0.5943326 0
-0.3292106 0.8208033 0.4769472 1

0.6458117 0.2364447 0.7259628 0
0.2711887 -0.9598756 0.0713819 0
0.7137118 0.1507737 -0.68402 0
-0.3821707 0.779379 0.3748507 1

0.6886714 0.281638 0.6681408 0
0.1963627 -0.9594879 0.2020517 0
0.6979784 -0.007949262 -0.7160749 0
-0.3690574 0.7755459 0.4060909 1

0.8195627 0.5678211 -0.07678863 0
0.4653921 -0.5814803 0.6673011 0
0.3342564 -0.5826317 -0.7408191 0
-0.2558505 0.8451769 0.4009387 1

-0.07136199 -0.2878055 -0.9550266 0
-0.2674236 -0.916893 0.2962963 0
-0.9609332 0.2765411 -0.0115346 0
0.390898 0.7002369 -0.1076209 1

-0.06020522 -0.3172248 -0.9464377 0
-0.02460872 -0.9473975 0.3191119 0
-0.9978829 0.04250298 0.04923186 0
0.4114634 0.7099757 -0.07581075 1

-0.09372199 -0.1766609 -0.9797997 0
-0.4814256 -0.8533826 0.1999178 0
-0.871462 0.4904374 -0.005068243 0
0.3758285 0.6993517 -0.1453551 1

-0.133852 -0.1173885 -0.9840242 0
-0.558009 -0.811659 0.1727295 0
-0.8189688 0.5722146 0.04313836 0
0.3714837 0.7121872 -0.1734825 1

0.08000204 -0.640888 -0.7634541 0
0.002378047 -0.7657841 0.6430932 0
-0.996792 -0.05326407 -0.0597403 0
0.3543719 0.7881929 -0.06290075 1

0.6643822 0.03564262 -0.7465426 0
0.08002082 0.9897283 0.1184673 0
0.7430969 -0.1384465 0.6547058 0
-0.05795345 0.8066581 -0.02650037 1

0.7034389 0.02822986 -0.7101948 0
0.1007038 0.985172 0.1389059 0
0.7035854 -0.1692311 0.6901655 0
-0.05602418 0.9165046 -0.01953896 1

-0.8191737 0.1651443 0.5492558 0
0.2860978 -0.7123415 0.6408725 0
0.4970942 0.6821267 0.536284 0
-0.1237948 0.7428248 0.03623506 1

-0.4518011 -0.3065203 0.8378073 0
0.4837316 -0.8732505 -0.05862744 0
0.7495862 0.3787859 0.5428091 0
0.00239912 0.7489198 -0.09992475 1

0.7786746 0.01068681 -0.6273369 0
0.2334979 0.9231018 0.3055517 0
0.5823612 -0.3844072 0.7163006 0
-0.0430907 1.043031 -0.001699161 1

-0.7056805 0.05057774 0.7067227 0
-0.2248821 -0.9618636 -0.1557131 0
0.6718951 -0.268813 0.6901424 0
-0.005693793 0.4487706 0.3007868 1

-0.3734472 -0.2644715 0.8891524 0
-0.4520459 -0.7851108 -0.423386 0
0.8100567 -0.56005 0.1736442 0
0.2021836 0.3882613 -0.1241383 1

0.8399578 -0.03118969 -0.5417545 0
0.3344713 0.8159159 0.4716039 0
0.427317 -0.5773287 0.695767 0
-0.008818243 1.178523 0.04314926 1

-0.637501 -0.03231699 0.7697715 0
0.6490692 -0.5608202 0.5139944 0
0.4150926 0.8273068 0.3784994 0
-0.08399917 0.1138436 0.2465665 1

-0.4057969 0.01496461 0.9138408 0
0.734201 -0.5901365 0.3356905 0
0.5443143 0.8071648 0.2284886 0
0.04515136 0.1155284 -0.2712146 1

-0.41685 0.5965427 -0.6858374 0
0.5842675 -0.4021564 -0.7049125 0
-0.6963243 -0.6945553 -0.1809016 0
0.09547293 1.29214 0.07063022 1

0.3566423 -0.5938234 0.721235 0
-0.9232097 -0.3422983 0.1746879 0
0.1431437 -0.7281521 -0.6703017 0
-0.02084844 1.296655 0.1453712 1

-0.598428 -0.0113554 0.8010961 0
0.8011764 -0.007621286 0.5983799 0
-0.0006895475 0.9999066 0.01365837 0
0.04337072 0.003791273 0.3474301 1

-0.4117408 -0.002120975 0.9112986 0
0.9112608 -0.01035602 0.4116997 0
0.008564265 0.9999442 0.006196847 0
0.1822235 0.005352557 -0.2085427 1

0.8691227 -0.0645818 -0.4903619 0
0.2862497 0.8742005 0.3922178 0
0.4033445 -0.4812514 0.778274 0
0.04641146 1.313251 0.121023 1

-0.6523066 0.6428438 -0.4015571 0
0.004734159 -0.526324 -0.850271 0
-0.7579405 -0.5565383 0.3402812 0
0.1803773 1.2337 -0.03180606 1

0.1036083 -0.507543 0.8553746 0
-0.59864 -0.7186086 -0.353881 0
0.7942894 -0.4753962 -0.3782893 0
-0.1550072 1.246913 0.1707564 1

0.9936469 -0.09625196 -0.05832037 0
0.1082598 0.9590726 0.2616479 0
0.03074929 -0.2662993 0.9633999 0
0.07589646 1.363916 0.1666099 1

-0.2226723 -0.2709684 -0.9364793 0
0.5010155 -0.8558441 0.1285075 0
-0.8363018 -0.4405757 0.326332 0
0.181373 1.123014 -0.2106171 1

0.5925058 0.5560068 0.5829179 0
-0.1129352 -0.6591341 0.7434971 0
0.7976105 -0.5063581 -0.327748 0
-0.2808812 1.095814 0.096347 1

0.804683 0.4010534 0.4377691 0
-0.2880315 -0.3810565 0.8785411 0
0.5191565 -0.8330379 -0.1911136 0
-0.3157092 0.8925436 0.3256341 1

0.04005089 -0.2656353 -0.9632415 0
0.5264608 -0.8137423 0.2462974 0
-0.8492556 -0.5169733 0.1072553 0
0.3358836 0.8590761 -0.1709861 1

0.6850613 0.3151164 0.6568049 0
-0.2479924 -0.7468749 0.6169909 0
0.6849751 -0.5855591 -0.4335087 0
-0.3749386 0.8500437 0.3874786 1

0.8152168 0.5317123 -0.2295736 0
0.5068225 -0.4631318 0.7270764 0
0.2802725 -0.7090777 -0.6470366 0
-0.2864593 0.886231 0.3655204 1

0.7433174 0.369119 0.5578806 0
-0.1511698 -0.719714 0.6776132 0
0.6516342 -0.5880161 -0.4791763 0
-0.3610819 0.8506133 0.4099949 1

0.8033125 0.4096141 0.4323257 0
-0.1604567 -0.5502172 0.8194603 0
0.5735353 -0.7276518 -0.376271 0
-0.3403877 0.8609183 0.4246969 1

0.0487504 -0.3404768 -0.9389884 0
0.3353821 -0.8799433 0.3364796 0
-0.9408201 -0.3313234 0.07129216 0
0.39436 0.7781422 -0.1341786 1

-0.08149129 -0.1285976 -0.988343 0
0.261907 -0.9595534 0.1032567 0
-0.9616466 -0.2504395 0.1118758 0
0.3912699 0.7797734 -0.1857632 1

0.2842519 -0.732432 -0.6186634 0
0.1055893 -0.6174405 0.7794987 0
-0.9529177 -0.2868981 -0.09817168 0
0.3387852 0.8388836 -0.1261924 1

0.8259323 0.5044588 0.2517088 0
-0.05880323 -0.3669549 0.9283786 0
0.5606944 -0.7815788 -0.2734161 0
-0.3145076 0.874022 0.4390837 1

-0.005015463 -0.2122054 -0.9772122 0
0.2333441 -0.9504951 0.2052061 0
-0.9723814 -0.2269975 0.05428404 0
0.3951698 0.7748597 -0.1624917 1

0.0774433 -0.4066923 -0.9102769 0
0.4265512 -0.8117225 0.3989499 0
-0.9011419 -0.4191757 0.1106126 0
0.3958815 0.7860172 -0.1042554 1

0.8022615 0.411808 0.4321932 0
0.0322566 -0.7528203 0.6574354 0
0.5961009 -0.5134936 -0.6172422 0
-0.3477166 0.8360709 0.461577 1

0.825124 0.4894149 0.2822117 0
0.1009088 -0.6191739 0.7787437 0
0.5558668 -0.6140821 -0.5602814 0
-0.3174489 0.8575708 0.4800789 1

0.7449379 0.3743313 0.5522174 0
0.1469682 -0.8994917 0.4114788 0
0.6507443 -0.2253676 -0.7250803 0
-0.3677419 0.8189049 0.4398487 1

0.6985031 0.3525912 0.6227143 0
0.2045547 -0.9322599 0.2984106 0
0.6857485 -0.08106136 -0.7233108 0
-0.3859567 0.8163019 0.4156456 1

0.7897215 0.5547243 -0.261956 0
0.5395989 -0.4249772 0.7267929 0
0.2918443 -0.7153147 -0.6349422 0
-0.2645555 0.8689005 0.3940006 1

0.2539982 -0.6240456 -0.7389532 0
0.1493787 -0.7295319 0.6674349 0
-0.9555999 -0.2799112 -0.09208068 0
0.3421379 0.8166798 -0.09384676 1

0.04489815 -0.330627 -0.9426929 0
-0.04674718 -0.9433061 0.3286158 0
-0.9978974 0.02931404 -0.05780855 0
0.4090954 0.7394213 -0.1196703 1

0.06293735 -0.3651754 -0.928809 0
0.1241348 -0.9205625 0.3703448 0
-0.9902675 -0.1386062 -0.01260668 0
0.414735 0.7500544 -0.0869434 1

-0.001911879 -0.219997 -0.9754987 0
-0.2404067 -0.94679 0.2139937 0
-0.9706705 0.2349256 -0.05107856 0
0.4059175 0.7310808 -0.1530403 1

-0.0674172 -0.1884083 -0.9797742 0
-0.317942 -0.9267561 0.2000903 0
-0.9457104 0.3250007 0.002576441 0
0.4030808 0.7365729 -0.1809477 1

0.8021886 0.4140744 0.4301582 0
0.03470096 -0.7515626 0.6587486 0
0.5960617 -0.5135134 -0.6172635 0
-0.3462147 0.803432 0.4901803 1

0.8253785 0.4869637 0.2856865 0
0.0974026 -0.6212489 0.7775364 0
0.5561143 -0.6139349 -0.5601971 0
-0.3132286 0.8325278 0.5117136 1

0.7012466 0.3379307 0.627739 0
0.1935447 -0.9376904 0.2885782 0
0.6861441 -0.0808686 -0.722957 0
-0.3784338 0.7804716 0.4267935 1

0.744938 0.3743309 0.5522173 0
0.1469684 -0.899492 0.4114783 0
0.6507442 -0.2253672 -0.7250807 0
-0.3616338 0.7815196 0.4569505 1

0.7782769 0.5637174 -0.2766016 0
0.5557801 -0.4134241 0.7212415 0
0.2922224 -0.7150548 -0.635061 0
-0.2391164 0.8480744 0.4291558 1

0.04489043 -0.3317349 -0.9423042 0
-0.04679945 -0.9429175 0.3297215 0
-0.9978952 0.02929783 -0.05785295 0
0.407021 0.6977792 -0.1049769 1

0.06421518 -0.372434 -0.9258345 0
0.1236311 -0.9176331 0.3777099 0
-0.9902484 -0.1387167 -0.01288143 0
0.4197555 0.7127897 -0.07160229 1

-0.001845926 -0.2197473 -0.9755551 0
-0.2404078 -0.946848 0.2137359 0
-0.9706703 0.2349254 -0.05108127 0
0.3959355 0.6917681 -0.14416 1

-0.05744839 -0.1586882 -0.9856561 0
-0.3199337 -0.9322918 0.1687438 0
-0.9456968 0.3250385 0.002788991 0
0.3913533 0.7023941 -0.1741949 1

0.2690308 -0.7093703 -0.6514723 0
0.1171705 -0.6472807 0.7531927 0
-0.955978 -0.2789654 -0.09102115 0
0.3489091 0.7828389 -0.06124645 1

0.6278898 0.06555505 -0.7755366 0
0.1371939 0.971521 0.1931963 0
0.7661151 -0.2277049 0.6010143 0
-0.079587 0.756632 -0.03305106 1

0.6614127 0.0515772 -0.7482467 0
0.166353 0.9626962 0.2134071 0
0.7313413 -0.2656233 0.6281595 0
-0.07159814 0.8653038 -0.01739724 1

-0.8062322 0.1619261 0.5690078 0
0.3727361 -0.6078668 0.7011177 0
0.45941 0.7773533 0.4297259 0
-0.1455056 0.6910442 0.02776419 1

-0.4315515 -0.335322 0.83745 0
0.5992212 -0.8004975 -0.01173751 0
0.6743125 0.4967524 0.546388 0
-0.02600147 0.7023562 -0.1139833 1

0.7260461 0.02598344 -0.6871549 0
0.3182097 0.8731593 0.3692364 0
0.6095898 -0.486742 0.6256856 0
-0.05023328 0.9889438 0.01001083 1

-0.70421 0.04657637 0.7084625 0
-0.2695706 -0.9406649 -0.2061105 0
0.6568258 -0.3361259 0.6749812 0
0.008359656 0.4401172 0.3171851 1

-0.3934206 -0.2565601 0.8828347 0
-0.5100617 -0.7380185 -0.4417757 0
0.7648903 -0.624104 0.1594901 0
0.2214811 0.3717452 -0.118831 1

0.7790188 -0.01986545 -0.626686 0
0.4361852 0.7351719 0.5189072 0
0.4504136 -0.6775894 0.5813777 0
-0.003526956 1.117105 0.06420676 1

-0.6360531 -0.02744166 0.7711573 0
0.6462445 -0.5650526 0.5129173 0
0.421669 0.8245986 0.3771373 0
-0.08550653 0.1125717 0.2454161 1

-0.4154104 0.01240351 0.9095495 0
0.7294756 -0.5928012 0.3412508 0
0.5434147 0.8052534 0.2372077 0
0.04429512 0.1153715 -0.2722956 1

-0.4744219 0.693894 -0.5416968 0
0.4581803 -0.3307944 -0.8250129 0
-0.7516616 -0.6395986 -0.1609927 0
0.1108004 1.220349 0.09267975 1

0.3686385 -0.693332 0.6191901 0
-0.9265687 -0.3275729 0.1848417 0
0.07467344 -0.6418619 -0.7631757 0
0.002904668 1.223326 0.1792066 1

-0.6045443 -0.00457155 0.7965586 0
0.7964872 -0.01802461 0.6043867 0
0.01159457 0.9998273 0.01453771 0
0.04130903 0.001688719 0.3460683 1

-0.4154022 -0.003056034 0.9096327 0
0.9095601 -0.01447117 0.4153204 0
0.01189418 0.9998906 0.008790955 0
0.180485 0.004698038 -0.2085856 1

0.8331248 -0.06696062 -0.549017 0
0.3599908 0.8192486 0.4463612 0
0.4198928 -0.5695155 0.7066414 0
0.06849831 1.2385 0.1498916 1

-0.643205 0.7380044 -0.2040524 0
-0.1666029 -0.3949985 -0.9034491 0
-0.7473496 -0.5471067 0.3770185 0
0.1773822 1.172278 -0.02720927 1

0.02898651 -0.656917 0.7534055 0
-0.6433801 -0.5890996 -0.4889005 0
0.7649981 -0.4705545 -0.4397234 0
-0.1317422 1.175724 0.2060674 1

0.9896204 -0.1047615 -0.09836876 0
0.1273246 0.9565834 0.2621766 0
0.06663191 -0.2719801 0.9599934 0
0.1035707 1.283256 0.1976548 1

-0.2724634 -0.2473882 -0.9298189 0
0.4769785 -0.8740056 0.09277026 0
-0.8356171 -0.4182266 0.3561332 0
0.1423458 1.089211 -0.2172036 1

0.6274431 0.5289215 0.5714518 0
-0.1054681 -0.6693977 0.7353798 0
0.7714868 -0.5216789 -0.3642246 0
-0.2670236 1.051856 0.1032679 1

0.8514693 0.4314896 0.2980211 0
-0.2293014 -0.204749 0.9515771 0
0.4716152 -0.8785753 -0.07539639 0
-0.2995489 0.8454207 0.3300517 1

0.1017226 -0.3176006 -0.942753 0
0.6914282 -0.6587808 0.296539 0
-0.7152482 -0.6820101 0.1525849 0
0.2894435 0.8196717 -0.1885937 1

0.7505718 0.3958002 0.5291353 0
-0.247912 -0.5735992 0.78072 0
0.6125208 -0.7171652 -0.3324037 0
-0.3550543 0.8175442 0.4027232 1

0.7484944 0.4856848 -0.4515159 0
0.6258103 -0.2921138 0.7232088 0
0.2193576 -0.8238811 -0.5225922 0
-0.2674043 0.844812 0.3681657 1

0.8049974 0.4321467 0.4064831 0
-0.1187621 -0.5539014 0.8240684 0
0.5812703 -0.7116476 -0.3945665 0
-0.3394043 0.8213957 0.4236888 1

0.8534496 0.4486037 0.2652896 0
-0.08363217 -0.3845439 0.9193106 0
0.5144216 -0.8067718 -0.2906711 0
-0.3172277 0.8330929 0.4347325 1

0.1294711 -0.3914718 -0.9110366 0
0.5108659 -0.7611146 0.3996516 0
-0.8498553 -0.5171604 0.101447 0
0.3641235 0.7563614 -0.1468887 1

-0.05735946 -0.1934343 -0.9794354 0
0.48895 -0.8607811 0.1413658 0
-0.8704243 -0.4707857 0.1439535 0
0.3609773 0.7536321 -0.1984236 1

0.4557815 -0.7218919 -0.5207068 0
0.2200425 -0.4754626 0.8517729 0
-0.8624645 -0.5027996 -0.05786037 0
0.2965173 0.80382 -0.1425359 1

0.8571384 0.5049521 0.1016727 0
0.01341939 -0.219214 0.9755846 0
0.5149117 -0.8348463 -0.1946728 0
-0.2898106 0.8472264 0.444582 1

0.04353595 -0.2707182 -0.961674 0
0.4384409 -0.8597616 0.2618778 0
-0.8977054 -0.4330379 0.08126324 0
0.3657598 0.7513488 -0.1749111 1

0.176374 -0.4596172 -0.870428 0
0.5728399 -0.6711909 0.4704868 0
-0.8004669 -0.5815969 0.1449063 0
0.3637443 0.7664684 -0.1176068 1

0.8524859 0.4501926 0.2656965 0
0.07697204 -0.6108276 0.7880136 0
0.5170525 -0.6513189 -0.5553741 0
-0.3211002 0.8157076 0.476133 1

0.8584623 0.4953733 0.1328452 0
0.1627847 -0.5087997 0.8453544 0
0.4863576 -0.7040794 -0.5174246 0
-0.2895674 0.8373154 0.4877284 1

0.8062388 0.4365044 0.3993027 0
0.1234366 -0.7842329 0.6080648 0
0.5785693 -0.4409566 -0.6861596 0
-0.3446364 0.7969926 0.4599949 1

0.7635352 0.4263834 0.4849859 0
0.1483245 -0.8467401 0.5109117 0
0.6285014 -0.3181637 -0.7097591 0
-0.366048 0.7916797 0.4382682 1

0.7197577 0.500196 -0.4814073 0
0.6537122 -0.2549046 0.7125198 0
