MeshAnim
1
63
52
30
0.8551713 -0.2542329 -0.4517163 0
0.2160864 0.9669762 -0.1351428 0
0.4711567 0.01796052 0.8818666 0
-0.01044766 0.9793844 -0.09196609 1

0.9908414 -0.07411472 -0.1128724 0
0.07482342 0.9971947 0.00204929 0
0.1124039 -0.01047602 0.9936074 0
0.008913986 1.085294 -0.1149187 1

-0.8767887 0.480819 -0.007389337 0
0.03148919 0.07274142 0.9968535 0
0.4798437 0.8737972 -0.07891943 0
-0.102574 0.9440092 -0.04090893 1

-0.5802144 -0.07921357 0.8106025 0
0.7149615 -0.5262367 0.4603315 0
0.3901043 0.8466405 0.3619648 0
0.05802125 0.8968643 -0.1214574 1

0.9559137 -0.08322211 0.2816083 0
0.04213148 0.9879471 0.148948 0
-0.29061 -0.1305168 0.9478983 0
0.01852363 1.213364 -0.1146555 1

-0.884232 0.4655202 0.03774548 0
-0.02173427 -0.1217431 0.9923236 0
0.4665419 0.8766239 0.1177669 0
-0.08957534 0.9740368 0.3705916 1

-0.538808 -0.139983 0.830717 0
-0.727176 -0.4205776 -0.5425217 0
0.4253247 -0.8963923 0.1248183 0
0.3533053 0.6795249 0.06866271 1

0.8951789 -0.01914245 0.4452955 0
-0.07764706 0.977102 0.198098 0
-0.4388913 -0.2119091 0.8731947 0
0.02470762 1.358373 -0.09279311 1

-0.8436565 0.5298195 0.08680353 0
0.2968156 0.3255532 0.897728 0
0.4473748 0.7831388 -0.4319138 0
-0.09714342 0.9316452 0.716125 1

-0.4545423 0.4519067 0.7675752 0
-0.7664498 -0.6374817 -0.07856113 0
0.4538128 -0.6240172 0.6361262 0
0.100698 0.5334241 -0.1197991 1

0.5220349 0.2079059 -0.8271968 0
0.8499816 -0.2073005 0.4843116 0
-0.07078716 -0.9559298 -0.2849343 0
0.07655074 1.494781 -0.03581782 1

-0.4692919 -0.2121265 0.8571857 0
-0.7924573 -0.327096 -0.5148004 0
0.3895849 -0.9208748 -0.01459762 0
-0.04715144 1.49752 -0.09768479 1

-0.8291242 0.5530683 0.08166167 0
0.4808311 0.6309289 0.6088759 0
0.2852272 0.5440992 -0.789051 0
-0.03889785 0.9955299 0.8922904 1

-0.4584861 0.4634489 0.7582914 0
-0.4221548 -0.8644195 0.2730641 0
0.7820332 -0.1949202 0.5919716 0
-0.04239479 0.4144092 -0.1344662 1

0.8275056 0.04144805 0.5599254 0
-0.3081382 0.8671871 0.3912001 0
-0.4693456 -0.4962547 0.7303739 0
0.01188613 1.519718 -0.06008211 1

0.776581 0.1313126 -0.616181 0
0.5366052 -0.6503334 0.5376999 0
-0.3301163 -0.7482136 -0.5754996 0
0.2000681 1.464656 0.03456124 1

-0.7306286 -0.3049754 0.6108778 0
-0.5153987 -0.3404732 -0.7864109 0
0.4478236 -0.88942 0.09157565 0
-0.1623095 1.449987 -0.1724944 1

0.4150323 -0.04811201 0.9085338 0
-0.2695645 0.9472595 0.173304 0
-0.8689551 -0.3168353 0.3801741 0
-0.02066175 1.569542 -0.0156683 1

-0.05034508 -0.7043231 0.7080921 0
-0.9643263 0.2187712 0.1490434 0
-0.2598848 -0.6753284 -0.6902113 0
0.3129156 1.327892 0.147639 1

0.7066375 0.5434526 0.4531252 0
-0.4119054 -0.2047519 0.8879247 0
0.5753233 -0.814086 0.07916567 0
-0.2706807 1.378397 -0.3378504 1

0.7385046 0.4116738 0.5339804 0
-0.6085563 0.06600116 0.7907609 0
0.2902924 -0.9089381 0.2992689 0
-0.3977082 1.315253 -0.06402335 1

0.03013293 -0.6728067 0.7392046 0
-0.9978445 0.0228851 0.06150553 0
-0.05829811 -0.7394645 -0.6706666 0
0.01552228 1.39536 0.1936032 1

0.6641743 0.3367727 0.6674249 0
-0.2046371 -0.7767829 0.5955937 0
0.7190241 -0.532158 -0.4470033 0
-0.4808815 1.312055 -0.01700129 1

0.9733682 0.2002879 0.1115291 0
-0.1034452 -0.05041689 0.9933565 0
0.2045804 -0.9784389 -0.02835532 0
-0.3832405 1.321351 -0.01669655 1

0.7037996 0.3757459 0.6028936 0
-0.1412048 -0.7577431 0.6370923 0
0.6962233 -0.5335169 -0.4802423 0
-0.4739747 1.319628 0.007375889 1

0.7257986 0.3607942 0.5856992 0
-0.1394101 -0.7566091 0.6388329 0
0.6736327 -0.5453164 -0.4988476 0
-0.4559037 1.331626 0.02411178 1

0.03124878 -0.6602677 0.7503802 0
-0.8277891 -0.4378462 -0.3507933 0
0.5601686 -0.6101947 -0.5602445 0
-0.0900845 1.408456 0.1941176 1

0.09409447 -0.7122904 0.6955491 0
-0.8272331 -0.4446617 -0.3434555 0
0.5539242 -0.5430639 -0.6310702 0
-0.07275975 1.377816 0.2319889 1

-0.3779383 -0.4957222 0.7819349 0
-0.913101 0.06000534 -0.4032941 0
0.1530015 -0.866406 -0.4753226 0
-0.01528698 1.411916 0.158972 1

0.729178 0.3493157 0.5884538 0
-0.07709154 -0.8125003 0.5778409 0
0.6799676 -0.4667138 -0.565528 0
-0.4321755 1.345177 0.04148433 1

0.05924866 -0.6817319 0.7291992 0
-0.827574 -0.4420333 -0.3460172 0
0.5582212 -0.5829651 -0.5903733 0
-0.08524961 1.390909 0.2160674 1

0.02624376 -0.6562082 0.7541237 0
-0.8277917 -0.4371838 -0.3516122 0
0.5604215 -0.6150298 -0.5546768 0
-0.09264759 1.430848 0.172863 1

0.8089088 0.1189415 0.5757772 0
0.5580733 -0.4634696 -0.688295 0
0.1849882 0.878094 -0.4412826 0
-0.4622747 1.297482 0.05283267 1

0.8200217 0.1187151 0.559885 0
0.5593919 -0.3730915 -0.7401915 0
0.1210161 0.9201685 -0.3723513 0
-0.4358867 1.309065 0.06682391 1

0.8010492 0.09252814 0.5914037 0
0.560418 -0.4631216 -0.6866218 0
0.2103599 0.8814517 -0.4228376 0
-0.4801955 1.286245 0.03544433 1

0.798848 0.05500618 0.5990124 0
0.5716971 -0.3791515 -0.7276033 0
0.1870936 0.9236983 -0.3343314 0
-0.4899418 1.276964 0.01019941 1

0.8762228 0.1765796 0.4483892 0
-0.4183766 -0.1830101 0.8896447 0
0.239153 -0.9671231 -0.08648075 0
-0.385314 1.319764 0.02310828 1

-0.07879449 -0.483113 0.8720053 0
-0.9758173 -0.1415278 -0.1665849 0
0.2038924 -0.864044 -0.4602783 0
-0.05009433 1.415658 0.1409462 1

0.08935626 -0.4606039 0.8830966 0
0.4903833 -0.7513851 -0.4415254 0
0.8669139 0.4725091 0.1587315 0
-0.1264124 1.389053 0.1789284 1

0.08116269 -0.4609787 0.8836919 0
0.4906859 -0.7532487 -0.4379997 0
0.8675483 0.4691646 0.16506 0
-0.1291782 1.411336 0.1575895 1

0.1266632 -0.444039 0.8870095 0
0.4900068 -0.7494816 -0.445164 0
0.8624673 0.4910266 0.1226505 0
-0.1233669 1.37055 0.2001303 1

0.1828311 -0.4282364 0.8849783 0
0.4870363 -0.7424855 -0.4599034 0
0.854031 0.5151011 0.0728173 0
-0.1100371 1.357906 0.2164024 1

0.886948 0.1176993 0.4466204 0
0.3587258 0.4335466 -0.8266517 0
-0.2909272 0.8934116 0.3423115 0
-0.4379386 1.277372 0.02301645 1

0.8928449 0.1363049 0.4292419 0
0.304438 0.5196896 -0.7982733 0
-0.3318813 0.8434122 0.4225058 0
-0.413068 1.293948 0.03688241 1

0.9138205 0.06879868 0.4002482 0
0.3113953 0.5139549 -0.7993016 0
-0.2607004 0.8550539 0.4482389 0
-0.4684125 1.262431 -0.01790652 1

0.8957481 0.08947895 0.4354634 0
0.3585971 0.4335302 -0.8267162 0
-0.2627603 0.8966856 0.3562469 0
-0.4569035 1.266996 0.006906323 1

0.4910307 0.1923964 0.8496306 0
-0.8133173 -0.2481644 0.5262402 0
0.312095 -0.9494199 0.03462315 0
-0.4060384 1.310837 0.06562383 1

-0.05124673 -0.3836189 0.9220685 0
0.9949751 -0.0991322 0.01405567 0
0.08601475 0.9181556 0.3867714 0
-0.1047499 1.355917 0.159254 1

-0.04912871 -0.3907084 0.9192028 0
0.9951131 -0.09807003 0.01150104 0
0.08565265 0.9152757 0.3936169 0
-0.109278 1.380897 0.1395155 1

-0.04502153 -0.3460704 0.9371279 0
0.9951097 -0.09809512 0.01158178 0
0.08791938 0.9330665 0.3487943 0
-0.1030207 1.339428 0.1816511 1

-0.05497965 -0.2915963 0.9549602 0
0.994396 -0.1024861 0.02595603 0
0.09030142 0.9510355 0.2955967 0
-0.09202375 1.330352 0.200042 1

0.320873 -0.3880606 0.863973 0
-0.9335799 -0.283297 0.2194795 0
0.1595896 -0.8770129 -0.453188 0
-0.0963059 1.409547 0.1319486 1

0.9634824 -0.2542329 -0.08406772 0
0.2516127 0.9669762 -0.0405955 0
0.09161219 0.01796054 0.9956328 0
0.02610445 0.9793843 -0.08879764 1

0.9568805 -0.07411478 0.2808679 0
0.068152 0.9971947 0.03095235 0
-0.282374 -0.01047597 0.9592471 0
0.05286133 1.085293 -0.1024272 1

-0.8050697 0.4808191 -0.3473842 0
-0.358196 0.07274146 0.9308084 0
0.4728197 0.8737972 0.1136655 0
-0.0786202 0.9440091 -0.07753476 1

-0.84952 -0.07921353 0.5215756 0
0.4800114 -0.5262367 0.7019004 0
0.2188722 0.8466405 0.485072 0
0.1006524 0.8968642 -0.08937745 1

0.7714652 -0.08322214 0.6308054 0
-0.01903337 0.9879471 0.1536173 0
-0.6359868 -0.1305168 0.7605828 0
0.06161416 1.213364 -0.09845193 1

-0.8294604 0.4655203 -0.3086848 0
-0.4054805 -0.121743 0.9059604 0
0.3841626 0.8766239 0.2897404 0
-0.2264833 0.9740368 0.3067024 1

-0.8191781 -0.1399829 0.5561942 0
-0.4593412 -0.4205775 -0.7823812 0
0.3434429 -0.8963924 0.280228 0
0.2989004 0.6795248 0.2005123 1

0.6519179 -0.01914246 0.7580478 0
-0.148498 0.977102 0.1523818 0
-0.743607 -0.2119091 0.6341476 0
0.05882046 1.358373 -0.07590421 1

-0.8111269 0.5298196 -0.247718 0
-0.07520016 0.3255532 0.9425285 0
0.5800155 0.7831386 -0.2242225 0
-0.3676742 0.931645 0.6221635 1

-0.7170028 0.4519068 0.5307423 0
-0.6757495 -0.6374817 -0.3701078 0
0.1710843 -0.6240172 0.7624518 0
0.1393339 0.533424 -0.0712723 1

0.8023548 0.2079059 -0.5594658 0
0.5951145 -0.2073006 0.776444 0
0.04544964 -0.9559298 -0.2900563 0
0.0844615 1.49478 -0.003265157 1

-0.765402 -0.2121264 0.607587 0
-0.5302643 -0.327096 -0.7821942 0
0.3646635 -0.9208748 0.1378769 0
-0.005495857 1.49752 -0.1083243 1

-0.7957385 0.5530683 -0.2468113 0
0.2065659 0.630929 0.7478362 0
0.5693249 0.5440992 -0.6162997 0
-0.3824311 0.9955299 0.8071203 1

-0.7170307 0.4634489 0.5206556 0
-0.4950732 -0.8644195 0.08764261 0
0.4906828 -0.1949202 0.8492565 0
0.01317443 0.414409 -0.1403698 1

0.5450323 0.04144803 0.8373897 0
-0.4358977 0.8671871 0.2407901 0
-0.7161934 -0.4962547 0.4907121 0
0.03429968 1.519718 -0.05074211 1

0.9549471 0.1313125 -0.2661452 0
0.2856077 -0.6503335 0.7039139 0
-0.08065034 -0.7482136 -0.6585379 0
0.1709422 1.464656 0.1095659 1

-0.910543 -0.3049753 0.279108 0
-0.1694584 -0.3404732 -0.9248576 0
0.3770876 -0.88942 0.258335 0
-0.08255266 1.449987 -0.221991 1

0.02953638 -0.04811199 0.9984053 0
-0.3157146 0.9472595 0.05498731 0
-0.9483944 -0.3168353 0.01278916 0
-0.01294428 1.569542 -0.02245857 1

-0.3214393 -0.7043231 0.6329343 0
-0.9464974 0.2187712 -0.2372378 0
0.02862428 -0.6753284 -0.7369616 0
0.2310051 1.327892 0.2575983 1

0.4751402 0.5434526 0.6920266 0
-0.7244619 -0.2047519 0.6582031 0
0.4993961 -0.814086 0.2964248 0
-0.1181841 1.378397 -0.4164577 1

0.473098 0.4116738 0.7789111 0
-0.8679292 0.06600121 0.4922831 0
0.1512512 -0.9089382 0.3885288 0
-0.3416009 1.315253 -0.2134745 1

-0.2593659 -0.6728067 0.6928642 0
-0.943381 0.02288514 -0.3309215 0
0.2067899 -0.7394646 -0.6406484 0
-0.06088985 1.39536 0.1844352 1

0.3527699 0.3367727 0.8730046 0
-0.4199175 -0.7767829 0.4693373 0
0.8361952 -0.5321581 -0.1326091 0
-0.4365081 1.312054 -0.2024522 1

0.8536139 0.2002879 0.4808614 0
-0.4811764 -0.05041684 0.8751727 0
0.1995302 -0.978439 0.05333739 0
-0.3466526 1.321351 -0.1642442 1

0.4143499 0.3757459 0.8289323 0
-0.3775856 -0.7577431 0.5322166 0
0.8280959 -0.533517 -0.1720946 0
-0.4396126 1.319628 -0.1773064 1

0.4413003 0.3607942 0.8216332 0
-0.376608 -0.7566091 0.5345176 0
0.8145062 -0.5453165 -0.1980139 0
-0.4294614 1.331626 -0.1548652 1

-0.2626787 -0.6602677 0.7035956 0
-0.6265278 -0.4378463 -0.6447896 0
0.7338004 -0.6101947 -0.2986631 0
-0.1584038 1.408456 0.143888 1

-0.1834696 -0.7122904 0.6774815 0
-0.6288656 -0.4446618 -0.637812 0
0.7555575 -0.543064 -0.3663529 0
-0.15715 1.377816 0.185515 1

-0.6519917 -0.4957221 0.5737301 0
-0.6847475 0.06000535 -0.726306 0
0.3256191 -0.866406 -0.3785673 0
-0.07582794 1.411916 0.1405561 1

0.4433444 0.3493157 0.8254842 0
-0.2954915 -0.8125003 0.5025216 0
0.8462448 -0.4667138 -0.2569976 0
-0.4143445 1.345177 -0.1296399 1

-0.22865 -0.6817319 0.694954 0
-0.6281847 -0.4420333 -0.640305 0
0.7437091 -0.5829652 -0.3271825 0
-0.1624747 1.390909 0.1659923 1

-0.2687448 -0.6562082 0.7051011 0
-0.626212 -0.4371838 -0.6455452 0
0.7318707 -0.6150299 -0.2934344 0
-0.1525096 1.430848 0.1233067 1

0.5217384 0.1189415 0.8447732 0
0.781609 -0.4634697 -0.4174725 0
0.3418717 0.878094 -0.3347757 0
-0.4464883 1.297482 -0.1308743 1

0.5381519 0.118715 0.8344456 0
0.8029824 -0.3730915 -0.4647816 0
0.2561477 0.9201685 -0.2961061 0
-0.4276071 1.309065 -0.1077317 1

0.5084262 0.09252815 0.8561198 0
0.7831196 -0.4631217 -0.41502 0
0.3580864 0.8814517 -0.3079238 0
-0.4562477 1.286245 -0.1538583 1

0.5034423 0.05500619 0.862276 0
0.8094316 -0.3791516 -0.4484022 0
0.3022682 0.9236983 -0.2354048 0
-0.4554227 1.276964 -0.1809067 1

0.6332486 0.1765796 0.7535353 0
-0.731093 -0.18301 0.6572745 0
0.2539659 -0.9671231 0.01320538 0
-0.3640249 1.319764 -0.1283704 1

-0.4113244 -0.4831129 0.7729259 0
-0.8344852 -0.1415278 -0.5325453 0
0.3666701 -0.864044 -0.3449367 0
-0.1009002 1.415658 0.1104254 1

-0.2606857 -0.4606038 0.8484617 0
0.6233803 -0.7513852 -0.2163733 0
0.7371838 0.472509 0.4830067 0
-0.1859791 1.389052 0.1157805 1

-0.2684671 -0.4609787 0.8458276 0
0.6222897 -0.7532487 -0.2130069 0
0.7353102 0.4691646 0.4890847 0
-0.1802389 1.411336 0.09504285 1

-0.2278282 -0.444039 0.8665586 0
0.6244467 -0.7494817 -0.2198724 0
0.7471014 0.4910266 0.4480317 0
-0.1914083 1.370549 0.1365006 1

-0.1752818 -0.4282364 0.8865045 0
0.6274348 -0.7424856 -0.2346083 0
0.7586845 0.5151011 0.3988346 0
-0.1854459 1.357905 0.1566727 1

0.6438187 0.1176993 0.7560714 0
0.6516576 0.4335466 -0.6223984 0
-0.4010482 0.8934117 0.2024257 0
-0.4124815 1.277371 -0.1488963 1

0.6560029 0.1363048 0.7423481 0
0.5906094 0.5196895 -0.6173357 0
-0.4699366 0.8434123 0.2604149 0
-0.3949498 1.293948 -0.1264585 1

0.6865936 0.06879865 0.7237787 0
0.5974199 0.5139549 -0.6155807 0
-0.4143408 0.855054 0.3117764 0
-0.4246666 1.262431 -0.1984429 1

0.6562616 0.08947895 0.7492088 0
0.6515639 0.4335302 -0.6225078 0
-0.380506 0.8966857 0.2262079 0
-0.4236994 1.266996 -0.1711079 1

0.1224471 0.1923964 0.9736478 0
-0.9538625 -0.2481643 0.1689973 0
0.2741393 -0.9494199 0.1531329 0
-0.3996365 1.310837 -0.09724344 1

-0.405386 -0.3836189 0.8297583 0
0.9113862 -0.09913225 0.3994347 0
-0.07097486 0.9181556 0.3898117 0
-0.1583754 1.355917 0.1060655 1

-0.4023212 -0.3907084 0.8279402 0
0.9125057 -0.09807007 0.3971344 0
-0.07396758 0.9152757 0.3959791 0
-0.1548809 1.380897 0.08611804 1

-0.4054992 -0.3460704 0.8460532 0
0.9124713 -0.09809516 0.3972074 0
-0.05446815 0.9330665 0.3555566 0
-0.1654818 1.339428 0.1273755 1

-0.4216021 -0.2915962 0.8586172 0
0.9062301 -0.1024862 0.4101757 0
-0.03160933 0.9510356 0.3074614 0
-0.162492 1.330352 0.1485939 1

-0.03992027 -0.3880606 0.9207689 0
-0.9455252 -0.283297 -0.1603896 0
0.323092 -0.877013 -0.3556117 0
-0.1399881 1.409546 0.08418413 1

0.9206741 -0.2542329 0.2961838 0
0.2476631 0.9669763 0.06016594 0
-0.3016988 0.01796053 0.9532341 0
0.05853795 0.9793844 -0.07169097 1

0.7730545 -0.0741147 0.6299951 0
0.05081326 0.9971948 0.05496134 0
-0.6323012 -0.01047602 0.7746518 0
0.08848653 1.085294 -0.07387647 1

-0.6073288 0.480819 -0.6324278 0
-0.691159 0.07274141 0.7190326 0
0.3917283 0.8737973 0.2881445 0
-0.04235795 0.9440092 -0.1019254 1

-0.9853122 -0.07921363 0.1512786 0
0.1702195 -0.5262367 0.8331269 0
0.01361334 0.8466406 0.5319911 0
0.1274758 0.8968642 -0.04331317 1

0.4664342 -0.08322208 0.8806323 0
-0.07712173 0.9879471 0.1342117 0
-0.8811876 -0.1305168 0.454394 0
0.09501253 1.213364 -0.06681774 1

-0.6448194 0.4655202 -0.6062169 0
-0.7251056 -0.1217431 0.6777909 0
0.2417226 0.876624 0.4160536 0
-0.327668 0.9740368 0.1948907 1

-0.9707716 -0.139983 0.1949552 0
-0.1199539 -0.4205776 -0.8992917 0
0.2078794 -0.8963924 0.3914932 0
0.1977776 0.6795249 0.300774 1

0.3068949 -0.0191424 0.9515508 0
-0.1959739 0.977102 0.08286206 0
-0.9313484 -0.2119091 0.2961161 0
0.08369271 1.358373 -0.04711835 1

-0.6515658 0.5298195 -0.5429118 0
-0.434859 0.3255532 0.8395908 0
0.6215783 0.7831388 0.01827746 0
-0.5801543 0.931645 0.4309018 1

-0.8667224 0.4519067 0.2111225 0
-0.4793175 -0.6374818 -0.603218 0
-0.1380114 -0.6240172 0.7691264 0
0.1561079 0.5334241 -0.01162311 1

0.9565337 0.207906 -0.2044954 0
0.2474029 -0.2073005 0.9464768 0
0.1543861 -0.9559299 -0.2497264 0
0.07915488 1.49478 0.02977966 1

-0.9411364 -0.2121265 0.2631816 0
-0.1853983 -0.3270961 -0.9266258 0
0.2826476 -0.9208748 0.2685142 0
0.0369841 1.49752 -0.101945 1

-0.6377336 0.5530683 -0.5361078 0
-0.09963862 0.6309291 0.7694157 0
0.7637854 0.5440993 -0.3472577 0
-0.6654887 0.9955299 0.5956587 1

-0.8628362 0.4634489 0.2018144 0
-0.4903141 -0.8644196 -0.1112235 0
0.1229059 -0.1949202 0.9730881 0
0.06662145 0.4144091 -0.1242412 1

0.1776038 0.04144806 0.9832287 0
-0.4951663 0.867187 0.05288714 0
-0.8504512 -0.4962548 0.1745394 0
0.05133246 1.519718 -0.03343571 1

0.9834228 0.1313126 0.1250474 0
-0.009748846 -0.6503334 0.7595863 0
0.1810657 -0.7482136 -0.6382724 0
0.1151069 1.464656 0.1673195 1

-0.9475216 -0.3049755 -0.09587777 0
0.2024967 -0.3404733 -0.9181899 0
0.2473816 -0.88942 0.3843624 0
0.01004243 1.449987 -0.2366001 1

-0.3599912 -0.048112 0.9317144 0
-0.3123293 0.9472595 -0.07176152 0
-0.8791229 -0.3168353 -0.3560316 0
-0.003182996 1.569542 -0.02568877 1

-0.5417535 -0.7043231 0.4587288 0
-0.7804054 0.2187712 -0.5857531 0
0.3122028 -0.6753283 -0.6681775 0
0.1130567 1.327892 0.3270597 1

0.169559 0.5434527 0.8221366 0
-0.9230313 -0.204752 0.325714 0
0.3453443 -0.814086 0.4669063 0
0.05262071 1.378397 -0.4296649 1

0.1339798 0.4116739 0.9014286 0
-0.9909198 0.06600113 0.117139 0
-0.01127213 -0.9089381 0.4167787 0
-0.2320329 1.315253 -0.329218 1

-0.5077815 -0.6728067 0.5380422 0
-0.741199 0.02288505 -0.6708953 0
0.4390696 -0.7394645 -0.5103041 0
-0.1276163 1.39536 0.1464164 1

-0.01342271 0.3367727 0.9414899 0
-0.5690752 -0.7767829 0.2697436 0
0.8221759 -0.532158 0.2020755 0
-0.3237864 1.312054 -0.3558666 1

0.6003063 0.200288 0.7742846 0
-0.7829362 -0.05041689 0.6200556 0
0.1632268 -0.978439 0.1265473 0
-0.2557823 1.321351 -0.2858002 1

0.06043008 0.3757459 0.9247501 0
-0.5544435 -0.7577431 0.3441189 0
0.8300244 -0.5335169 0.1625393 0
-0.3364003 1.319628 -0.3338931 1

0.08810185 0.3607942 0.9284746 0
-0.5544347 -0.7566092 0.346619 0
0.8275507 -0.5453164 0.1333782 0
-0.3357472 1.331626 -0.3092714 1

-0.514997 -0.6602677 0.5466489 0
-0.3274174 -0.4378464 -0.8373103 0
0.792197 -0.6101947 0.009306431 0
-0.2017722 1.408456 0.0712235 1

-0.4318597 -0.7122905 0.5532987 0
-0.3322784 -0.4446618 -0.8317855 0
0.8385035 -0.5430639 -0.04464701 0
-0.2167609 1.377816 0.1100786 1

-0.823472 -0.4957222 0.2759591 0
-0.3494654 0.06000531 -0.9350259 0
0.446954 -0.866406 -0.2226503 0
-0.1243674 1.411916 0.1001782 1

0.08849241 0.3493158 0.932817 0
-0.4672582 -0.8125004 0.3485872 0
0.8796809 -0.4667138 0.09132051 0
-0.3315966 1.345177 -0.2801577 1

-0.4802803 -0.6817319 0.5518811 0
-0.330684 -0.4420334 -0.8338193 0
0.8123909 -0.5829651 -0.01313779 0
-0.2140972 1.390909 0.09001886 1

-0.5211722 -0.6562083 0.5456839 0
-0.3268334 -0.4371838 -0.8378842 0
0.7883906 -0.6150298 0.01337747 0
-0.1883572 1.430848 0.05453918 1

0.1532696 0.1189415 0.9810001 0
0.8823419 -0.4634696 -0.08166182 0
0.4449505 0.8780941 -0.175983 0
-0.3607458 1.297482 -0.2937619 1

0.1724037 0.1187151 0.9778465 0
0.9203905 -0.3730914 -0.1169787 0
0.3509388 0.9201685 -0.1735868 0
-0.3523179 1.309065 -0.2651079 1

0.1365986 0.09252816 0.9862956 0
0.8827831 -0.4631216 -0.07881546 0
0.449482 0.8814518 -0.1449442 0
-0.3608273 1.286245 -0.3187319 1

0.1296173 0.05500623 0.990037 0
0.9199824 -0.3791515 -0.09938008 0
0.3699074 0.9236984 -0.09974954 0
-0.3495766 1.276964 -0.3433433 1

0.291437 0.1765797 0.9401509 0
-0.9287832 -0.1830101 0.3222862 0
0.2289663 -0.9671231 0.1106685 0
-0.285708 1.319764 -0.2594719 1

-0.6788967 -0.483113 0.5529026 0
-0.5626301 -0.1415279 -0.8145044 0
0.4717488 -0.864044 -0.175731 0
-0.1357915 1.415658 0.06268192 1

-0.569344 -0.4606039 0.680949 0
0.6585048 -0.7513851 0.04233064 0
0.4921573 0.4725091 0.7311065 0
-0.216288 1.389052 0.03462141 1

-0.5754948 -0.4609787 0.6755031 0
0.656194 -0.7532487 0.04501058 0
0.4880731 0.4691647 0.7359821 0
-0.2029544 1.411336 0.01773312 1

-0.5460769 -0.444039 0.7103727 0
0.6608449 -0.7494816 0.039519 0
0.5148632 0.4910266 0.7027153 0
-0.2293283 1.370549 0.05161403 1

-0.5053791 -0.4282364 0.7491367 0
0.6693141 -0.7424855 0.02709539 0
0.5446199 0.5151012 0.6618612 0
-0.231656 1.357906 0.07251967 1

0.3001961 0.1176993 0.946588 0
0.8420391 0.4335467 -0.3209476 0
-0.4481654 0.8934116 0.03104149 0
-0.3224112 1.277371 -0.2971843 1

0.3167491 0.1363049 0.9386642 0
0.7838058 0.5196897 -0.3399577 0
-0.5341521 0.8434123 0.05777447 0
-0.3149539 1.293948 -0.2697033 1

0.3521472 0.06879871 0.9334124 0
0.7894025 0.513955 -0.3356989 0
-0.5028275 0.855054 0.1266778 0
-0.3144267 1.262431 -0.3475787 1

0.3143266 0.089479 0.9450883 0
0.8419952 0.4335303 -0.3210848 0
-0.4384546 0.8966857 0.06092916 0
-0.3241367 1.266996 -0.3220081 1

-0.2647508 0.1923964 0.9449287 0
-0.9447458 -0.2481644 -0.2141708 0
0.1932921 -0.94942 0.2474677 0
-0.3306043 1.310837 -0.2445926 1

-0.6954647 -0.3836189 0.6075898 0
0.6851368 -0.09913217 0.7216374 0
-0.216602 0.9181556 0.3317743 0
-0.1870771 1.355917 0.03637247 1

-0.6919347 -0.3907084 0.6071028 0
0.6870609 -0.09806999 0.7199513 0
-0.2217523 0.9152756 0.3362983 0
-0.1761198 1.380897 0.0193416 1

-0.7018888 -0.3460704 0.6225654 0
0.6870008 -0.09809508 0.7200052 0
-0.188102 0.9330665 0.3066023 0
-0.2018921 1.339428 0.05325844 1

-0.721604 -0.2915963 0.6279007 0
0.6762186 -0.1024861 0.7295379 0
-0.1483794 0.9510356 0.271137 0
-0.2073655 1.330352 0.07397557 1

-0.3939013 -0.3880606 0.833217 0
-0.8093135 -0.2832971 -0.5145428 0
0.4357217 -0.877013 -0.2024716 0
-0.1616427 1.409547 0.02333499 1

0.732509 -0.2542328 0.6315032 0
0.2046472 0.9669763 0.1519092 0
-0.6492689 0.0179605 0.7603469 0
0.08178579 0.9793844 -0.04333295 1

0.4664911 -0.07411462 0.8814154 0
0.02538247 0.9971947 0.07041632 0
-0.8841616 -0.01047609 0.4670637 0
0.1102191 1.085294 -0.03367671 1

-0.3129151 0.480819 -0.8190832 0
-0.9166965 0.07274134 0.3929071 0
0.2484984 0.8737973 0.4180033 0
0.0006441921 0.9440092 -0.1104906 1

-0.9663858 -0.07921374 -0.2445894 0
-0.1678486 -0.5262367 0.8336078 0
-0.1947451 0.8466406 0.4952517 0
0.1342185 0.8968643 0.009662747 1

0.08644614 -0.08322203 0.9927744 0
-0.1233205 0.9879471 0.09355552 0
-0.9885946 -0.1305169 0.07514119 0
0.113479 1.213364 -0.02463308 1

-0.3576554 0.4655201 -0.8095515 0
-0.9318912 -0.1217432 0.341698 0
0.06050987 0.876624 0.4773562 0
-0.3777676 0.9740368 0.05170123 1

-0.9700121 -0.1399831 -0.1986989 0
0.2399219 -0.4205776 -0.8749583 0
0.03891104 -0.8963923 0.4415504 0
0.06489585 0.679525 0.3539485 1

-0.08811694 -0.01914239 0.9959261 0
-0.212772 0.977102 -4.49121E-05 0
-0.9731206 -0.2119092 -0.0901722 0
0.09537816 1.358373 -0.01090114 1

-0.3885347 0.5298195 -0.753878 0
-0.7276259 0.3255531 0.603801 0
0.5653329 0.7831389 0.2590217 0
-0.702258 0.931645 0.1706826 1

-0.8804855 0.4519066 -0.1432682 0
-0.2064016 -0.6374819 -0.7423041 0
-0.426783 -0.6240172 0.6545677 0
0.1482402 0.5334241 0.05000439 1

0.9606168 0.2079061 0.1843652 0
-0.1409302 -0.2073005 0.9680729 0
0.2394872 -0.9559298 -0.1698361 0
0.06123678 1.494781 0.05815145 1

-0.9693025 -0.2121266 -0.1243176 0
0.1902999 -0.3270961 -0.9256316 0
0.1556873 -0.9208748 0.3574228 0
0.07372334 1.49752 -0.07959409 1

-0.3784466 0.5530682 -0.7422222 0
-0.3915556 0.630929 0.6697856 0
0.8387267 0.5440993 -0.02221605 0
-0.8450435 0.9955299 0.2891693 1

-0.8732797 0.4634488 -0.1503264 0
-0.4082276 -0.8644196 -0.2934771 0
-0.2659568 -0.1949202 0.9440727 0
0.1097059 0.4144092 -0.0885805 1

-0.2195329 0.04144807 0.9747242 0
-0.4766397 0.867187 -0.1442267 0
-0.8512461 -0.4962549 -0.1706203 0
0.06024411 1.519718 -0.01090854 1

0.8569793 0.1313127 0.4983408 0
-0.30494 -0.6503334 0.6957573 0
0.4154495 -0.7482136 -0.5172798 0
0.04075712 1.464656 0.1988296 1

-0.8352809 -0.3049755 -0.4574882 0
0.5442524 -0.3404732 -0.7667249 0
0.07806978 -0.88942 0.4503745 0
0.1013773 1.449987 -0.2141048 1

-0.6945696 -0.04811204 0.7178152 0
-0.259685 0.9472595 -0.1877847 0
-0.6709226 -0.3168353 -0.6704313 0
0.007018551 1.569542 -0.02501498 1

-0.6776752 -0.7043231 0.211389 0
-0.4904994 0.2187711 -0.843534 0
0.5478747 -0.6753283 -0.4937258 0
-0.02337145 1.327892 0.3451465 1

-0.1641748 0.5434527 0.8232288 0
-0.9769931 -0.204752 -0.0596728 0
0.1361284 -0.8140859 0.5645646 0
0.2158154 1.378397 -0.3753215 1

-0.227837 0.4116738 0.8823913 0
-0.9582483 0.06600103 -0.2782157 0
-0.1727729 -0.9089381 0.3794484 0
-0.08547943 1.315253 -0.393724 1

-0.6772913 -0.6728067 0.2976708 0
-0.4212171 0.02288499 -0.9066712 0
0.6032022 -0.7394644 -0.2988974 0
-0.1746389 1.39536 0.08500497 1

-0.3791996 0.3367727 0.8618534 0
-0.6292024 -0.776783 0.02669387 0
0.678463 -0.5321579 0.5064539 0
-0.1595984 1.312055 -0.454017 1

0.2511752 0.200288 0.9469928 0
-0.9626557 -0.05041696 0.2659926 0
0.1010197 -0.9784389 0.1801451 0
-0.1242691 1.321351 -0.3629912 1

-0.304661 0.3757459 0.8752122 0
-0.6447061 -0.7577431 0.1008923 0
0.7010959 -0.5335168 0.4731004 0
-0.1797771 1.319628 -0.4386948 1

-0.2806274 0.3607942 0.8894243 0
-0.6456723 -0.7566093 0.1031983 0
0.71018 -0.5453163 0.4452801 0
-0.188769 1.331626 -0.4157646 1

-0.68729 -0.6602677 0.3027859 0
0.02470422 -0.4378464 -0.8987104 0
0.7259631 -0.6101946 0.3172388 0
-0.2136364 1.408456 -0.01313908 1

-0.6133142 -0.7122905 0.3413034 0
0.01807469 -0.4446618 -0.8955163 0
0.7896322 -0.5430639 0.2855919 0
-0.2425798 1.377816 0.01680516 1

-0.8659158 -0.4957223 -0.06670374 0
0.04247209 0.06000528 -0.9972942 0
0.4983834 -0.866406 -0.03090513 0
-0.1536307 1.411916 0.04368694 1

-0.2819597 0.3493158 0.8935755 0
-0.5661522 -0.8125004 0.1389779 0
0.7745775 -0.4667137 0.426858 0
-0.1962903 1.345177 -0.3873345 1

-0.6573557 -0.681732 0.3211314 0
0.02033564 -0.4420333 -0.8967681 0
0.7533061 -0.582965 0.3044366 0
-0.2323107 1.390909 -0.000631392 1

-0.6926012 -0.6562083 0.299491 0
0.02546579 -0.4371839 -0.8990114 0
0.7208712 -0.6150298 0.3195049 0
-0.1947808 1.430848 -0.02327791 1

-0.2410756 0.1189415 0.9631902 0
0.8444282 -0.4634695 0.2685834 0
0.4783548 0.8780941 0.01129342 0
-0.217835 1.297482 -0.4112211 1

-0.222225 0.1187151 0.9677411 0
0.8932306 -0.3730913 0.2508827 0
0.3908393 0.9201685 -0.02313005 0
-0.2212378 1.309065 -0.3815479 1

-0.2584924 0.09252817 0.9615716 0
0.8437254 -0.4631215 0.2713767 0
0.4704344 0.8814518 0.04164483 0
-0.2081809 1.286245 -0.4342495 1

-0.2663798 0.05500624 0.9622971 0
0.8859976 -0.3791514 0.2669315 0
0.3795393 0.9236984 0.05226266 0
-0.1882299 1.276964 -0.4525322 1

-0.09791142 0.1765797 0.9794042 0
-0.9809549 -0.1830102 -0.06507081 0
0.1677507 -0.9671231 0.1911356 0
-0.1620881 1.319764 -0.3504037 1

-0.8406733 -0.4831131 0.2446843 0
-0.2008053 -0.1415279 -0.969354 0
0.5029372 -0.864044 0.02196711 0
-0.1495421 1.415658 0.004702792 1

-0.7896701 -0.460604 0.4052967 0
0.5899693 -0.751385 0.2955619 0
0.1683968 0.4725091 0.8650883 0
-0.2127436 1.389052 -0.05250439 1

-0.7932128 -0.4609787 0.3978847 0
0.5867968 -0.7532486 0.2971296 0
0.1627357 0.4691647 0.8679873 0
-0.1938834 1.411336 -0.06286272 1

-0.7797062 -0.4440391 0.4414608 0
0.5932199 -0.7494814 0.2938842 0
0.2003705 0.4910267 0.847788 0
-0.2313742 1.37055 -0.04193565 1

-0.7573286 -0.4282364 0.4930185 0
0.6058605 -0.7424854 0.2857423 0
0.2436937 0.5151012 0.821757 0
-0.2416635 1.357906 -0.02358912 1

-0.09235263 0.1176994 0.9887455 0
0.9005446 0.4335468 0.0325051 0
-0.4248416 0.8934116 -0.1460328 0
-0.1811966 1.277372 -0.3994365 1

-0.07402053 0.1363049 0.9878975 0
0.8543206 0.5196897 -0.007692397 0
-0.5144488 0.8434122 -0.1549159 0
-0.1850362 1.293948 -0.3712218 1

-0.03937355 0.06879872 0.9968531 0
0.8578156 0.513955 -0.001589417 0
-0.512447 0.8550539 -0.0792529 0
-0.1542077 1.262431 -0.4427372 1

-0.07875457 0.08947901 0.99287 0
0.9005577 0.4335304 0.03236169 0
-0.4275435 0.8966856 -0.1147234 0
-0.1731134 1.266996 -0.4229708 1

-0.6120049 0.1923964 0.7670941 0
-0.7866334 -0.2481645 -0.5653509 0
0.08159399 -0.9494199 0.3032236 0
-0.2092338 1.310837 -0.3541936 1

-0.87724 -0.383619 0.2885941 0
0.3498146 -0.0991321 0.9315593 0
-0.3287548 0.9181556 0.2211582 0
-0.1865235 1.355917 -0.03951013 1

-0.8737992 -0.3907085 0.2895209 0
0.3522436 -0.09806994 0.9307561 0
-0.3352608 0.9152756 0.2233178 0
-0.1697963 1.380897 -0.05092567 1

-0.8889914 -0.3460705 0.2998831 0
0.3521672 -0.09809502 0.9307823 0
-0.2926993 0.9330665 0.2090801 0
-0.206747 1.339428 -0.02973107 1

-0.9092274 -0.2915964 0.2971151 0
0.3385228 -0.102486 0.9353606 0
-0.2422974 0.9510355 0.191895 0
-0.21986 1.330352 -0.01278387 1

-0.6874217 -0.3880607 0.6138895 0
-0.5448689 -0.2832972 -0.7892151 0
0.4801765 -0.8770129 -0.01669762 0
-0.1580193 1.409547 -0.0416071 1

0.4302564 -0.2542327 0.8661671 0
0.1297137 0.9669763 0.2193883 0
-0.8933387 0.01796047 0.4490252 0
0.09219793 0.9793844 -0.00815007 1

0.08813539 -0.07411459 0.9933475 0
-0.00391411 0.9971947 0.07474892 0
-0.9961009 -0.01047611 0.08759803 0
0.1146607 1.085294 0.01177776 1

0.02924556 0.480819 -0.8763322 0
-0.9973289 0.07274131 0.00662756 0
0.06693221 0.8737973 0.481662 0
0.04345338 0.9440092 -0.1015207 1

-0.7958858 -0.07921377 -0.6002427 0
-0.4780126 -0.5262367 0.7032633 0
-0.3715778 0.8466406 0.380959 0
0.1199731 0.8968643 0.0610328 1

-0.305352 -0.08322203 0.948596 0
-0.1499521 0.987947 0.03840491 0
-0.9403588 -0.130517 -0.314151 0
0.114158 1.213364 0.02137783 1

-0.01568964 0.4655201 -0.8848983 0
-0.9914735 -0.1217432 -0.04646641 0
-0.1293614 0.8766239 0.4634609 0
-0.3682434 0.9740368 -0.09878486 1

-0.8170262 -0.1399832 -0.5593506 0
0.5604818 -0.4205776 -0.7134247 0
-0.1353829 -0.8963923 0.422081 0
-0.07744937 0.6795249 0.3514854 1

-0.4674743 -0.01914239 0.8837994 0
-0.1961008 0.9771019 -0.08256176 0
-0.8619817 -0.2119092 -0.4605239 0
0.09214824 1.358373 0.02701483 1

-0.06574401 0.5298195 -0.8455585 0
-0.9048488 0.3255531 0.2743427 0
0.4206263 0.7831389 0.4580034 0
-0.7134807 0.931645 -0.1149648 1

-0.7560049 0.4519066 -0.4735371 0
0.09764452 -0.6374819 -0.764253 0
-0.6472421 -0.6240172 0.4378131 0
0.1172515 0.5334241 0.103655 1

0.8139254 0.2079061 0.5424949 0
-0.5053514 -0.2073005 0.8376435 0
0.2866106 -0.9559298 -0.06366149 0
0.03389817 1.494781 0.07742142 1

-0.8452197 -0.2121267 -0.490516 0
0.5343966 -0.3270961 -0.7793769 0
0.004880726 -0.9208748 0.389828 0
0.09882985 1.49752 -0.04469996 1

-0.0609661 0.5530682 -0.8309025 0
-0.6206741 0.630929 0.4655021 0
0.781695 0.5440993 0.3048098 0
-0.8910434 0.9955298 -0.06112918 1

-0.7466255 0.4634488 -0.4772481 0
-0.2624548 -0.8644196 -0.428831 0
-0.6112839 -0.1949202 0.7670323 0
0.1354813 0.4144092 -0.03902765 1

-0.5803813 0.04144807 0.8132893 0
-0.3833967 0.867187 -0.3177953 0
-0.718446 -0.4962549 -0.4874081 0
0.05976703 1.519718 0.0133818 1

0.5966291 0.1313128 0.7917013 0
-0.5509105 -0.6503334 0.5230336 0
0.5835508 -0.7482136 -0.3156662 0
-0.03953832 1.464656 0.1991459 1

-0.5924731 -0.3049756 -0.7456308 0
0.7990155 -0.3404732 -0.495633 0
-0.1027115 -0.88942 0.4454015 0
0.1764871 1.449987 -0.1579572 1

-0.9185984 -0.04811206 0.3922533 0
-0.1665299 0.9472594 -0.2738014 0
-0.3583927 -0.3168354 -0.878163 0
0.01617845 1.569542 -0.02026321 1

-0.7066169 -0.7043232 -0.06798226 0
-0.1249562 0.2187711 -0.9677424 0
0.6964759 -0.6753283 -0.2425968 0
-0.1553942 1.327892 0.3091392 1

-0.4706011 0.5434527 0.6951213 0
-0.8773799 -0.2047521 -0.4339136 0
-0.09348395 -0.8140858 0.5731711 0
0.3444935 1.378397 -0.2621723 1

-0.5522256 0.4116738 0.7249628 0
-0.7753438 0.066001 -0.6280811 0
-0.3064129 -0.9089381 0.2827415 0
0.07391834 1.315253 -0.3959869 1

-0.7397261 -0.6728067 0.01169508 0
-0.03660992 0.02288496 -0.9990678 0
0.6719117 -0.7394644 -0.04155993 0
-0.1939301 1.39536 0.0106924 1

-0.6837756 0.3367727 0.6473288 0
-0.5903069 -0.776783 -0.2194217 0
0.428939 -0.5321579 0.7299447 0
0.02898445 1.312054 -0.4803067 1

-0.1357608 0.200288 0.9702852 0
-0.9904689 -0.05041699 -0.1281777 0
0.02324636 -0.9784389 0.2052239 0
0.02624557 1.321351 -0.3827036 1

-0.6202522 0.3757459 0.6885506 0
-0.633374 -0.7577432 -0.1570438 0
0.462736 -0.5335168 0.7079796 0
0.00444264 1.319628 -0.4740098 1

-0.6036116 0.3607942 0.7109714 0
-0.6351588 -0.7566093 -0.155293 0
0.4818988 -0.5453163 0.6858599 0
-0.01273856 1.331626 -0.4563617 1

-0.750926 -0.6602677 0.012532 0
0.3713213 -0.4378464 -0.8187864 0
0.5461053 -0.6101946 0.5739617 0
-0.1918116 1.408456 -0.09489438 1

-0.6976787 -0.7122905 0.0767251 0
0.3639719 -0.4446618 -0.8184135 0
0.6170647 -0.5430638 0.5694849 0
-0.230103 1.377816 -0.07851917 1

-0.7722698 -0.4957224 -0.3973146 0
0.4259326 0.06000528 -0.9027631 0
0.4713606 -0.8664058 0.1648041 0
-0.1585416 1.411916 -0.01924393 1

-0.6064497 0.3493158 0.7142811 0
-0.5757393 -0.8125004 -0.09147318 0
0.5484005 -0.4667137 0.6938553 0
-0.03069729 1.345177 -0.4330738 1

-0.7304497 -0.681732 0.04105121 0
0.3665414 -0.4420334 -0.8186905 0
0.5762733 -0.582965 0.5727661 0
-0.2138751 1.390909 -0.09060821 1

-0.7545435 -0.6562083 0.007435188 0
0.37214 -0.4371838 -0.8187685 0
0.5405331 -0.6150297 0.5740756 0
-0.1704997 1.430848 -0.09692682 1

-0.5957646 0.1189415 0.7943031 0
0.6741682 -0.4634695 0.5750594 0
0.4365336 0.8780941 0.1959319 0
-0.04129169 1.297482 -0.4634466 1

-0.5801543 0.1187151 0.8058088 0
0.7260157 -0.3730913 0.5776713 0
0.3692186 0.9201685 0.1302612 0
-0.05593645 1.309065 -0.4374156 1

-0.6111904 0.09252817 0.7860564 0
0.6724372 -0.4631215 0.5773616 0
0.4174618 0.8814518 0.2208358 0
-0.02346199 1.286245 -0.4809283 1

-0.6187419 0.05500623 0.7836662 0
0.7131246 -0.3791514 0.5896589 0
0.3295631 0.9236984 0.1953703 0
0.002018072 1.276964 -0.4900424 1

-0.4700944 0.1765797 0.8647721 0
-0.8789381 -0.1830102 -0.4404256 0
0.08049181 -0.967123 0.2412348 0
-0.01349519 1.319764 -0.3857688 1

-0.8697701 -0.4831131 -0.1005093 0
0.1908606 -0.141528 -0.9713611 0
0.4550523 -0.8640439 0.2153041 0
-0.1396537 1.415658 -0.05359106 1

-0.8850499 -0.460604 0.06731269 0
0.4291629 -0.751385 0.5012383 0
-0.1802946 0.4725091 0.8626873 0
-0.1757214 1.389052 -0.1308323 1

-0.8854407 -0.4609788 0.05910686 0
0.4256307 -0.7532486 0.501453 0
-0.186637 0.4691647 0.8631637 0
-0.1543202 1.411336 -0.1330653 1

-0.8898916 -0.4440391 0.1045104 0
0.4328097 -0.7494814 0.5009528 0
-0.144114 0.4910267 0.8591415 0
-0.1969927 1.37055 -0.1283163 1

-0.8892614 -0.4282365 0.1607116 0
0.4476187 -0.7424854 0.4983507 0
-0.09408589 0.5151013 0.8519502 0
-0.213592 1.357906 -0.1153964 1

-0.4685935 0.1176994 0.875538 0
0.8174517 0.4335468 0.379223 0
-0.3349524 0.8934116 -0.2993708 0
-0.01209143 1.277371 -0.4383748 1

-0.4513674 0.1363049 0.8818663 0
0.7904356 0.5196897 0.3242445 0
-0.4141007 0.8434122 -0.3423115 0
-0.02657314 1.293948 -0.4138575 1

-0.4229056 0.06879872 0.9035582 0
0.79129 0.5139551 0.3312253 0
-0.4416004 0.8550539 -0.2717943 0
0.02957853 1.262431 -0.467819 1

-0.4576594 0.08947901 0.8846135 0
0.8175194 0.4335304 0.3790959 0
-0.3495856 0.8966856 -0.2715601 0
0.004486479 1.266996 -0.4569321 1

-0.8616081 0.1923964 0.4696965 0
-0.5058005 -0.2481645 -0.8261838 0
-0.04239292 -0.9494199 0.3111351 0
-0.05548088 1.310837 -0.4075468 1

-0.9205045 -0.383619 -0.0742182 0
-0.03885627 -0.09913209 0.9943154 0
-0.3887956 0.9181556 0.07634553 0
-0.1565932 1.355917 -0.1086861 1

-0.9176923 -0.3907085 -0.07202938 0
-0.03630587 -0.09806991 0.9945172 0
-0.39563 0.9152756 0.07581291 0
-0.136748 1.380897 -0.1127207 1

-0.9357143 -0.3460705 -0.06837031 0
-0.03638652 -0.098095 0.9945118 0
-0.3508779 0.9330664 0.07919639 0
-0.1790264 1.339428 -0.1075157 1

-0.9532928 -0.2915964 -0.07876995 0
-0.05073845 -0.102486 0.9934399 0
-0.2977561 0.9510355 0.08290389 0
-0.1976858 1.330352 -0.09698072 1

-0.871704 -0.3880607 0.2992342 0
-0.1961369 -0.2832972 -0.9387615 0
0.4490686 -0.8770129 0.1708383 0
-0.1295068 1.409547 -0.09956397 1

0.06065047 -0.2542329 0.9652395 0
0.03447461 0.9669763 0.2525241 0
-0.9975636 0.01796053 0.06741214 0
0.08811925 0.9793844 0.02830984 1

-0.3040173 -0.0741147 0.9497792 0
-0.03259789 0.9971948 0.06738038 0
-0.9521087 -0.01047602 -0.3055805 0
0.1010951 1.085294 0.05538974 1

0.3668282 0.480819 -0.7963983 0
-0.9218374 0.07274141 -0.3806896 0
-0.1251117 0.8737973 0.4699206 0
0.07940231 0.9440092 -0.0766574 1

-0.5007963 -0.07921363 -0.861933 0
-0.7133477 -0.5262367 0.4628284 0
-0.490243 0.8466406 0.2070305 0
0.08688893 0.8968643 0.1028499 1

-0.6493499 -0.08322208 0.7559226 0
-0.1531099 0.9879471 -0.02275753 0
-0.7449175 -0.1305168 -0.6542656 0
0.09690855 1.213364 0.06404346 1

0.3287324 0.4655202 -0.8217214 0
-0.8958486 -0.1217431 -0.4273569 0
-0.2989821 0.876624 0.3770147 0
-0.3011316 0.9740368 -0.2338058 1

-0.5361415 -0.139983 -0.8324406 0
0.793303 -0.4205776 -0.4402103 0
-0.2884839 -0.8963924 0.336538 0
-0.2077286 0.6795249 0.2940012 1

-0.7736524 -0.0191424 0.6333211 0
-0.1487315 0.977102 -0.152154 0
-0.6159067 -0.2119091 -0.7587844 0
0.07443531 1.358373 0.06070314 1

0.2673385 0.5298195 -0.8048735 0
-0.9404249 0.3255532 -0.09806173 0
0.2100742 0.7831388 0.5852885 0
-0.6130717 0.9316451 -0.3826142 1

-0.5131778 0.4519067 -0.7296774 0
0.3864053 -0.6374818 -0.6665644 0
-0.7663808 -0.6240172 0.1525223 0
0.06784997 0.5334241 0.1410804 1

0.5398205 0.207906 0.8157016 0
-0.790664 -0.2073005 0.5760878 0
0.2888674 -0.9559299 0.05247863 0
0.001195133 1.494781 0.084573 1

-0.5888247 -0.2121265 -0.7799281 0
0.794838 -0.3270961 -0.511117 0
-0.14669 -0.9208748 0.3612086 0
0.1084074 1.49752 -0.002807099 1

0.2660583 0.5530683 -0.7895116 0
-0.752631 0.6309291 0.1883482 0
0.6022953 0.5440993 0.5841203 0
-0.7976157 0.9955299 -0.4018573 1

-0.5030932 0.4634489 -0.7294605 0
-0.07559685 -0.8644196 -0.4970551 0
-0.8609196 -0.1949202 0.469919 0
0.1399902 0.4144092 0.01663578 1

-0.8503758 0.04144806 0.5245407 0
-0.2301359 0.867187 -0.4416154 0
-0.473179 -0.4962548 -0.7278964 0
0.04987596 1.519718 0.03557867 1

0.2428815 0.1313126 0.9611273 0
-0.7106407 -0.6503334 0.2684332 0
0.6603019 -0.7482136 -0.06463785 0
-0.1137023 1.464656 0.1682887 1

-0.2569185 -0.3049755 -0.9170511 0
0.9286993 -0.3404733 -0.1469537 0
-0.2674142 -0.88942 0.3707044 0
0.2239115 1.449987 -0.07708146 1

-0.9988282 -0.048112 0.005287308 0
-0.04730584 0.9472595 -0.3169566 0
0.01024076 -0.3168353 -0.9484254 0
0.0227478 1.569542 -0.01233807 1

-0.6249435 -0.7043231 -0.3367116 0
0.260148 0.2187712 -0.9404587 0
0.7360495 -0.6753283 0.04650863 0
-0.2631493 1.327892 0.2247399 1

-0.7033585 0.5434527 0.4581984 0
-0.64042 -0.204752 -0.7402289 0
-0.3084624 -0.814086 0.492052 0
0.4191859 1.378397 -0.107981 1

-0.7901678 0.4116739 0.4540473 0
-0.4710655 0.06600113 -0.8796256 0
-0.3920866 -0.9089381 0.1417735 0
0.2216869 1.315253 -0.3362601 1

-0.6863628 -0.6728067 -0.2761116 0
0.3537284 0.02288505 -0.9350684 0
0.6354389 -0.7394645 0.2222833 0
-0.182921 1.39536 -0.0652927 1

-0.8813122 0.3367727 0.3314702 0
-0.4590038 -0.7767829 -0.4311888 0
0.1122679 -0.532158 0.8391685 0
0.2129721 1.312055 -0.4314069 1

-0.5014446 0.200288 0.8416874 0
-0.8632323 -0.05041689 -0.502283 0
-0.05816609 -0.978439 0.1981764 0
0.1725938 1.321351 -0.3425056 1

-0.838748 0.3757459 0.394102 0
-0.5228923 -0.7577431 -0.3903961 0
0.1519385 -0.5335169 0.8320302 0
0.1879091 1.319628 -0.4351211 1

-0.8321055 0.3607942 0.4212217 0
-0.5252164 -0.7566092 -0.3894745 0
0.1781801 -0.5453164 0.8190738 0
0.1652281 1.331626 -0.4255177 1

-0.6970106 -0.6602677 -0.2796839 0
0.6598111 -0.4378464 -0.6106882 0
0.2807591 -0.6101947 0.7408355 0
-0.1400181 1.408456 -0.1617935 1

-0.6728274 -0.7122905 -0.1998641 0
0.6528922 -0.4446618 -0.6131948 0
0.3479006 -0.5430639 0.7642295 0
-0.1816633 1.377816 -0.1615507 1

-0.5577313 -0.4957222 -0.6657292 0
0.742717 0.06000531 -0.6669117 0
0.37055 -0.866406 0.3347144 0
-0.1386921 1.411916 -0.07916102 1

-0.836005 0.3493158 0.4231717 0
-0.4951993 -0.8125004 -0.3076051 0
0.2363758 -0.4667138 0.8522351 0
0.1396432 1.345177 -0.4110177 1

-0.6891978 -0.6817319 -0.2454555 0
0.655368 -0.4420334 -0.6124536 0
0.3090295 -0.5829651 0.7514336 0
-0.162017 1.390909 -0.1663998 1

-0.6983684 -0.6562083 -0.2857848 0
0.6605588 -0.4371838 -0.6103542 0
0.2755788 -0.6150298 0.7387794 0
-0.119586 1.430848 -0.1554013 1

-0.8571916 0.1189415 0.5010743 0
0.3983727 -0.4634696 0.7915145 0
0.3263767 0.8780941 0.3498989 0
0.1416576 1.297482 -0.443122 1

-0.8472655 0.1187151 0.5177337 0
0.445149 -0.3730914 0.8140302 0
0.2897998 0.9201685 0.2632613 0
0.1180634 1.309065 -0.4248082 1

-0.8682116 0.09252816 0.4874905 0
0.3958842 -0.4631216 0.7929651 0
0.299139 0.8814518 0.365457 0
0.1648718 1.286245 -0.4523205 1

-0.874245 0.05500623 0.4823586 0
0.4286178 -0.3791515 0.8200799 0
0.2279966 0.9236984 0.3078945 0
0.1918922 1.276964 -0.4508391 1

-0.7686879 0.1765797 0.6147668 0
-0.6393306 -0.1830101 -0.7468355 0
-0.01936755 -0.9671231 0.2535705 0
0.1371524 1.319764 -0.3607437 1

-0.7627114 -0.483113 -0.4299691 0
0.5526489 -0.1415279 -0.8213095 0
