MeshAnim
1
32
52
30
0.0551213 0.09849001 0.9936103 0
-0.02814652 0.994881 -0.09705452 0
-0.9980829 -0.0226169 0.05761129 0
0.002941051 0.9117802 -0.003417584 1

0.2590391 0.03014872 0.9653962 0
-0.009716762 0.9995434 -0.02860787 0
-0.9658179 -0.001969967 0.2592138 0
0.009052345 1.021124 -0.01459518 1

0.05086159 0.005628057 -0.9986899 0
-0.1420946 -0.9897701 -0.01281444 0
-0.9885455 0.1425602 -0.04954157 0
-0.001442218 0.8419109 -0.08969951 1

-0.01346157 0.1257722 -0.9919678 0
-0.1891783 -0.974461 -0.1209852 0
-0.9818504 0.1860302 0.03691116 0
0.005015635 0.8601156 0.09503929 1

0.5290883 0.01647923 0.8484067 0
-0.02746975 0.99962 -0.002285495 0
-0.8481221 -0.02209628 0.52934 0
0.007804411 1.149497 -0.01826931 1

0.09263022 0.163371 -0.9822065 0
0.8532476 -0.5214683 -0.006267789 0
-0.5132135 -0.8374848 -0.1876996 0
-0.06009877 0.4333345 -0.09498931 1

-0.1068282 0.1192112 -0.9871051 0
0.08803469 -0.9877531 -0.1288169 0
-0.9903725 -0.1006607 0.09502512 0
-0.07311632 0.4576565 0.04507155 1

0.7534873 0.00314109 0.6574548 0
-0.03032047 0.9990907 0.02997598 0
-0.6567628 -0.04252086 0.7528974 0
0.003772445 1.296219 -0.01860477 1

0.183893 0.1171141 -0.9759445 0
0.1165825 -0.9884672 -0.09664966 0
-0.9760081 -0.09600495 -0.1954257 0
0.2370075 0.2517559 -0.09717179 1

-0.1094567 0.02308504 -0.9937234 0
-0.8035952 -0.5904577 0.07479756 0
-0.585025 0.8067386 0.08318058 0
-0.04253473 0.1145296 0.000322958 1

0.5907426 0.1224251 -0.7975183 0
0.7326913 -0.4953483 0.466684 0
-0.3379152 -0.8600248 -0.3823232 0
0.05288234 1.436935 0.02964625 1

-0.3687288 -0.05966184 0.9276203 0
-0.755508 -0.5621358 -0.3364691 0
0.5415229 -0.8248904 0.1622005 0
-0.0511497 1.436539 -0.06153726 1

0.2495806 0.05574221 -0.9667484 0
-0.668581 -0.7122803 -0.2136739 0
-0.7005063 0.6996785 -0.1405031 0
0.259885 0.05778426 -0.1161378 1

-0.09715566 0.002795137 -0.9952652 0
-0.9952642 0.002925736 0.09716377 0
0.00318344 0.9999918 0.002497658 0
-0.1925624 0.00429374 0.01428734 1

0.8124269 -9.46708E-05 0.583063 0
-0.1080454 0.9826562 0.1507076 0
-0.5729648 -0.1854362 0.7983262 0
-0.001234226 1.461195 -0.01365499 1

0.7221501 0.2794618 -0.632772 0
0.3313141 -0.9427453 -0.03824899 0
-0.6072317 -0.1820246 -0.7733932 0
0.1593554 1.364952 0.09746371 1

-0.3008104 -0.03581911 0.9530112 0
-0.1970354 -0.9754002 -0.09885339 0
0.9331082 -0.217513 0.2863528 0
-0.1609384 1.354851 -0.1104322 1

0.9987277 -0.0299124 -0.04060094 0
0.02985059 0.9995521 -0.002128579 0
0.04064632 0.0009138957 0.9991732 0
-0.02203544 1.526318 0.01533955 1

0.7836239 -0.01308934 -0.6210979 0
0.08752945 -0.9874785 0.131244 0
-0.6150385 -0.1572101 -0.7726661 0
0.2290304 1.166694 0.08941996 1

-0.2145541 0.3313161 0.9188017 0
-0.2643993 -0.9252872 0.2719132 0
0.9402447 -0.1845904 0.2861237 0
-0.2023684 1.149757 -0.1312177 1

0.2014112 0.5401313 0.8171242 0
-0.5179234 -0.6493363 0.5568823 0
0.831378 -0.5353702 0.148963 0
-0.2839065 0.8644077 -0.04736244 1

0.9734717 0.2069121 0.09767316 0
0.2251728 -0.9421195 -0.2484124 0
0.04062014 0.2638158 -0.9637176 0
0.2560239 0.8621601 0.1298949 1

0.09896394 0.3335841 0.9375115 0
0.1052474 -0.9403611 0.3234878 0
0.9895098 0.06665698 -0.1281706 0
-0.3428063 0.7910435 -0.0304036 1

0.6287737 0.6646173 0.4036434 0
0.0391537 -0.5454985 0.8371965 0
0.7766023 -0.5106032 -0.3690173 0
-0.2805311 0.8594754 0.002141121 1

0.1324878 0.4059174 0.9042556 0
0.01899889 -0.9131703 0.4071353 0
0.9910028 -0.03676049 -0.1286958 0
-0.3445862 0.7911077 -0.004019121 1

0.1666726 0.5122688 0.842497 0
-0.09849522 -0.8415254 0.531163 0
0.9810807 -0.1715122 -0.08980318 0
-0.3412133 0.8041922 0.0198138 1

0.9628654 0.250634 0.1003632 0
0.2530283 -0.708078 -0.6592439 0
-0.09416422 0.6601581 -0.7452013 0
0.2683645 0.7591435 0.1062332 1

0.8757471 0.4455891 0.1857886 0
0.4060653 -0.471731 -0.7826758 0
-0.2611097 0.7608683 -0.5940554 0
0.3125139 0.7830726 0.1185376 1

0.9072059 -0.3843585 0.1710162 0
-0.1734947 -0.7121655 -0.6802356 0
0.3832459 0.587443 -0.7127646 0
0.2264034 0.8304241 0.1066984 1

0.2152173 0.5856091 0.7815009 0
-0.296951 -0.7231167 0.6236364 0
0.9303237 -0.3662849 0.01827004 0
-0.334982 0.8216793 0.04634373 1

0.9178467 0.3614073 0.1641408 0
0.3575292 -0.5731012 -0.7373794 0
-0.1724252 0.7354863 -0.6552326 0
0.2948384 0.7680905 0.1119022 1

0.9856806 0.1548077 0.06684506 0
0.1677161 -0.8589923 -0.4837395 0
-0.01746736 0.4880237 -0.8726559 0
0.2386382 0.7505305 0.1048574 1

0.166806 0.4594782 0.8723851 0
0.1652947 -0.885291 0.4346698 0
0.9720358 0.07169515 -0.2236208 0
-0.3456725 0.7662034 0.04365091 1

0.2035213 0.5499722 0.8100063 0
-0.1693171 -0.7950856 0.5823836 0
0.9643191 -0.2556753 -0.06869715 0
-0.3482159 0.7894281 0.07363159 1

0.1459993 0.3471873 0.9263612 0
0.3279248 -0.9004388 0.2857891 0
0.9333542 0.2620519 -0.2453148 0
-0.3437491 0.7508762 0.01391826 1

0.1203672 0.2618334 0.9575778 0
0.5222754 -0.8370118 0.1632167 0
0.8442396 0.4804735 -0.2374978 0
-0.3380058 0.7485405 -0.01544623 1

0.569293 0.5151075 0.6407574 0
-0.2281445 -0.6497898 0.7250677 0
0.7898455 -0.5589613 -0.2524019 0
-0.277649 0.8391433 0.03633973 1

0.9415223 -0.1153201 0.3166026 0
0.06675351 -0.8571501 -0.5107235 0
0.3302723 0.5019915 -0.7993277 0
0.2170532 0.8035269 0.07950287 1

0.9441808 0.2931754 0.1502365 0
0.2815261 -0.4812635 -0.830138 0
-0.1710728 0.8260956 -0.5369361 0
0.2797397 0.7281318 0.07732302 1

0.9759211 0.1968429 0.09397284 0
0.2132749 -0.7707909 -0.6003295 0
-0.04573732 0.6059164 -0.7942128 0
0.2463637 0.712665 0.08352683 1

0.8932893 0.3899798 0.2234953 0
0.3465671 -0.2809492 -0.8949634 0
-0.2862269 0.8769172 -0.3861229 0
0.3113061 0.7416941 0.07793926 1

0.8389022 0.4747443 0.2661972 0
0.3279564 -0.05057337 -0.9433384 0
-0.4343822 0.8786697 -0.1981216 0
0.3306589 0.7617501 0.08325205 1

0.1743169 0.4346288 0.883579 0
0.3326144 -0.8705654 0.3626073 0
0.9268126 0.2306824 -0.2963178 0
-0.3384736 0.7278181 0.0626363 1

0.2013851 0.5306697 0.8233066 0
-0.01403089 -0.8388783 0.5441383 0
0.9794118 -0.1211331 -0.1614917 0
-0.3550534 0.7572581 0.09738147 1

0.1653105 0.2002099 0.9657062 0
0.6766725 -0.7353732 0.03662378 0
0.7174869 0.6474127 -0.2570412 0
-0.3180715 0.7163947 -0.009618288 1

0.1699528 0.3076233 0.9362073 0
0.5546296 -0.8151351 0.1671569 0
0.8145567 0.4908396 -0.3091512 0
-0.3301198 0.7134516 0.025796 1

0.4701211 0.406147 0.7836014 0
-0.3112288 -0.7545151 0.5777922 0
0.8259076 -0.5155116 -0.2283086 0
-0.2890118 0.8075241 0.07080521 1

0.9334942 0.3071627 0.1850403 0
0.2683578 -0.2561308 -0.9286452 0
-0.2378508 0.9165416 -0.321526 0
0.2920184 0.7068048 0.04059888 1

0.97465 0.2021852 0.09580515 0
0.2021573 -0.6123514 -0.7643026 0
-0.09586444 0.7642953 -0.6377015 0
0.2547076 0.6812998 0.05911736 1

0.8875968 0.3946331 0.2375637 0
0.2813982 -0.05624525 -0.9579414 0
-0.3646736 0.917116 -0.1609721 0
0.3257004 0.7300307 0.04078057 1

0.817593 0.4794621 0.318838 0
0.2584415 0.1892488 -0.9473086 0
-0.5145382 0.8569138 0.0308157 0
0.343228 0.7601826 0.04874285 1

0.9510154 -0.01833486 0.3085999 0
0.14943 -0.8466138 -0.5107995 0
0.2706301 0.5318921 -0.8024027 0
0.2190424 0.7629927 0.0548686 1

0.06253672 0.08383394 0.9945155 0
-0.02914842 0.9961942 -0.08214255 0
-0.9976169 -0.02385162 0.06474233 0
0.006613836 0.921695 -0.004732159 1

0.2445565 0.02872266 0.9692095 0
-0.008577321 0.9995861 -0.02745859 0
-0.9695972 -0.00159804 0.2447017 0
0.01261093 1.031195 -0.01433967 1

0.01429799 -0.01219306 -0.9998235 0
-0.2508662 -0.9679869 0.008217275 0
-0.9679163 0.2507044 -0.0168991 0
0.001603608 0.8531052 -0.09200098 1

-0.05261206 0.124432 -0.9908324 0
-0.09069575 -0.9887013 -0.1193485 0
-0.994488 0.08358512 0.06330305 0
0.009440321 0.8685834 0.09293294 1

0.5106061 0.01672754 0.8596521 0
-0.02687971 0.9996326 -0.003485657 0
-0.8593946 -0.02132739 0.5108681 0
0.01150934 1.159572 -0.0178662 1

0.08062128 0.1347292 -0.9875973 0
0.7865399 -0.6172159 -0.01999314 0
-0.6122544 -0.7751727 -0.1557306 0
-0.1019538 0.4535207 -0.08860889 1

-0.1551961 0.1059059 -0.9821905 0
0.08468442 -0.9891511 -0.1200374 0
-0.9842473 -0.1018055 0.1445438 0
-0.02801765 0.460243 0.04364117 1

0.7344651 0.004620068 0.6786308 0
-0.03111844 0.9991543 0.02687654 0
-0.6779328 -0.0408578 0.7339877 0
0.007563975 1.306297 -0.01837782 1

0.1328991 0.0897649 -0.9870564 0
-0.1095942 -0.9884523 -0.1046478 0
-0.9850518 0.1220832 -0.1215268 0
0.1719244 0.2386023 -0.09557062 1

-0.1108573 0.0248482 -0.9935258 0
-0.8016943 -0.5930585 0.07462034 0
-0.5873644 0.8047761 0.08566551 0
0.001400122 0.1166304 0.001942433 1

0.6249883 0.1186599 -0.7715632 0
0.711962 -0.4920011 0.5010442 0
-0.320156 -0.8624703 -0.3919763 0
0.05528639 1.44712 0.03093841 1

-0.3971199 -0.0567871 0.9160082 0
-0.7390328 -0.5720114 -0.3558564 0
0.5441752 -0.8182777 0.1851895 0
-0.04610761 1.44652 -0.06316874 1

0.1961905 0.007725522 -0.9805354 0
-0.8099595 -0.5623578 -0.1664916 0
-0.5526979 0.8268581 -0.1040719 0
0.1504182 0.04463357 -0.1161062 1

-0.09846032 0.0004547015 -0.9951409 0
-0.9945711 0.03379346 0.0984194 0
0.03367406 0.9994288 -0.002875067 0
-0.1482727 0.005909026 0.01587373 1

0.7984285 0.001137257 0.6020885 0
-0.1162663 0.9814676 0.1523268 0
-0.5907574 -0.1916246 0.7837641 0
0.002425539 1.471283 -0.01393983 1

0.7951078 0.1990909 -0.5728582 0
0.2792493 -0.958676 0.05441083 0
-0.5383525 -0.2032327 -0.8178468 0
0.1587471 1.375624 0.103749 1

-0.4203134 -0.06675574 0.9049203 0
-0.1523164 -0.977948 -0.1428902 0
0.8945036 -0.1978928 0.4008765 0
-0.1535022 1.363397 -0.114881 1

0.9990962 -0.02642372 -0.03329616 0
0.02663895 0.9996269 0.006036341 0
0.03312412 -0.006917842 0.9994273 0
-0.0193652 1.53618 0.01483426 1

0.8385584 -0.1082357 -0.5339524 0
0.005720881 -0.978264 0.2072851 0
-0.5447818 -0.1768752 -0.8197123 0
0.2174729 1.174015 0.1151915 1

-0.3704307 0.1955012 0.9080532 0
-0.2374239 -0.9650531 0.1109185 0
0.8980039 -0.1745059 0.4039018 0
-0.1855292 1.157767 -0.144926 1

0.1068726 0.4328484 0.8951094 0
-0.5097275 -0.7491064 0.423105 0
0.8536724 -0.50148 0.1405756 0
-0.2587484 0.8601542 -0.1107199 1

0.9838162 0.1325455 0.1205715 0
0.1425864 -0.9866387 -0.07882649 0
0.1085123 0.09474258 -0.9895702 0
0.2192372 0.8723238 0.1791172 1

-0.01398422 0.2315423 0.9727244 0
-0.03998457 -0.9721709 0.2308356 0
0.9991026 -0.03566573 0.02285303 0
-0.3135324 0.7818457 -0.108353 1

0.5523705 0.6383439 0.5361007 0
0.01851771 -0.6523536 0.7576886 0
0.8333932 -0.4085974 -0.3721616 0
-0.2584859 0.848634 -0.06220663 1

0.02989482 0.3060331 0.9515516 0
-0.084379 -0.9478064 0.3074794 0
0.9959854 -0.08948287 -0.002511788 0
-0.3171383 0.7781599 -0.08241604 1

0.07275452 0.3986619 0.9142078 0
-0.1723477 -0.8978215 0.4052321 0
0.982346 -0.187044 0.003387786 0
-0.3163286 0.7879999 -0.05686007 1

0.9787497 0.171196 0.1128754 0
0.2048175 -0.8428425 -0.497661 0
0.009938654 0.5102043 -0.8599959 0
0.2224644 0.7661194 0.1732166 1

0.9089851 0.3863035 0.156576 0
0.3893223 -0.6526306 -0.6500013 0
-0.1489116 0.6518 -0.743628 0
0.2681606 0.7877262 0.1840875 1

0.8676092 -0.4091806 0.2825344 0
-0.2111686 -0.8176119 -0.5356483 0
0.4501803 0.405071 -0.7957737 0
0.1877002 0.8399375 0.1596443 1

0.1177926 0.4814188 0.8685395 0
-0.3244815 -0.8079594 0.4918469 0
0.9385292 -0.339761 0.06103975 0
-0.313162 0.8019862 -0.02782877 1

0.942745 0.2969716 0.15179 0
0.3274769 -0.7380383 -0.5899649 0
-0.06317601 0.6058941 -0.7930332 0
0.2494123 0.7734863 0.1789259 1

0.9929058 0.06749673 0.09789004 0
0.09409549 -0.9493405 -0.2998311 0
0.07269333 0.306915 -0.9489569 0
0.1921271 0.7600865 0.1714889 1

0.06778266 0.3595648 0.9306551 0
-0.02171092 -0.932048 0.3616841 0
0.997464 -0.04472128 -0.05537035 0
-0.3241049 0.7474874 -0.03870718 1

0.1066717 0.4497154 0.8867792 0
-0.2517442 -0.8505927 0.4616465 0
0.9618974 -0.272486 0.02247909 0
-0.3275747 0.7660216 -0.006410726 1

0.03129187 0.2699702 0.9623601 0
0.09160241 -0.9595544 0.2662044 0
0.9953041 0.0798247 -0.05475618 0
-0.3208559 0.7364023 -0.06886922 1

-0.01308367 0.1996526 0.9797795 0
0.2077645 -0.9579352 0.1979756 0
0.9780917 0.2061538 -0.02894746 0
-0.3153486 0.7378685 -0.09758262 1

0.511242 0.410182 0.7552368 0
-0.2290796 -0.7819292 0.5797496 0
0.8283445 -0.4694015 -0.3057907 0
-0.2565865 0.82399 -0.03089663 1

0.915417 -0.1101976 0.3871282 0
0.02971473 -0.9406667 -0.3380286 0
0.4014086 0.3209406 -0.857828 0
0.1769811 0.8089681 0.137816 1

0.9639093 0.2206826 0.1489232 0
0.2616489 -0.6819109 -0.6830356 0
-0.04918165 0.6973499 -0.7150417 0
0.2317278 0.7291698 0.1514028 1

0.9873348 0.1106693 0.1136761 0
0.1474628 -0.9044655 -0.4002464 0
0.05852137 0.4119402 -0.90933 0
0.1966053 0.7182043 0.1582863 1

0.9208102 0.3360666 0.1979093 0
0.3544266 -0.5092854 -0.7842261 0
-0.16276 0.7922674 -0.5880662 0
0.2644959 0.739493 0.1517528 1

0.8747529 0.4312782 0.2209223 0
0.3676946 -0.2938251 -0.8823083 0
-0.3156078 0.8530334 -0.415603 0
0.2855459 0.7582651 0.1547829 1

0.06800756 0.3515189 0.9337075 0
0.02396047 -0.9361797 0.3507043 0
0.9973972 -0.001478405 -0.07208996 0
-0.3250391 0.7070591 -0.02288383 1

0.1035423 0.4376069 0.893185 0
-0.1593864 -0.8791065 0.4491861 0
0.9817715 -0.1888712 -0.02127612 0
-0.3377708 0.7315847 0.012453 1

-0.007069331 0.1687754 0.9856292 0
0.2125912 -0.9628682 0.1664027 0
0.9771159 0.2107127 -0.02907332 0
-0.3073921 0.7011225 -0.09043421 1

0.03487824 0.2557034 0.9661261 0
0.175885 -0.953196 0.2459314 0
0.9837927 0.1613496 -0.07822017 0
-0.3170487 0.6965207 -0.05780546 1

0.4607613 0.3151667 0.8296801 0
-0.2654731 -0.8430847 0.4676883 0
0.8468904 -0.4357503 -0.3047926 0
-0.2679552 0.7860817 -0.003501967 1

0.9547582 0.2406625 0.1746956 0
0.2779433 -0.5132346 -0.8119965 0
-0.1057572 0.8238155 -0.5569054 0
0.2431243 0.6989858 0.1211818 1

0.9874254 0.1118053 0.1117625 0
0.1558074 -0.8078936 -0.5683594 0
0.02674669 0.5786257 -0.8151547 0
0.202273 0.6814387 0.1419957 1

0.9170177 0.3419522 0.2052978 0
0.3207987 -0.3265061 -0.8890907 0
-0.2369955 0.881171 -0.4091098 0
0.2792166 0.7183486 0.1191919 1

0.8543262 0.4484753 0.2626726 0
0.3327948 -0.08383038 -0.9392659 0
-0.3992175 0.8898556 -0.2208686 0
0.2995977 0.7477301 0.1224891 1

0.9320805 -0.0168979 0.361857 0
0.1131872 -0.9353135 -0.3352276 0
0.3441143 0.3534166 -0.8698747 0
0.1772451 0.7644639 0.1212892 1

0.0754025 0.07098049 0.9946237 0
-0.03138126 0.9971381 -0.06878091 0
-0.9966593 -0.02602629 0.07741416 0
0.01037759 0.9275276 -0.006672679 1

0.2335742 0.0249239 0.9720196 0
-0.008008463 0.9996868 -0.02370891 0
-0.9723061 -0.002246595 0.2337006 0
0.01612093 1.037151 -0.01493125 1

-0.02385855 -0.02175827 -0.9994786 0
-0.3480542 -0.9370348 0.02870728 0
-0.9371708 0.3485576 0.01478324 0
0.004309909 0.8600715 -0.09475432 1

-0.09950082 0.1149476 -0.988376 0
-0.01497401 -0.9933657 -0.1140205 0
-0.9949248 0.003454818 0.1005619 0
0.01453952 0.8731546 0.09024766 1

0.4950709 0.01447467 0.868732 0
-0.02632088 0.9996521 -0.001656353 0
-0.8684539 -0.02204577 0.4952797 0
0.01509239 1.165541 -0.01797621 1

0.06707745 0.1097219 -0.9916965 0
0.6978939 -0.7154879 -0.03195712 0
-0.7130533 -0.6899553 -0.1245673 0
-0.1393666 0.4732642 -0.08290397 1

-0.1897063 0.08911252 -0.9777888 0
0.1421007 -0.9828959 -0.1171477 0
-0.9715035 -0.1611681 0.1737985 0
0.00835515 0.4628877 0.04315642 1

0.7172996 0.003372896 0.6967569 0
-0.03107798 0.999148 0.02715753 0
-0.6960717 -0.04113386 0.7167931 0
0.01122905 1.312269 -0.01821932 1

0.08673193 0.06965082 -0.993794 0
-0.3270641 -0.9402711 -0.09444366 0
-0.9410139 0.3332255 -0.05877124 0
0.1036445 0.2241267 -0.09403163 1

-0.1057743 0.02662373 -0.9940338 0
-0.7752453 -0.6282379 0.06566676 0
-0.6227413 0.7775658 0.08709134 0
0.05771828 0.1214482 0.002461494 1

0.6602389 0.1155382 -0.7421159 0
0.6897475 -0.4842883 0.5382507 0
-0.2972092 -0.8672462 -0.3994382 0
0.05780445 1.453006 0.03242297 1

-0.4239425 -0.05702217 0.9038925 0
-0.7228916 -0.5799366 -0.375635 0
0.5456198 -0.8126637 0.2046387 0
-0.04120927 1.452578 -0.06418634 1

0.1038416 0.01416565 -0.9944931 0
-0.8715363 -0.4804697 -0.09784665 0
-0.4792099 0.876897 -0.03754682 0
0.03946316 0.03961289 -0.1125648 1

-0.09222552 -0.001982726 -0.9957364 0
-0.9953304 0.0287996 0.09213057 0
0.02849408 0.9995834 -0.004629515 0
-0.0870166 0.004158914 0.01472118 1

0.7855713 0.00214389 0.6187677 0
-0.1235241 0.9804093 0.153426 0
-0.6063166 -0.1969597 0.7704461 0
0.006097298 1.477254 -0.01373494 1

0.8637081 0.1347526 -0.4856445 0
0.2297692 -0.9629102 0.1414589 0
-0.4485697 -0.2337652 -0.8626352 0
0.158037 1.38263 0.1106403 1

-0.5313879 -0.1083732 0.8401682 0
-0.1045097 -0.9758202 -0.191971 0
0.8406577 -0.1898166 0.5072128 0
-0.1462582 1.368303 -0.1187728 1

0.999467 -0.02153038 -0.02454553 0
0.02168493 0.9997466 0.006046541 0
0.02440913 -0.006575584 0.9996806 0
-0.01656362 1.541954 0.0148106 1

0.8869919 -0.1992888 -0.4165689 0
-0.08752898 -0.9582869 0.2720756 0
-0.453414 -0.2048669 -0.8674363 0
0.2063572 1.180131 0.140389 1

-0.5098079 0.05766767 0.8583534 0
-0.1798934 -0.9828392 -0.0408143 0
0.8412696 -0.1752194 0.5114331 0
-0.1682331 1.16312 -0.1591378 1

0.015834 0.3085034 0.9510916 0
-0.4830199 -0.8304973 0.2774278 0
0.8754665 -0.463789 0.1358631 0
-0.2237104 0.8600227 -0.1717246 1

0.9926509 0.04042524 0.1140623 0
0.03474471 -0.9980758 0.05136117 0
0.1159191 -0.04702074 -0.9921454 0
0.1793637 0.8846003 0.2242956 1

-0.1120234 0.1127359 0.98729 0
-0.1246683 -0.9872883 0.09859002 0
0.9858544 -0.1120393 0.1246538 0
-0.2728854 0.7789946 -0.1841901 1

0.4688486 0.5898985 0.6574201 0
0.01412465 -0.7492073 0.662185 0
0.883166 -0.3011787 -0.3595968 0
-0.2258952 0.8418405 -0.1253461 1

-0.06363283 0.1888876 0.979935 0
-0.149362 -0.9726681 0.1777878 0
0.9867332 -0.1350518 0.09010623 0
-0.2779561 0.7714918 -0.1593444 1

-0.01776446 0.2673792 0.9634276 0
-0.2134921 -0.9423716 0.2575989 0
0.9767836 -0.2011081 0.0738239 0
-0.2795577 0.7776759 -0.1327027 1

0.9924815 0.07114747 0.09959323 0
0.1020259 -0.930399 -0.3520634 0
0.06761298 0.3595774 -0.9306627 0
0.1710596 0.7788059 0.2322429 1

0.9490342 0.2958052 0.1087812 0
0.3071964 -0.79101 -0.5290881 0
-0.07046013 0.5355397 -0.8415658 0
0.2188508 0.7965977 0.240765 1

0.8249598 -0.4503156 0.3415522 0
-0.2983965 -0.8602427 -0.4134519 0
0.4800013 0.2391628 -0.8440381 0
0.1444621 0.8535408 0.2088095 1

0.02378418 0.3585527 0.9332066 0
-0.3320924 -0.8776289 0.3456624 0
0.9429471 -0.318132 0.09819874 0
-0.2793387 0.787612 -0.1018857 1

0.9716116 0.2056693 0.1169237 0
0.2364847 -0.8584797 -0.4550695 0
0.006782636 0.4698014 -0.8827464 0
0.1986594 0.7839088 0.2372694 1

0.994298 -0.03655569 0.100177 0
-0.02247041 -0.990138 -0.1382826 0
0.104244 0.135243 -0.9853137 0
0.1402437 0.7759004 0.2309511 1

-0.02301963 0.2399819 0.9705045 0
-0.1543141 -0.9599806 0.2337193 0
0.9877539 -0.1443824 0.0591309 0
-0.2891775 0.7351716 -0.1212095 1

0.01422076 0.3307 0.9436289 0
-0.3034244 -0.8977965 0.3192104 0
0.9527498 -0.2908593 0.08757487 0
-0.2940498 0.7486136 -0.08696548 1

-0.06524984 0.1697204 0.98333 0
-0.0730904 -0.9835958 0.1649162 0
0.995189 -0.06111128 0.07658429 0
-0.2845365 0.7286391 -0.1515114 1

-0.1125441 0.1123069 0.9872797 0
-0.02429564 -0.9936065 0.1102569 0
0.9933499 -0.01157778 0.1145531 0
-0.2785702 0.7342947 -0.1794074 1

0.4649243 0.2929494 0.8354797 0
-0.2018848 -0.8837306 0.4222119 0
0.8620257 -0.3649673 -0.3517258 0
-0.2243465 0.8132366 -0.09758538 1

0.9035192 -0.1393599 0.4052553 0
-0.06049998 -0.977657 -0.2013131 0
0.4242555 0.1573721 -0.8917631 0
0.1304361 0.8210119 0.1916157 1

0.9847944 0.1221647 0.1235154 0
0.169452 -0.8321989 -0.5279506 0
0.03829232 0.5408525 -0.8402454 0
0.1758147 0.7379851 0.2168165 1

0.9942444 0.003814581 0.107069 0
0.02633847 -0.9773993 -0.2097559 0
0.1038489 0.2113685 -0.9718741 0
0.1395771 0.7321833 0.2248801 1

0.9566984 0.2492647 0.1503181 0
0.2850282 -0.6974524 -0.6575102 0
-0.0590546 0.6718837 -0.738299 0
0.209552 0.7443681 0.2163094 1

0.9238121 0.3490176 0.1573471 0
0.3273406 -0.5069416 -0.7974074 0
-0.1985436 0.7881606 -0.5825665 0
0.2325301 0.7609183 0.2169147 1

-0.02173184 0.2465785 0.9688792 0
-0.2129857 -0.9480036 0.2364883 0
0.976814 -0.2012181 0.07311959 0
-0.2958814 0.6935151 -0.1109379 1

0.01188266 0.3247283 0.9457328 0
-0.2610582 -0.91199 0.3164223 0
0.9652503 -0.2506513 0.07393619 0
-0.3063566 0.7122433 -0.07387128 1

-0.1124644 0.1133444 0.9871701 0
-0.1693458 -0.9811254 0.09335728 0
0.979119 -0.1566736 0.1295359 0
-0.2794508 0.6962215 -0.1756192 1

-0.06418687 0.1774846 0.9820283 0
-0.1170301 -0.9786062 0.1692167 0
0.9910523 -0.1040652 0.08358464 0
-0.2875744 0.6877582 -0.1446575 1

0.4567964 0.2237209 0.8609797 0
-0.2018597 -0.916543 0.345256 0
0.8663661 -0.3315088 -0.3735134 0
-0.2343753 0.7705075 -0.07782659 1

0.9796334 0.1435904 0.1403572 0
0.2006762 -0.7241182 -0.6598355 0
0.006888956 0.6745629 -0.7381853 0
0.1831318 0.7011746 0.1934558 1

0.9946361 -0.00167433 0.103422 0
0.03541257 -0.9339328 -0.3556902 0
0.09718447 0.3574446 -0.9288643 0
0.1403238 0.6924906 0.2163273 1

0.9557258 0.2524285 0.1512223 0
0.2726845 -0.5666022 -0.7775638 0
-0.1105965 0.7843736 -0.6103498 0
0.2213914 0.7154104 0.1890097 1

0.9090016 0.3726298 0.1867168 0
0.3219554 -0.3432674 -0.8823336 0
-0.26469 0.862157 -0.4320008 0
0.2451289 0.7424998 0.1877024 1

0.9285961 -0.05333874 0.3672395 0
0.02228909 -0.9798132 -0.1986701 0
0.3704227 0.1926695 -0.9086616 0
0.1264336 0.7747889 0.1815544 1

0.09307635 0.05994548 0.9938528 0
-0.0353383 0.9977559 -0.0568714 0
-0.9950317 -0.0298277 0.09498584 0
0.01380681 0.9291648 -0.009086413 1

0.2266569 0.01964934 0.9737765 0
-0.008643745 0.9997977 -0.01816248 0
-0.9739363 -0.004300429 0.226781 0
0.01910106 1.038891 -0.01620049 1

-0.05601006 -0.02238672 -0.9981792 0
-0.4278848 -0.9027491 0.04425603 0
-0.9020961 0.4295845 0.04098408 0
0.006341076 0.8626919 -0.09780583 1

-0.1579403 0.09228525 -0.9831268 0
0.04229506 -0.9940771 -0.1001079 0
-0.9865425 -0.05739249 0.1531017 0
0.01985901 0.8737113 0.08711951 1

0.4831946 0.01076548 0.8754469 0
-0.02654501 0.9996448 0.002358511 0
-0.8751105 -0.02437837 0.4833088 0
0.01799093 1.167296 -0.01853311 1

0.05996832 0.08607756 -0.994482 0
0.5725337 -0.8190739 -0.03637069 0
-0.817685 -0.5671934 -0.09840083 0
-0.1702895 0.4900376 -0.07953697 1

-0.2138466 0.07409027 -0.9740536 0
0.2190396 -0.9680933 -0.1217255 0
-0.9519934 -0.2393869 0.1907948 0
0.03732716 0.4631506 0.04577425 1

0.7028278 0.0005825013 0.7113597 0
-0.03113878 0.9990662 0.02994723 0
-0.7106781 -0.04319862 0.7021898 0
0.0140947 1.314022 -0.01818693 1

0.04936288 0.04992281 -0.9975324 0
-0.5259963 -0.8477275 -0.06845454 0
-0.849053 0.5280774 -0.01558707 0
0.0290704 0.2048309 -0.09220147 1

-0.1075466 0.02594394 -0.9938616 0
-0.748522 -0.6600367 0.06376848 0
-0.6543306 0.7507852 0.09040429 0
0.1134174 0.1268532 0.003489079 1

0.6942039 0.113411 -0.7107876 0
0.6672843 -0.4716118 0.5764668 0
-0.2698381 -0.8744829 -0.4030721 0
0.05968845 1.454558 0.03388537 1

-0.4489664 -0.06018395 0.8915197 0
-0.7075417 -0.5854057 -0.3958348 0
0.5457234 -0.8085036 0.2202447 0
-0.03731877 1.454517 -0.06473946 1

0.02161459 0.06052879 -0.9979323 0
-0.9017059 -0.4299377 -0.04560793 0
-0.4318094 0.9008273 0.04528624 0
-0.07414833 0.0384773 -0.1056346 1

-0.09273458 -0.006405026 -0.9956704 0
-0.9954432 0.02290017 0.09256613 0
0.02220818 0.9997174 -0.008499499 0
-0.02632837 0.003627121 0.01539438 1

0.7745919 0.003463287 0.6324519 0
-0.1301781 0.9794465 0.1540715 0
-0.6189192 -0.2016738 0.7591224 0
0.008952904 1.478993 -0.0132419 1

0.9222247 0.0942895 -0.3749815 0
0.1882132 -0.956629 0.2223438 0
-0.3377535 -0.2756274 -0.8999735 0
0.1566567 1.386025 0.1176562 1

-0.6271271 -0.1608488 0.7621282 0
-0.05120349 -0.9678165 -0.2463932 0
0.7772323 -0.1935433 0.598708 0
-0.1401371 1.369447 -0.1222613 1

0.9997676 -0.01485873 -0.01561372 0
0.01486265 0.9998894 0.0001353063 0
0.01561004 -0.0003673099 0.9998782 0
-0.01446758 1.543517 0.01508889 1

0.9211398 -0.2798308 -0.270548 0
-0.1883852 -0.9287636 0.3192322 0
-0.3406062 -0.2430901 -0.9082372 0
0.1962377 1.184847 0.1644149 1

-0.6219731 -0.06732009 0.7801396 0
-0.1042465 -0.9803103 -0.1677047 0
0.7760686 -0.1856345 0.6027085 0
-0.1509035 1.165948 -0.1740695 1

-0.0691371 0.1650505 0.9838591 0
-0.4388302 -0.8907108 0.118587 0
0.8959066 -0.4235482 0.1340101 0
-0.1830521 0.86363 -0.225788 1

0.992067 -0.06782264 0.1058456 0
-0.08228875 -0.9868801 0.1389104 0
0.09503558 -0.1465181 -0.9846322 0
0.1381407 0.8984207 0.2628645 1

-0.1954621 -0.02465076 0.9804016 0
-0.1510051 -0.9870062 -0.0549227 0
0.9690163 -0.1587808 0.1891997 0
-0.2253054 0.7824382 -0.2533859 1

0.3806124 0.5156761 0.7676019 0
0.02542431 -0.8355996 0.5487505 0
0.9243854 -0.1893453 -0.3311502 0
-0.1869609 0.8386981 -0.1827828 1

-0.14686 0.0493571 0.9879252 0
-0.1656163 -0.9858826 0.02463534 0
0.9751943 -0.1599985 0.1529611 0
-0.2314429 0.7710486 -0.2303225 1

-0.1018084 0.1180219 0.9877783 0
-0.2211066 -0.9707859 0.09320252 0
0.9699213 -0.2089154 0.1249295 0
-0.2352369 0.7731191 -0.2032687 1

0.9950749 -0.0459506 0.08783386 0
-0.02391246 -0.9711741 -0.237169 0
0.09619984 0.2339006 -0.9674895 0
0.1175525 0.7954523 0.2801328 1

0.9812534 0.1791273 0.07109821 0
0.1921928 -0.8822322 -0.4298001 0
-0.01426378 0.4354075 -0.9001205 0
0.1672262 0.8081236 0.2868521 1

0.7671558 -0.5179448 0.3784247 0
-0.4028122 -0.8481011 -0.3441899 0
0.4992136 0.1116134 -0.8592602 0
0.09960122 0.8704916 0.250322 1

-0.06237841 0.2176663 0.974028 0
-0.3292486 -0.9257832 0.1857993 0
0.9421808 -0.3091074 0.129415 0
-0.2377654 0.7783896 -0.1714208 1

0.9918995 0.09137112 0.08824289 0
0.1164591 -0.9315302 -0.3445123 0
0.05072232 0.3519983 -0.9346254 0
0.1456319 0.7976635 0.2845732 1

0.9829159 -0.1544614 0.1000901 0
-0.1537734 -0.9879981 -0.01460034 0
0.1011439 -0.001040213 -0.9948713 0
0.08659329 0.7961209 0.2792327 1

-0.1059735 0.09692347 0.9896342 0
-0.2085879 -0.9752621 0.07317945 0
0.9722454 -0.1986704 0.1235691 0
-0.2451897 0.7293522 -0.1991876 1

-0.07067014 0.1921545 0.9788169 0
-0.3250093 -0.9321586 0.1595293 0
0.943067 -0.3068505 0.1283278 0
-0.2523155 0.737317 -0.1635943 1

-0.1481676 0.03993706 0.9881556 0
-0.1449672 -0.9892684 0.01824505 0
0.9782798 -0.1405468 0.1523671 0
-0.2387395 0.7276134 -0.2292369 1

-0.192597 -0.007031653 0.981253 0
-0.137759 -0.9898777 -0.03413244 0
0.9715602 -0.1417503 0.1896788 0
-0.2322102 0.737707 -0.2555614 1

0.4247327 0.1793574 0.8873745 0
-0.1561313 -0.9509806 0.2669441 0
0.8917543 -0.2519266 -0.3759092 0
-0.1851476 0.8064967 -0.1593089 1

0.8860959 -0.2125075 0.4119157 0
-0.1785464 -0.9766164 -0.1197555 0
0.4277326 0.03256891 -0.9033182 0
0.08163559 0.8386287 0.2357454 1

0.9947095 0.002206016 0.1027057 0
0.04197071 -0.9212492 -0.3867016 0
0.09376451 0.3889665 -0.9164678 0
0.1167802 0.7528089 0.2697466 1

0.9877089 -0.119044 0.10129 0
-0.1140931 -0.9920358 -0.05336383 0
0.1068359 0.04115152 -0.9934247 0
0.08012725 0.7524596 0.278621 1

0.9847479 0.1338762 0.1111246 0
0.1727389 -0.8286573 -0.5324362 0
0.02080373 0.5435111 -0.8391442 0
0.1509961 0.7547581 0.2687054 1

0.9667037 0.2329182 0.105986 0
0.2384588 -0.6696483 -0.7033552 0
-0.09285094 0.7052095 -0.702893 0
0.1757199 0.7683548 0.2674804 1

-0.1019426 0.1118096 0.9884869 0
-0.3231478 -0.9434982 0.07339453 0
0.940842 -0.3119454 0.1323136 0
-0.254261 0.6870142 -0.195885 1

-0.07187648 0.1904427 0.9790637 0
-0.3147939 -0.9357631 0.1589099 0
0.9464349 -0.2967813 0.1272095 0
-0.2655109 0.6995316 -0.1569725 1

-0.1869452 0.01295143 0.9822851 0
-0.3660053 -0.9288404 -0.05741017 0
0.9116424 -0.370254 0.1783824 0
-0.2373979 0.6998288 -0.257296 1

-0.1441393 0.06128125 0.9876582 0
-0.2653092 -0.9639329 0.02108978 0
0.9533285 -0.2589948 0.1551991 0
-0.2447646 0.6864969 -0.228479 1

0.4451923 0.1367557 0.8849305 0
-0.1319797 -0.9674538 0.2159052 0
0.8856553 -0.2129121 -0.4126538 0
-0.1929473 0.7606072 -0.1470578 1

0.993444 0.02102786 0.1123699 0
0.0747702 -0.8630668 -0.4995247 0
0.08647879 0.5046515 -0.8589809 0
0.11846 0.7120832 0.2526336 1

0.9863995 -0.1317693 0.09824972 0
-0.1148448 -0.9801594 -0.1615496 0
0.1175878 0.1480691 -0.9819618 0
0.07517318 0.7122124 0.2764211 1

0.9856029 0.1309111 0.1069994 0
0.1690164 -0.74612 -0.6440018 0
-0.004472658 0.6528149 -0.7575042 0
0.1581733 0.720352 0.2465986 1

0.9586952 0.2562013 0.1235486 0
0.2508628 -0.5568887 -0.7917972 0
-0.1340565 0.790086 -0.5981579 0
0.185078 0.7438846 0.2416934 1

0.9202806 -0.1351715 0.3671682 0
-0.09840901 -0.9882256 -0.1171569 0
0.378681 0.07168466 -0.9227469 0
0.07205272 0.7925466 0.2295463 1

0.1149116 0.05077982 0.9920771 0
-0.04154709 0.9980644 -0.04627392 0
-0.9925066 -0.0359005 0.1167989 0
0.01629834 0.9265938 -0.01173026 1

0.224376 0.01378249 0.9744053 0
-0.01107027 0.9998715 -0.01159354 0
-0.9744399 -0.008185608 0.2244998 0
0.02088824 1.03641 -0.01788286 1

-0.07835697 -0.01659966 -0.9967874 0
-0.4853953 -0.8727058 0.05268999 0
-0.8707767 0.4879643 0.06032515 0
0.007186441 0.8609473 -0.1009099 1

-0.2237936 0.05692635 -0.9729728 0
0.09694871 -0.9920415 -0.08034123 0
-0.9698028 -0.1123083 0.2164936 0
0.0247689 0.8702415 0.08376824 1

0.4756889 0.006641898 0.8795887 0
-0.02824944 0.999571 0.007729642 0
-0.8791599 -0.02852478 0.4756724 0
0.01946647 1.164824 -0.01937183 1

0.05737337 0.05669144 -0.9967421 0
0.3964554 -0.9175842 -0.02936887 0
-0.9162596 -0.3934788 -0.07512054 0
-0.1931844 0.5006949 -0.07915953 1

-0.227621 0.07019102 -0.9712169 0
0.279694 -0.9506559 -0.1342561 0
-0.9327165 -0.3022029 0.1967573 0
0.06480939 0.4605216 0.05058676 1

0.6919045 -0.002545878 0.7219847 0
-0.03217732 0.9988914 0.03435904 0
-0.7212718 -0.04700469 0.6910555 0
0.01532006 1.31154 -0.01823729 1

0.01651631 0.02530521 -0.9995435 0
-0.7018307 -0.7117281 -0.02961563 0
-0.7121524 0.7019993 0.006004859 0
-0.05513614 0.1811862 -0.08938596 1

-0.1118886 0.02491213 -0.9934086 0
-0.737656 -0.6719204 0.06623293 0
-0.6658413 0.7402043 0.09355682 0
0.1619698 0.1302815 0.00394871 1

0.7249109 0.1128296 -0.6795397 0
0.6461334 -0.4533339 0.6140035 0
-0.2387805 -0.8841707 -0.4015297 0
0.06003253 1.451842 0.03521123 1

-0.4719675 -0.06616154 0.87913 0
-0.6934464 -0.5879096 -0.4165269 0
0.544407 -0.8062166 0.2315947 0
-0.03546033 1.452235 -0.06487983 1

-0.009972513 0.04931906 -0.9987335 0
-0.9706117 -0.2406423 -0.002191596 0
-0.2404455 0.9693602 0.05026947 0
-0.1928597 0.04152048 -0.09519757 1

-0.09654729 -0.009964805 -0.9952786 0
-0.9949158 0.02976213 0.09621414 0
0.02866293 0.9995075 -0.01278759 0
0.0242527 0.004836917 0.01631412 1

0.7662563 0.005664064 0.6425104 0
-0.1366608 0.9785185 0.1543551 0
-0.6278341 -0.2060815 0.7505698 0
0.01000678 1.476482 -0.01256375 1

0.962554 0.0700539 -0.2618829 0
0.1500714 -0.9422044 0.2995487 0
-0.2257625 -0.3276329 -0.9174358 0
0.1539272 1.385965 0.1244368 1

-0.7022436 -0.2242682 0.6756907 0
0.009463631 -0.9519446 -0.3061241 0
0.7118741 -0.208579 0.6706194 0
-0.1362304 1.366801 -0.1254085 1

0.9999526 -0.005838785 -0.007813431 0
0.0057652 0.9999391 -0.00940669 0
0.00786785 0.009361215 0.9999254 0
-0.01407641 1.540839 0.01559045 1

0.9296788 -0.3494586 -0.1165171 0
-0.2909643 -0.8906025 0.3495237 0
-0.2259144 -0.2910424 -0.9296544 0
0.185487 1.18782 0.1874315 1

-0.7038587 -0.1705934 0.6895515 0
-0.02599704 -0.9638973 -0.2650024 0
0.7098646 -0.2044504 0.6740126 0
-0.1342405 1.166639 -0.1897763 1

-0.1548803 0.01360437 0.9878396 0
-0.368077 -0.9287096 -0.04491965 0
0.9168053 -0.370558 0.1488463 0
-0.1422577 0.8693827 -0.2715003 1

0.9780972 -0.1784506 0.1071517 0
-0.1963222 -0.9619498 0.1900267 0
0.06916431 -0.2069009 -0.9759144 0
0.09575511 0.9131629 0.2952229 1

-0.2713566 -0.1689636 0.9475321 0
-0.1179062 -0.9712198 -0.2069539 0
0.9552299 -0.1678781 0.2436252 0
-0.1752369 0.7901822 -0.3136755 1

0.277564 0.4261246 0.8610322 0
0.05748885 -0.9020091 0.427872 0
0.9589856 -0.06926201 -0.2748626 0
-0.1471434 0.8382019 -0.2328971 1

-0.2267199 -0.10039 0.9687725 0
-0.1339987 -0.9819997 -0.1331202 0
0.9646983 -0.1599952 0.2091867 0
-0.1820429 0.7751128 -0.293038 1

-0.184781 -0.03504464 0.9821547 0
-0.1949154 -0.9782051 -0.07157484 0
0.9632573 -0.2046627 0.1739229 0
-0.1879703 0.7729112 -0.2663808 1

0.9824142 -0.1648186 0.08773449 0
-0.1496349 -0.9760308 -0.1580294 0
0.1116779 0.1421221 -0.9835293 0
0.06337485 0.8143483 0.3178459 1

0.9971483 0.0537303 0.05299609 0
0.06913401 -0.9319543 -0.355924 0
0.03026612 0.3585726 -0.9330112 0
0.1142448 0.8214206 0.3237961 1

0.6869055 -0.6013771 0.4080523 0
-0.5043814 -0.7987262 -0.3280792 0
0.5232214 0.01954524 -0.851973 0
0.05410522 0.8893519 0.2842246 1

-0.1467393 0.07285905 0.9864884 0
-0.3166745 -0.9482572 0.02293022 0
0.9371154 -0.3090309 0.1622192 0
-0.1932662 0.7732587 -0.2344387 1

0.9966616 -0.02954779 0.07611026 0
-0.008532882 -0.9648067 -0.2628223 0
0.0811976 0.2612952 -0.9618381 0
0.09155508 0.8134683 0.3221073 1

0.9562631 -0.2719269 0.1077816 0
-0.2799311 -0.9576415 0.06753724 0
0.08485089 -0.09475488 -0.9918782 0
0.03270133 0.8186042 0.3169768 1

-0.1879495 -0.05402787 0.9806917 0
-0.1960722 -0.976324 -0.09136456 0
0.9624091 -0.2094582 0.1729061 0
-0.1967326 0.7288287 -0.2697254 1

-0.1543474 0.04782573 0.9868586 0
-0.3173099 -0.9483148 -0.003670387 0
0.9356771 -0.3137064 0.1615454 0
-0.207225 0.7312505 -0.2338274 1

-0.2274752 -0.1061837 0.9679775 0
-0.133101 -0.9813173 -0.138926 0
0.964645 -0.1604409 0.2090922 0
-0.1879465 0.7318488 -0.2989026 1

-0.2679992 -0.1466191 0.9521972 0
-0.1304616 -0.9737253 -0.1866529 0
0.9545453 -0.174248 0.2418293 0
-0.1806663 0.7461202 -0.3227503 1

0.3638527 0.0934068 0.9267614 0
-0.0978414 -0.9856224 0.1377524 0
0.9263037 -0.1407972 -0.3494821 0
-0.1442696 0.8031667 -0.2140419 1

0.8500361 -0.3149338 0.4222028 0
-0.3072279 -0.9475358 -0.08824286 0
0.4278432 -0.05470295 -0.9021963 0
0.03237457 0.8596615 0.270198 1

0.9878171 -0.1218625 0.09678268 0
-0.09122525 -0.9573108 -0.2742881 0
0.1260766 0.2621173 -0.9567653 0
0.05708032 0.7714587 0.3109335 1

0.9645881 -0.2415262 0.1059952 0
-0.2483227 -0.9670425 0.05625633 0
0.08891451 -0.08058517 -0.9927744 0
0.02065791 0.7762446 0.3199932 1

0.9957885 0.008245175 0.0913107 0
0.04632447 -0.9047127 -0.4234963 0
0.07911827 0.4259425 -0.9012845 0
0.09116232 0.7690302 0.310002 1

0.9917655 0.1022656 0.07709223 0
0.1280411 -0.7793782 -0.6133314 0
-0.002638645 0.6181514 -0.7860548 0
0.1171929 0.7794329 0.3077551 1

-0.1831433 -0.0360963 0.9824235 0
-0.3316079 -0.9384896 -0.09630048 0
0.9254702 -0.343416 0.1599082 0
-0.2052707 0.6864254 -0.2735691 1

-0.1550542 0.04770428 0.9867535 0
-0.3185202 -0.9479069 -0.004224673 0
0.935149 -0.3149559 0.1621717 0
-0.220121 0.6927876 -0.2338248 1

-0.2606863 -0.1217833 0.9577118 0
-0.3811662 -0.8984373 -0.2179982 0
0.8869924 -0.4218763 0.1877905 0
-0.1855418 0.7089212 -0.3303091 1

-0.2225362 -0.07980977 0.9716524 0
-0.2830073 -0.9484397 -0.14272 0
0.9329443 -0.306745 0.1884754 0
-0.1934785 0.6910629 -0.3046772 1

0.3961298 0.06426919 0.9159427 0
-0.06430987 -0.9931557 0.09749994 0
0.9159399 -0.09752679 -0.3892853 0
-0.149223 0.7556679 -0.208035 1

0.9889542 -0.1078809 0.1016424 0
-0.06500428 -0.9319599 -0.3566862 0
0.1332063 0.3461391 -0.9286787 0
0.05287317 0.7291607 0.2987911 1

0.9597693 -0.2603922 0.1050686 0
-0.2606791 -0.9653602 -0.01123594 0
0.1043548 -0.01660547 -0.9944016 0
0.01026041 0.7370522 0.3222433 1

0.9964551 -0.002694839 0.08408491 0
0.04077996 -0.8587395 -0.5107874 0
0.07358368 0.5124052 -0.8555856 0
0.0930907 0.7314657 0.2924184 1

0.9891704 0.1197862 0.08481453 0
0.145151 -0.7127057 -0.6862815 0
-0.02175921 0.6911598 -0.7223744 0
0.122508 0.7508495 0.2852593 1

0.8933216 -0.2467392 0.3756278 0
-0.2319832 -0.969015 -0.08481406 0
0.3849161 -0.01137324 -0.9228818 0
0.01672992 0.8150876 0.2654816 1

0.1402529 0.04357834 0.9891562 0
-0.05056071 0.9980428 -0.03680082 0
-0.9888239 -0.04485101 0.1421818 0
0.01748717 0.9199418 -0.01437912 1

0.2273013 0.008222722 0.9737898 0
-0.01586197 0.999863 -0.004740398 0
-0.9736953 -0.01436873 0.2274006 0
0.02105435 1.029838 -0.0197265 1

-0.09463255 -0.008826289 -0.9954733 0
-0.5205405 -0.85193 0.05703766 0
-0.8485767 0.5235817 0.07602587 0
0.006575815 0.8549564 -0.1038406 1

-0.289398 0.01347708 -0.9571142 0
0.1522932 -0.9865163 -0.05993926 0
-0.9450161 -0.1631083 0.2834433 0
0.02887829 0.8628794 0.08039126 1

0.4732489 0.003172211 0.880923 0
-0.03211089 0.9993911 0.01365177 0
-0.8803433 -0.03474791 0.4730626 0
0.01901719 1.158251 -0.02033531 1

0.040452 0.02193549 -0.9989408 0
0.1828261 -0.9830431 -0.01418286 0
-0.9823127 -0.1820588 -0.04377647 0
-0.2083029 0.5032803 -0.08029547 1

-0.2382767 0.07360933 -0.9684039 0
0.3310607 -0.9312472 -0.1522428 0
-0.9130296 -0.3568763 0.1975253 0
0.09177645 0.4554414 0.05563592 1

0.6853693 -0.004758254 0.7281802 0
-0.03504073 0.9986048 0.03950595 0
-0.7273523 -0.05259214 0.6842462 0
0.014304 1.30494 -0.01833152 1

-0.02721913 4.62085E-05 -0.9996297 0
-0.842516 -0.5381838 0.02291618 0
-0.5379833 0.8428278 0.01468782 0
-0.1446417 0.1609785 -0.08523404 1

-0.1195882 0.02196055 -0.9925808 0
-0.7346069 -0.6744911 0.07358404 0
-0.6678707 0.7379566 0.0967935 0
0.2067807 0.1319436 0.002749637 1

0.7492321 0.1147389 -0.6522931 0
0.6286719 -0.4330782 0.6459215 0
-0.2083817 -0.8940236 -0.3966092 0
0.0581736 1.44506 0.03628189 1

-0.4927206 -0.07489106 0.8669592 0
-0.6810731 -0.5869337 -0.437777 0
0.541633 -0.8061643 0.2381877 0
-0.03641338 1.445761 -0.06466398 1

-0.04768115 0.03245195 -0.9983355 0
-0.9986463 -0.02234557 0.04696963 0
-0.02078409 0.9992237 0.03347349 0
-0.3099726 0.05536795 -0.08073708 1

-0.1041334 -0.01372569 -0.9944687 0
-0.9940552 0.03339349 0.1036292 0
0.03178637 0.9993483 -0.01712146 0
0.06963284 0.006019056 0.01648745 1

0.7613164 0.009370955 0.6483129 0
-0.1434999 0.9775346 0.1543829 0
-0.6323014 -0.2105671 0.7455578 0
0.008517894 1.469835 -0.0118081 1

0.9840595 0.04927934 -0.1708764 0
0.1106117 -0.921977 0.3711111 0
-0.139256 -0.3840963 -0.9127309 0
0.1495308 1.382126 0.1301458 1

-0.7526021 -0.2967241 0.587831 0
0.07890411 -0.9269212 -0.366868 0
0.6537315 -0.2297232 0.721015 0
-0.1353854 1.360469 -0.1282807 1

0.9999774 0.006260679 -0.002470344 0
-0.006309344 0.9997756 -0.0202226 0
0.002343342 0.02023773 0.9997925 0
-0.01615091 1.534019 0.01623285 1

0.9118603 -0.4100905 0.01834547 0
-0.3873199 -0.8447031 0.3694049 0
-0.1359928 -0.3439512 -0.9290875 0
0.1727923 1.188235 0.20819 1

-0.7571959 -0.2570225 0.600495 0
0.04974415 -0.9393502 -0.3393334 0
0.6512915 -0.2270705 0.724057 0
-0.1187945 1.165568 -0.2054208 1

-0.2493473 -0.1392885 0.9583448 0
-0.257294 -0.9445074 -0.2042215 0
0.9336093 -0.2974984 0.1996721 0
-0.1034539 0.8758821 -0.3100679 1

0.9524928 -0.2765767 0.1275261 0
-0.2994891 -0.9266678 0.2271411 0
0.0553524 -0.2545429 -0.9654761 0
0.05334476 0.9277332 0.3221126 1

-0.3470514 -0.3132874 0.883972 0
-0.02770078 -0.9387203 -0.343566 0
0.9374372 -0.1437216 0.3171055 0
-0.1232953 0.8005279 -0.3654502 1

0.1449302 0.3277268 0.9335902 0
0.1156651 -0.9426948 0.3129667 0
0.9826584 0.06262547 -0.1745314 0
-0.1085428 0.8392981 -0.2765709 1

-0.3094406 -0.2527217 0.9167215 0
-0.04723484 -0.9587629 -0.2802559 0
0.9497452 -0.1300237 0.2847427 0
-0.1303415 0.7821423 -0.347797 1

-0.2740365 -0.1851664 0.9437253 0
-0.126891 -0.9657496 -0.2263341 0
0.9533117 -0.181774 0.2411545 0
-0.1385158 0.7756835 -0.3224582 1

0.9568538 -0.2699023 0.107627 0
-0.2596606 -0.9604902 -0.1001737 0
0.1304119 0.06790505 -0.9891319 0
0.01040953 0.8339725 0.348382 1

0.9962979 -0.06323715 0.05823609 0
-0.04354905 -0.9553252 -0.2923312 0
0.07412061 0.288713 -0.9545424 0
0.06168895 0.83585 0.3547128 1

0.5880911 -0.6749573 0.4456249 0
-0.588131 -0.7350972 -0.3372449 0
0.5552037 -0.06375505 -0.8292674 0
0.009491796 0.9080325 0.3115562 1

-0.2391739 -0.06833111 0.9685696 0
-0.2850712 -0.9486194 -0.1373179 0
0.9281869 -0.3089539 0.2074057 0
-0.146853 0.7710606 -0.2915134 1

0.9862838 -0.1405328 0.08657166 0
-0.1215416 -0.9732143 -0.1951454 0
0.1116773 0.1819466 -0.9769461 0
0.03829622 0.8302873 0.3530524 1

0.9177704 -0.3740095 0.1334711 0
-0.3898061 -0.9126502 0.1229679 0
0.07582134 -0.1648841 -0.9833943 0
-0.01962608 0.8414209 0.3469271 1

-0.2759223 -0.2041976 0.9392393 0
-0.1239587 -0.9614534 -0.2454428 0
0.9531536 -0.18415 0.2399743 0
-0.1442015 0.7321804 -0.3327732 1

-0.2460275 -0.09368744 0.9647244 0
-0.2806767 -0.9457868 -0.1634276 0
