MeshAnim
1
33
52
30
0.1591316 0.07197021 -0.9846306 0
-0.006981023 0.9973964 0.07177506 0
0.9872327 -0.004547957 0.1592197 0
-0.003839412 0.9168289 0.001842018 1

0.2617189 0.0420278 -0.9642287 0
-0.02090861 0.9990638 0.03787097 0
0.9649177 0.01024912 0.2623527 0
-0.0137041 1.026282 0.008248088 1

-0.2100678 -0.004228458 0.9776777 0
0.1967674 -0.9797119 0.038041 0
0.9576817 0.2003662 0.206638 0
-0.01721771 0.8492863 0.08904599 1

-0.1036331 0.07129772 0.992057 0
0.175137 -0.9805346 0.08876496 0
0.9790747 0.1829448 0.08912904 0
0.01607169 0.8626345 -0.09320434 1

0.5028572 0.04309705 -0.8632945 0
0.0005885689 0.9987388 0.05020148 0
0.8643692 -0.02575229 0.5021977 0
-0.01638941 1.154593 0.01311189 1

-0.2473099 0.1516471 0.9569959 0
-0.7743693 -0.6245983 -0.1011401 0
0.5824005 -0.7660811 0.2719002 0
0.06400774 0.4448618 0.1047493 1

0.02448887 0.08266363 0.9962766 0
-0.1680219 -0.9820585 0.08561397 0
0.9854791 -0.1694929 -0.01016013 0
0.08840449 0.457667 -0.0565438 1

0.7094472 0.04082799 -0.7035751 0
0.01192384 0.9974822 0.06990658 0
0.7046579 -0.05798435 0.7071742 0
-0.01630302 1.301186 0.02048039 1

-0.309303 0.1655551 0.9364419 0
-0.07891093 -0.9858017 0.1482176 0
0.947684 -0.02805133 0.3179755 0
-0.2056326 0.2273728 0.06953169 1

-0.07838036 0.01398071 0.9968256 0
0.8024234 -0.592468 0.07140407 0
0.5915855 0.8054729 0.03521945 0
0.03003681 0.1165181 -0.0268031 1

-0.4737768 0.08999644 -0.8760344 0
0.6888023 -0.5819501 -0.4323027 0
-0.548714 -0.8082293 0.2137246 0
0.03309919 1.444312 -0.01970975 1

0.7202805 -0.1218654 0.6828948 0
-0.6471959 -0.4723762 0.59833 0
0.2496671 -0.8729319 -0.4191141 0
-0.06526229 1.438708 0.07740293 1

-0.5227404 0.003234453 0.8524859 0
0.7755997 -0.4132336 0.477162 0
0.3538193 0.9106195 0.2135052 0
-0.2211176 0.03392422 0.09861711 1

-0.09082295 -0.009224027 0.9958244 0
0.9955432 0.02466463 0.09102583 0
-0.02540126 0.9996534 0.006942775 0
0.1798457 0.005906999 -0.01347229 1

0.7755564 0.01023245 -0.6311955 0
0.1256764 0.9773514 0.1702639 0
0.6186419 -0.2113757 0.7567051 0
-0.0143341 1.465896 0.03202373 1

-0.6384529 0.2629147 -0.7233632 0
-0.03233529 -0.948179 -0.3160871 0
-0.7689816 -0.1784165 0.613869 0
0.1331944 1.359744 -0.08253101 1

0.9719991 0.0004904103 0.2349845 0
-0.06336585 -0.9624072 0.264117 0
0.22628 -0.2716113 -0.9354279 0
-0.1593113 1.370063 0.1643509 1

0.9997832 -0.01970642 -0.006752759 0
0.01974516 0.9997886 0.005722582 0
0.006638676 -0.005854666 0.999961 0
0.00876214 1.530049 0.06144232 1

-0.641116 0.2532512 -0.7244545 0
-0.02683289 -0.9508035 -0.3086311 0
-0.7669748 -0.1784291 0.6163707 0
0.1263943 1.160343 -0.1490037 1

0.9145432 0.3863157 0.1198817 0
0.3368042 -0.891422 0.3032 0
0.2239959 -0.2369127 -0.9453565 0
-0.172635 1.167701 0.2198859 1

0.8457596 0.4424884 -0.2981533 0
0.5167458 -0.5400905 0.6642866 0
0.132909 -0.715896 -0.6854406 0
-0.06876802 0.8927958 0.3133897 1

-0.05059122 0.5096601 -0.8588873 0
-0.4069852 -0.795864 -0.4482897 0
-0.9120327 0.3268749 0.2476879 0
0.1181192 0.8671204 -0.2441841 1

0.9246424 0.3571703 -0.1321596 0
0.372997 -0.7792791 0.5035852 0
0.07687622 -0.5149312 -0.8537779 0
-0.05628731 0.833968 0.3877042 1

0.4034624 0.4868544 -0.7747202 0
0.7919512 -0.6098875 0.02916691 0
-0.4582923 -0.6253083 -0.6316317 0
-0.01953361 0.8849635 0.3124119 1

0.898624 0.3942748 -0.1924131 0
0.4316126 -0.7158812 0.5488397 0
0.07864866 -0.5762483 -0.8134821 0
-0.02995856 0.8332238 0.3900616 1

0.8446881 0.4538451 -0.2837735 0
0.5279608 -0.6191916 0.5812567 0
0.08809008 -0.6408017 -0.762636 0
-0.005457291 0.8440988 0.3844036 1

-0.008574381 0.5678279 -0.8231028 0
-0.861563 -0.4220151 -0.2821573 0
-0.5075784 0.7067353 0.4928379 0
0.07921628 0.7758044 -0.2825576 1

0.1368019 0.7060841 -0.6947881 0
-0.9380382 -0.1330931 -0.3199541 0
-0.318386 0.6955082 0.6441267 0
0.08652558 0.812081 -0.3186652 1

0.03027134 -0.001738295 -0.9995404 0
-0.7241936 -0.6892852 -0.02073365 0
-0.6889321 0.7244881 -0.02212441 0
0.09657053 0.8290268 -0.2216637 1

0.7867798 0.4983293 -0.3642062 0
0.5920463 -0.4424491 0.6735879 0
0.1745254 -0.7455918 -0.6431438 0
0.0219959 0.8584867 0.3750345 1

0.08395879 0.6346583 -0.7682187 0
-0.9231555 -0.2407011 -0.2997454 0
-0.3751469 0.7343515 0.5656791 0
0.08121752 0.792587 -0.3055227 1

-0.0681372 0.4953374 -0.8660244 0
-0.7269222 -0.6191906 -0.2969638 0
-0.6833314 0.6092979 0.4022615 0
0.08202424 0.7579722 -0.257381 1

0.855784 0.4401848 -0.2717936 0
0.510594 -0.6341477 0.5806471 0
0.08323441 -0.6356844 -0.7674489 0
0.01823529 0.8161374 0.4106347 1

0.8028706 0.4854631 -0.3460132 0
0.5709407 -0.4591371 0.6806029 0
0.1715398 -0.7439888 -0.6457983 0
0.04788307 0.8386959 0.4050027 1

0.90218 0.388232 -0.1880102 0
0.4251115 -0.7262964 0.5401614 0
0.07315655 -0.5672479 -0.820292 0
-0.01094277 0.8016843 0.4142418 1

0.9185219 0.3696566 -0.1402567 0
0.3896528 -0.7862519 0.4795611 0
0.06699556 -0.4951388 -0.8662275 0
-0.03909067 0.7987713 0.4104804 1

0.6219984 0.3760111 -0.686829 0
0.7250253 -0.6078503 0.3238161 0
-0.2957309 -0.6993813 -0.6506993 0
0.0128622 0.8616926 0.3119443 1

0.277427 0.3648804 -0.8887613 0
-0.5620881 -0.6885865 -0.4581547 0
-0.7791608 0.6266666 0.01406248 0
0.06804181 0.8019588 -0.219684 1

0.06922377 0.5917915 -0.8031133 0
-0.9859942 -0.08186105 -0.1453082 0
-0.1517359 0.8019237 0.5778362 0
0.04139481 0.7574381 -0.2951726 1

-0.01476964 0.5311697 -0.8471369 0
-0.877405 -0.4131957 -0.2437836 0
-0.4795237 0.7396811 0.4721535 0
0.04991531 0.7308031 -0.2707724 1

0.1710791 0.6371789 -0.7514888 0
-0.9846987 0.1362605 -0.1086363 0
0.03317755 0.7585754 0.6507402 0
0.03869787 0.7815007 -0.319329 1

0.2534166 0.6980154 -0.6697422 0
-0.94253 0.3340127 -0.008520894 0
0.2177548 0.6334115 0.7425451 0
0.04425 0.8059686 -0.3329615 1

0.8465464 0.4508297 -0.2830413 0
0.5099773 -0.5344566 0.6740029 0
0.1525869 -0.7149191 -0.682355 0
0.04051553 0.7886554 0.4358147 1

0.7952833 0.4917068 -0.3546118 0
0.5620696 -0.3788607 0.7352161 0
0.2271619 -0.7840215 -0.577675 0
0.07116759 0.8201446 0.4325598 1

0.9121782 0.3814047 -0.1498726 0
0.3810614 -0.6549264 0.6525828 0
0.1507424 -0.6523823 -0.7427481 0
-0.02458024 0.768521 0.4288938 1

0.8930137 0.403088 -0.2001173 0
0.4324976 -0.6457955 0.6292016 0
0.1243883 -0.6484356 -0.7510388 0
0.006725504 0.7714974 0.4366924 1

0.7461942 0.3011258 -0.5937325 0
0.6085468 -0.6701547 0.424928 0
-0.2699358 -0.6783926 -0.6833146 0
0.04733825 0.8321853 0.3279905 1

0.1238455 0.5870762 -0.8000026 0
-0.9737129 0.2272163 0.016004 0
0.1911691 0.7769905 0.5997832 0
-0.002205023 0.7537147 -0.3014543 1

0.004648626 0.5396964 -0.8418471 0
-0.9866961 -0.1343366 -0.09156991 0
-0.1625109 0.8310724 0.5318917 0
0.01428937 0.7138509 -0.2803971 1

0.2049335 0.6297662 -0.7492642 0
-0.9118879 0.4009793 0.08761494 0
0.3556164 0.6652898 0.6564501 0
-0.002186967 0.7871615 -0.3238434 1

0.3311383 0.6664871 -0.6679392 0
-0.7884098 0.5843487 0.1922155 0
0.5184187 0.4629599 0.7189649 0
0.009762628 0.8186739 -0.3336858 1

0.309425 0.4185878 -0.8538389 0
-0.5804048 -0.6281183 -0.5182645 0
-0.753251 0.6559358 0.04859461 0
0.04101896 0.768823 -0.2403144 1

0.1511804 0.05948557 -0.9867147 0
-0.004429679 0.9982185 0.0595004 0
0.9884963 -0.004624465 0.1511745 0
-0.008695713 0.9227554 0.002907074 1

0.2673999 0.03820284 -0.962828 0
-0.01932888 0.9992254 0.03427891 0
0.9633918 0.009444211 0.2679312 0
-0.01829217 1.0323 0.008040795 1

-0.1648294 -0.0362574 0.9856557 0
0.2843771 -0.958634 0.01229245 0
0.9444368 0.282324 0.1683217 0
-0.02149013 0.8563218 0.09104557 1

-0.06685114 0.0716961 0.9951837 0
0.07382077 -0.994326 0.07659318 0
0.9950284 0.07858556 0.06117915 0
0.01032745 0.8673512 -0.09162225 1

0.5118409 0.04068192 -0.8581164 0
0.002463239 0.9988045 0.04882096 0
0.8590767 -0.02710232 0.5111288 0
-0.0207746 1.160631 0.01244327 1

-0.2260087 0.1167391 0.9671053 0
-0.6916524 -0.7183337 -0.07492644 0
0.6859571 -0.6858345 0.2430924 0
0.09590055 0.4605983 0.09611989 1

0.02219702 0.09031 0.9956664 0
-0.1741715 -0.9803326 0.09280211 0
0.9844651 -0.1754767 -0.006031051 0
0.04081594 0.4566877 -0.05998874 1

0.7199506 0.03944459 -0.6929035 0
0.01343493 0.9974045 0.07073812 0
0.6938953 -0.06023707 0.7175519 0
-0.02041304 1.307234 0.01960913 1

-0.3191932 0.1939033 0.9276409 0
0.1321745 -0.960169 0.2461827 0
0.9384272 0.2011902 0.2808502 0
-0.1449372 0.21047 0.07003002 1

-0.07679111 0.01320211 0.9969598 0
0.7998212 -0.5962011 0.06950156 0
0.595306 0.8027269 0.03522359 0
-0.01968798 0.1161385 -0.02775102 1

-0.4510301 0.08992791 -0.8879667 0
0.697827 -0.584735 -0.4136697 0
-0.5564258 -0.8062246 0.2009788 0
0.02994858 1.450257 -0.01974581 1

0.712392 -0.1244795 0.6906538 0
-0.6516527 -0.4826102 0.5851805 0
0.2604734 -0.8669445 -0.424925 0
-0.06986251 1.444845 0.0758874 1

-0.4739571 0.01006217 0.8804908 0
0.852657 -0.2444317 0.4617679 0
0.2198661 0.9696145 0.1072705 0
-0.119 0.02205151 0.1183396 1

-0.08934079 -0.009942442 0.9959515 0
0.9957837 0.02000564 0.08952543 0
-0.02081481 0.9997506 0.008113209 0
0.1296352 0.00483048 -0.01477538 1

0.7823206 0.009277545 -0.6228067 0
0.1294386 0.9756396 0.177124 0
0.6092784 -0.219183 0.7620622 0
-0.01819461 1.471931 0.03128979 1

-0.5635948 0.1908201 -0.8037093 0
0.04440635 -0.9645473 -0.2601466 0
-0.8248571 -0.182307 0.5351401 0
0.1313552 1.365285 -0.07985937 1

0.9392607 -0.005707221 0.3431572 0
-0.08657734 -0.9714655 0.2208151 0
0.332105 -0.2371126 -0.9129534 0
-0.1645592 1.374714 0.1609245 1

0.9997253 -0.02171409 -0.008809671 0
0.02181138 0.9997004 0.01110357 0
0.008565992 -0.01129266 0.9998995 0
0.004952026 1.535783 0.06131592 1

-0.5643219 0.1568567 -0.8105166 0
0.06141321 -0.9710872 -0.2306905 0
-0.8232676 -0.1799601 0.5383724 0
0.1406939 1.162442 -0.1345679 1

0.9146062 0.3090711 0.2607122 0
0.229784 -0.9278294 0.2938235 0
0.3327087 -0.2088253 -0.9196179 0
-0.1827636 1.170447 0.2073546 1

0.908567 0.3207454 -0.2676355 0
0.4159425 -0.6352454 0.6507344 0
0.03870562 -0.7025568 -0.7105746 0
-0.1119005 0.8843138 0.2979668 1

-0.0008558929 0.3894322 -0.9210546 0
-0.3376069 -0.8670901 -0.3663015 0
-0.9412871 0.3106407 0.132217 0
0.1596334 0.8629635 -0.2057117 1

0.9721826 0.2129287 -0.09758328 0
0.2331081 -0.8389493 0.491757 0
0.02284152 -0.500825 -0.8652471 0
-0.1099375 0.8216373 0.3701259 1

0.5285797 0.4245 -0.7351213 0
0.6757193 -0.7345738 0.06168351 0
-0.5138162 -0.5293405 -0.6751238 0
-0.06438345 0.8692079 0.2974473 1

0.952745 0.2589564 -0.1588034 0
0.3033117 -0.7822159 0.544188 0
0.01670242 -0.5666394 -0.8237967 0
-0.08407237 0.8168583 0.3728596 1

0.9086963 0.3317212 -0.2534409 0
0.4167845 -0.6864308 0.5959058 0
0.02370476 -0.6471277 -0.7620133 0
-0.05810547 0.8241224 0.3680075 1

0.02994137 0.4498402 -0.892607 0
-0.7920022 -0.5341089 -0.2957375 0
-0.6097839 0.7158015 0.3402823 0
0.1276002 0.7655773 -0.234249 1

0.1523794 0.6153525 -0.7733835 0
-0.8908074 -0.2534176 -0.3771504 0
-0.4280692 0.7464055 0.5095445 0
0.1363764 0.7971233 -0.2742617 1

0.1079706 -0.1347512 -0.9849795 0
-0.693064 -0.720522 0.0226002 0
-0.7127447 0.6802135 -0.1711865 0
0.1378489 0.827126 -0.1799483 1

0.8610666 0.3834286 -0.3339868 0
0.5010042 -0.5274188 0.6861664 0
0.08694479 -0.7581636 -0.646242 0
-0.02861647 0.8345471 0.3596298 1

0.1152799 0.5332992 -0.838035 0
-0.8677681 -0.3565067 -0.3462398 0
-0.4834145 0.7671344 0.4216818 0
0.1307932 0.7792813 -0.2590495 1

-0.02146797 0.3625308 -0.9317246 0
-0.6309392 -0.7278311 -0.2686592 0
-0.7755355 0.582094 0.2443598 0
0.1290589 0.7513641 -0.206761 1

0.918732 0.3142166 -0.2391646 0
0.3947427 -0.7147092 0.5773814 0
0.01048961 -0.6248673 -0.7806607 0
-0.03943124 0.7931454 0.3948953 1

0.8755235 0.3671309 -0.3141236 0
0.4769285 -0.5524406 0.6836292 0
0.07744662 -0.748348 -0.6587699 0
-0.006789974 0.811042 0.3901425 1

0.956709 0.2481818 -0.1520338 0
0.291016 -0.8080674 0.5121885 0
0.00426209 -0.5342594 -0.84531 0
-0.07070918 0.7823963 0.3968348 1

0.9704312 0.2192976 -0.1008578 0
0.2412628 -0.8682811 0.4334523 0
0.007482 -0.4449688 -0.8955149 0
-0.09906431 0.7836909 0.3923772 1

0.6928993 0.2746457 -0.6666785 0
0.6073122 -0.7207076 0.3342946 0
-0.3886679 -0.6365145 -0.6661732 0
-0.03635453 0.8408391 0.2983583 1

0.3034073 0.273444 -0.9127827 0
-0.4779239 -0.7850601 -0.394043 0
-0.8243378 0.555796 -0.1075077 0
0.1103257 0.7992029 -0.1763074 1

0.1021237 0.4831871 -0.8695407 0
-0.9546574 -0.1981197 -0.2222118 0
-0.2796429 0.8528067 0.4410454 0
0.09284286 0.7422574 -0.2474795 1

0.02536885 0.4056807 -0.9136628 0
-0.8013985 -0.5380966 -0.2611752 0
-0.5975926 0.7388335 0.3114608 0
0.1012019 0.7193559 -0.2189246 1

0.1986515 0.5455716 -0.81418 0
-0.9754902 0.02984466 -0.2180111 0
-0.09464172 0.8375327 0.5381284 0
0.09082459 0.762861 -0.2749972 1

0.2648363 0.6208376 -0.73785 0
-0.9597476 0.243916 -0.1392477 0
0.09352331 0.7450273 0.6604451 0
0.0962256 0.785606 -0.2911212 1

0.9131372 0.3237408 -0.247735 0
0.4041059 -0.6388755 0.6546274 0
0.05365782 -0.6978758 -0.7142065 0
-0.02217383 0.7621492 0.4199376 1

0.8708279 0.3728852 -0.320337 0
0.478442 -0.4931926 0.726536 0
0.1129265 -0.7859505 -0.6078898 0
0.01269198 0.7886874 0.4178271 1

0.9686658 0.2252403 -0.1046588 0
0.2432986 -0.7758307 0.5821449 0
0.04992487 -0.5893672 -0.8063211 0
-0.09025523 0.7503672 0.4090089 1

0.9522452 0.2599645 -0.1601485 0
0.3039415 -0.7570073 0.5784116 0
0.0291328 -0.5994655 -0.7998703 0
-0.05861422 0.7488108 0.4181228 1

0.8072923 0.1730873 -0.5641987 0
0.4683817 -0.769522 0.4341138 0
-0.3590236 -0.6147171 -0.7023 0
-0.007591399 0.8059682 0.3148953 1

0.1552474 0.4845368 -0.8608845 0
-0.9864484 0.122866 -0.1087375 0
0.05308622 0.8660993 0.4970451 0
0.05062255 0.7334139 -0.2571492 1

0.04241367 0.4166476 -0.908078 0
-0.9515353 -0.2602553 -0.1638548 0
-0.3046018 0.8710179 0.3854164 0
0.06864954 0.6973724 -0.229234 1

0.2313023 0.5419546 -0.8079507 0
-0.946364 0.3179131 -0.05767906 0
0.2255987 0.7779568 0.5864204 0
0.05032228 0.7641028 -0.2840533 1

0.3428043 0.5976325 -0.7247901 0
-0.8488985 0.5274967 0.03344838 0
0.4023144 0.6038069 0.6881576 0
0.06111249 0.7949522 -0.2966923 1

0.3312018 0.3488929 -0.8766865 0
-0.4875327 -0.7322122 -0.475581 0
-0.8078476 0.5849263 -0.07241331 0
0.0872645 0.7616031 -0.193865 1

0.1375256 0.04787052 -0.9893407 0
-0.0004634336 0.9988344 0.04826547 0
0.9904981 -0.006179247 0.1373875 0
-0.01281318 0.9248272 0.005013524 1

0.2699849 0.03102992 -0.9623644 0
-0.01608623 0.9994864 0.02771398 0
0.9627302 0.007998453 0.2703454 0
-0.021993 1.034454 0.009041874 1

-0.1180031 -0.06189298 0.9910827 0
0.3590237 -0.9331995 -0.01553109 0
0.9258387 0.3539894 0.1323414 0
-0.02457973 0.859433 0.09406778 1

-0.0222998 0.06473942 0.997653 0
-0.02823292 -0.9975441 0.06410128 0
0.9993526 -0.02673722 0.0240728 0
0.004709642 0.8682995 -0.08913991 1

0.5183157 0.03447191 -0.8544942 0
0.005603813 0.999029 0.04370185 0
0.8551711 -0.02743978 0.5176192 0
-0.02405897 1.162818 0.0126012 1

-0.2074748 0.08458143 0.9745771 0
-0.5797131 -0.8131054 -0.05284573 0
0.7879638 -0.5759393 0.2177318 0
0.123625 0.4742088 0.08765655 1

0.02015008 0.09773219 0.9950088 0
-0.1803581 -0.9785284 0.0997659 0
0.9833946 -0.1814682 -0.002090633 0
-0.006950748 0.456307 -0.06266563 1

0.7285513 0.03426994 -0.6841335 0
0.01600281 0.9976236 0.06701524 0
0.6848044 -0.05977209 0.7262715 0
-0.02323645 1.309454 0.0190157 1

-0.3538784 0.189684 0.915855 0
0.3606301 -0.8758273 0.3207382 0
0.8629692 0.4437872 0.2415305 0
-0.07823472 0.1910803 0.06925534 1

-0.07474774 0.01407543 0.9971032 0
0.7957726 -0.6017489 0.06814951 0
0.6009649 0.7985614 0.03377852 0
-0.06960379 0.1163845 -0.02800884 1

-0.4254273 0.08525424 -0.9009682 0
0.7082581 -0.5883772 -0.3901068 0
-0.5633674 -0.8040799 0.1899294 0
0.02809834 1.45215 -0.02027251 1

0.7012678 -0.1253219 0.7017962 0
-0.6584314 -0.4912506 0.5702116 0
0.2732976 -0.8619557 -0.4270141 0
-0.07289967 1.447453 0.07414467 1

-0.4153951 0.05149548 0.9081826 0
0.8879008 -0.194019 0.4171198 0
0.1976843 0.9796454 0.03487164 0
-0.007466558 0.01921278 0.1321953 1

-0.0874538 -0.008475427 0.9961326 0
0.9961221 0.008918731 0.08752878 0
-0.009626059 0.9999245 0.007662609 0
0.07896344 0.004040658 -0.01528562 1

0.7879934 0.005708965 -0.6156573 0
0.1315412 0.9753071 0.1774065 0
0.6014678 -0.2207794 0.7677845 0
-0.02059399 1.474187 0.03008161 1

-0.4711648 0.1229168 -0.8734388 0
0.1175019 -0.9726702 -0.2002662 0
-0.8741841 -0.196989 0.4438447 0
0.1310208 1.366648 -0.07696193 1

0.8935568 -0.02557083 0.4482214 0
-0.1184989 -0.9764051 0.1805311 0
0.4330291 -0.2144285 -0.8755035 0
-0.1685814 1.376066 0.1570065 1

0.9997932 -0.01830956 -0.008861557 0
0.01839358 0.9997857 0.009496707 0
0.008685783 -0.009657767 0.9999155 0
0.00252155 1.537979 0.06025924 1

-0.464751 0.05441276 -0.883768 0
0.1447973 -0.9800034 -0.1364831 0
-0.8735222 -0.1913977 0.4475784 0
0.1557313 1.162097 -0.1190777 1

0.8906114 0.2337355 0.3901018 0
0.1310234 -0.9533173 0.2720651 0
0.4354818 -0.1911918 -0.8796599 0
-0.1934978 1.170761 0.1949662 1

0.9486257 0.193225 -0.250546 0
0.3094467 -0.7316928 0.6073455 0
-0.06596852 -0.6536744 -0.7538955 0
-0.1530915 0.8767672 0.2788683 1

0.06241951 0.2607993 -0.963373 0
-0.2784227 -0.9223855 -0.2677432 0
-0.9584286 0.2849375 0.01503767 0
0.200386 0.8598685 -0.1611684 1

0.9947208 0.05917593 -0.08383793 0
0.08990209 -0.8964543 0.433921 0
-0.04947925 -0.4391676 -0.8970418 0
-0.1612138 0.8100918 0.3468944 1

0.6180954 0.3601292 -0.6987598 0
0.5393294 -0.8409628 0.04365134 0
-0.5719109 -0.4038425 -0.7140235 0
-0.1084664 0.8545836 0.2771915 1

0.98305 0.1145317 -0.1431606 0
0.1713669 -0.8515472 0.4954805 0
-0.06515979 -0.5116152 -0.8567406 0
-0.1364094 0.8012209 0.3492106 1

0.9505219 0.202592 -0.2355089 0
0.3036702 -0.7658085 0.5668523 0
-0.06551505 -0.6103228 -0.7894392 0
-0.1096065 0.8046899 0.3447205 1

0.08462502 0.3220203 -0.9429431 0
-0.719528 -0.6348988 -0.2813959 0
-0.6892887 0.7022871 0.1779743 0
0.1739407 0.7582303 -0.1783419 1

0.1841143 0.5103568 -0.8400226 0
-0.8335267 -0.3718506 -0.4086086 0
-0.5208992 0.7754118 0.3569329 0
0.1849633 0.7844187 -0.2215374 1

0.1890083 -0.2663164 -0.9451729 0
-0.6704534 -0.7382582 0.07394297 0
-0.7174741 0.6197184 -0.3180895 0
0.1777149 0.8269446 -0.1324511 1

0.9125159 0.2634147 -0.3129338 0
0.408376 -0.6303008 0.6602651 0
-0.02331895 -0.7302973 -0.6827317 0
-0.07881682 0.8109559 0.3368978 1

0.1613465 0.4206391 -0.8927653 0
-0.803982 -0.4686054 -0.3660911 0
-0.572347 0.776835 0.2625785 0
0.1787221 0.7685762 -0.2044792 1

0.04101609 0.220815 -0.974453 0
-0.5372484 -0.8174142 -0.207843 0
-0.8424265 0.5320481 0.08510534 0
0.1735885 0.7479439 -0.149122 1

0.958903 0.1796353 -0.2196273 0
0.2712007 -0.8077931 0.523374 0
-0.08339714 -0.5614282 -0.8233128 0
-0.09603532 0.7701509 0.3702967 1

0.9250197 0.2425777 -0.2923945 0
0.3780645 -0.6636899 0.6454326 0
-0.03749184 -0.7075819 -0.7056363 0
-0.06111194 0.7829454 0.3662551 1

0.9861461 0.0970668 -0.1345136 0
0.1464416 -0.8903334 0.4311166 0
-0.07791492 -0.4448425 -0.8922132 0
-0.1288593 0.7637042 0.37104 1

0.9950417 0.05630991 -0.08198334 0
0.08033745 -0.9409943 0.3287487 0
-0.05863391 -0.3337051 -0.9408524 0
-0.1568223 0.7694906 0.3665294 1

0.7311471 0.1833332 -0.6571249 0
0.4778737 -0.8250595 0.3015186 0
-0.4868888 -0.5344772 -0.69085 0
-0.08568222 0.8218415 0.2774608 1

0.3487222 0.1586926 -0.9236935 0
-0.4047497 -0.8634185 -0.3011424 0
-0.8453232 0.4788795 -0.2368622 0
0.1508534 0.7986927 -0.1269049 1

0.150699 0.3639 -0.9191662 0
-0.9095789 -0.3131717 -0.2731126 0
-0.3872426 0.8772119 0.2838011 0
0.14238 0.7304507 -0.1909568 1

0.08127509 0.2699225 -0.9594459 0
-0.7186933 -0.6510906 -0.2440531 0
-0.6905615 0.7093827 0.141074 0
0.1498875 0.711935 -0.1586151 1

0.2398433 0.4426247 -0.8640364 0
-0.9482521 -0.08394419 -0.3062228 0
-0.2080726 0.8927696 0.3995861 0
0.1416915 0.7469927 -0.2213413 1

0.2905197 0.5295436 -0.7969829 0
-0.9565918 0.1406685 -0.2552357 0
-0.02304804 0.8365385 0.547424 0
0.1473874 0.7675842 -0.2398028 1

0.9564553 0.1865561 -0.2244774 0
0.2849444 -0.7634462 0.5796178 0
-0.06324528 -0.6183421 -0.7833604 0
-0.08413768 0.7350956 0.3929963 1

0.9229855 0.2466553 -0.2953963 0
0.3842814 -0.6318739 0.6730999 0
-0.0206297 -0.7347769 -0.6779954 0
-0.04563303 0.7560586 0.3923936 1

0.9953431 0.05305462 -0.0804797 0
0.08346283 -0.8920429 0.4441776 0
-0.04822575 -0.4488263 -0.8923169 0
-0.1541824 0.7334555 0.379146 1

0.9850186 0.103309 -0.1380795 0
0.1566065 -0.8711217 0.465426 0
-0.07220133 -0.4800775 -0.8742499 0
-0.1227732 0.7266997 0.3889584 1

0.8314252 0.05269618 -0.5531325 0
0.3215104 -0.8575373 0.4015731 0
-0.4531701 -0.511716 -0.7299205 0
-0.06317446 0.7820097 0.2924139 1

0.2013754 0.3713012 -0.9064124 0
-0.9769735 0.009524489 -0.2131501 0
-0.0705098 0.9284639 0.3646694 0
0.102144 0.7165422 -0.2028679 1

0.09577608 0.2828079 -0.9543828 0
-0.8998293 -0.3853467 -0.2044895 0
-0.4255995 0.8783668 0.2175719 0
0.1206755 0.6854073 -0.1682144 1

0.270666 0.4428567 -0.854762 0
-0.95713 0.2189503 -0.1896422 0
0.103166 0.8694476 0.4831337 0
0.1023203 0.7435097 -0.2340602 1

0.3666971 0.5156487 -0.7743642 0
-0.8856255 0.4484195 -0.1207819 0
0.2849591 0.7300869 0.6211054 0
0.1124061 0.7730798 -0.2496733 1

0.3693468 0.2516573 -0.8945679 0
-0.4044522 -0.8231481 -0.3985548 0
-0.8366614 0.5090149 -0.2022436 0
0.1312081 0.7575179 -0.14004 1

0.1188925 0.03814833 -0.9921741 0
0.004656883 0.9992293 0.03897763 0
0.9928963 -0.009254592 0.1186232 0
-0.01573283 0.9227009 0.007836144 1

0.2691793 0.02224718 -0.9628332 0
-0.01161839 0.9997354 0.01985169 0
0.9630201 0.005842897 0.2693666 0
-0.02437307 1.032399 0.01101859 1

-0.07929301 -0.07618566 0.9939359 0
0.4151695 -0.9090094 -0.03655512 0
0.906282 0.4097532 0.1037081 0
-0.02607928 0.8581823 0.09770171 1

0.0290544 0.04846366 0.9984025 0
-0.1243724 -0.990887 0.05171821 0
0.9918102 -0.1256763 -0.0227621 0
-0.0002411334 0.8652318 -0.0861032 1

0.5219101 0.02621538 -0.8525978 0
0.009693911 0.9992808 0.03665958 0
0.8529456 -0.02739801 0.5212806 0
-0.02586523 1.160796 0.01356816 1

-0.191526 0.04180621 0.9805969 0
-0.4032952 -0.9142043 -0.03979421 0
0.8948023 -0.4030916 0.1919541 0
0.1453024 0.4829438 0.08261178 1

0.02099448 0.1036019 0.9943975 0
-0.1936805 -0.9753533 0.1057069 0
0.9808401 -0.1948147 -0.0004113689 0
-0.0516078 0.4559886 -0.06474322 1

0.7348868 0.02693686 -0.6776549 0
0.01940593 0.9979664 0.06071417 0
0.6779124 -0.05776855 0.7328697 0
-0.02444237 1.307469 0.01894899 1

-0.3797275 0.1401869 0.914415 0
0.5459747 -0.7639883 0.3438513 0
0.7468057 0.6298171 0.2135688 0
0.004872449 0.1646121 0.06875519 1

-0.07475634 0.01565597 0.9970791 0
0.7929064 -0.6054295 0.06895478 0
0.6047406 0.7957451 0.03284597 0
-0.1188888 0.1171691 -0.02802262 1

-0.39889 0.07774514 -0.9136974 0
0.7189976 -0.5919127 -0.3642555 0
-0.5691481 -0.8022439 0.1802094 0
0.02782207 1.449701 -0.02078928 1

0.6855991 -0.1257877 0.7170297 0
-0.6686922 -0.4981551 0.5519899 0
0.2877583 -0.8579157 -0.4256479 0
-0.07405013 1.446019 0.07272947 1

-0.3862038 0.06587435 0.9200584 0
0.9096768 -0.1379844 0.3917254 0
0.1527583 0.9882413 -0.006634273 0
0.1120116 0.01469105 0.1362308 1

-0.08756022 -0.006431781 0.9961387 0
0.9961581 0.000981528 0.08756825 0
-0.001540928 0.999979 0.006321132 0
0.02914333 0.004138052 -0.01514907 1

0.7921287 0.000685906 -0.6103538 0
0.1325691 0.9759331 0.1731475 0
0.5957834 -0.2180691 0.7729738 0
-0.02123797 1.472258 0.02897443 1

-0.3654055 0.06488061 -0.9285848 0
0.1879411 -0.9718813 -0.141862 0
-0.9116783 -0.2263563 0.3429371 0
0.1323051 1.363686 -0.07372205 1

0.8429401 -0.06842523 0.5336388 0
-0.1663581 -0.9764205 0.1375801 0
0.5116419 -0.2047468 -0.834447 0
-0.171223 1.373628 0.1529434 1

0.9998989 -0.01162155 -0.008212171 0
0.01164899 0.9999268 0.003303263 0
0.00817322 -0.003398605 0.999961 0
0.001819476 1.536157 0.05897063 1

-0.3447895 -0.04776234 -0.9374641 0
0.2197175 -0.9750668 -0.03113162 0
-0.9126033 -0.2167111 0.3466871 0
0.171829 1.1593 -0.1035555 1

0.855602 0.1655099 0.490461 0
0.04832622 -0.9689068 0.2426609 0
0.5153737 -0.1839188 -0.8369972 0
-0.2062025 1.168319 0.1818719 1

0.9640673 0.06976447 -0.2563349 0
0.2006904 -0.8234739 0.5306732 0
-0.1740628 -0.5630484 -0.8078854 0
-0.1912992 0.8695182 0.2567059 1

0.1330321 0.1364881 -0.9816689 0
-0.2258914 -0.9602282 -0.164119 0
-0.9650263 0.2435836 -0.09690963 0
0.2395887 0.8585946 -0.1131563 1

0.9901919 -0.09402449 -0.1033432 0
-0.05621617 -0.9452746 0.3213967 0
-0.127907 -0.3124348 -0.9412888 0
-0.2087538 0.7988007 0.3186211 1

0.6705889 0.3085856 -0.6746007 0
0.3935344 -0.9188488 -0.02911909 0
-0.6288415 -0.2459515 -0.7376087 0
-0.1506223 0.8410838 0.2518891 1

0.9871776 -0.02977531 -0.1568266 0
0.03470794 -0.9189084 0.3929413 0
-0.1558092 -0.3933458 -0.9060923 0
-0.1855764 0.7860976 0.31949 1

0.9680405 0.07511559 -0.2392819 0
0.1855312 -0.8564571 0.4817259 0
-0.1687496 -0.5107242 -0.8430213 0
-0.1586122 0.7858689 0.3146453 1

0.1488104 0.1976445 -0.968913 0
-0.6503811 -0.7185152 -0.2464557 0
-0.7448894 0.6668378 0.02162158 0
0.2179021 0.7545599 -0.1187295 1

0.2272558 0.4030182 -0.8865278 0
-0.7714936 -0.481016 -0.4164389 0
-0.5942666 0.7785883 0.2016124 0
0.2315961 0.7753884 -0.1640267 1

0.2701671 -0.3829668 -0.8833722 0
-0.6523712 -0.7475902 0.1245829 0
-0.7081115 0.5426282 -0.4518108 0
0.2156965 0.8287276 -0.08217625 1

0.9392828 0.1476548 -0.3097525 0
0.3105209 -0.7499002 0.5841461 0
-0.1460314 -0.6448628 -0.7502182 0
-0.1273186 0.7880991 0.3066328 1

0.2162664 0.3086689 -0.9262575 0
-0.7375 -0.5700338 -0.3621543 0
-0.6397839 0.761436 0.104364 0
0.2244828 0.7616336 -0.1455571 1

0.1126871 0.08587093 -0.9899133 0
-0.4557528 -0.880813 -0.1282877 0
-0.8829448 0.4656119 -0.06012027 0
0.2154779 0.7481313 -0.08852148 1

0.9735895 0.04507738 -0.2238118 0
0.1351365 -0.9039194 0.405793 0
-0.1840155 -0.4253209 -0.8861382 0
-0.1503676 0.7472599 0.3363852 1

0.9492391 0.1210985 -0.2903112 0
0.2697852 -0.7879949 0.553426 0
-0.1617447 -0.6036551 -0.7806662 0
-0.1139566 0.7548414 0.3326192 1

0.9873711 -0.05546488 -0.148399 0
-0.01050909 -0.9575794 0.2879785 0
-0.1580765 -0.2827821 -0.9460691 0
-0.184047 0.7456133 0.3368018 1

0.9891741 -0.1087648 -0.09851281 0
-0.09226817 -0.9829876 0.1588137 0
-0.1141103 -0.148005 -0.9823818 0
-0.2109847 0.7559384 0.3331513 1

0.7392156 0.1179248 -0.6630645 0
0.3442978 -0.9123381 0.2215819 0
-0.5788087 -0.3920884 -0.7150158 0
-0.1335355 0.8051306 0.2493104 1

0.412269 0.03544025 -0.9103728 0
-0.3474595 -0.917603 -0.1930714 0
-0.8422033 0.3959149 -0.3659852 0
0.1893182 0.8004351 -0.07481377 1

0.2088307 0.2466926 -0.946326 0
-0.8571453 -0.419716 -0.2985644 0
-0.4708418 0.873488 0.1238018 0
0.1893945 0.7230752 -0.129818 1

0.1470303 0.1390494 -0.9793098 0
-0.6394913 -0.7419605 -0.2013599 0
-0.7546081 0.655866 -0.0201698 0
0.1953977 0.7092799 -0.09450804 1

0.2892708 0.3397238 -0.8949361 0
-0.908183 -0.1980733 -0.3687426 0
-0.3025336 0.9194316 0.2512344 0
0.1905143 0.7353785 -0.1622378 1

0.3264197 0.4351283 -0.8391148 0
-0.9367505 0.03031 -0.3486832 0
-0.1262884 0.8998582 0.4175005 0
0.1968072 0.7536547 -0.1826371 1

0.9731787 0.04760953 -0.2250711 0
0.1437115 -0.8897793 0.4331746 0
-0.1796402 -0.4539014 -0.8727561 0
-0.1443766 0.7080132 0.3539784 1

0.9491934 0.1219456 -0.2901065 0
0.2715718 -0.7831931 0.5593368 0
-0.1590006 -0.6097034 -0.7765186 0
-0.1028666 0.7228932 0.3550254 1

0.9877202 -0.1239447 -0.09511367 0
-0.09945288 -0.9683192 0.2290573 0
-0.1204908 -0.2167851 -0.9687552 0
-0.2149477 0.7183683 0.3392719 1

0.9872224 -0.05709695 -0.1487693 0
-0.01338382 -0.9600134 0.2796344 0
-0.1587868 -0.2740703 -0.9485108 0
-0.1844842 0.7058139 0.348771 1

0.8219619 -0.04217361 -0.5679796 0
0.1770029 -0.9289566 0.3251301 0
-0.5413401 -0.3677783 -0.756102 0
-0.1174619 0.7611423 0.2604203 1

0.2564786 0.2597321 -0.9309984 0
-0.9508327 -0.1052001 -0.2912917 0
-0.1735991 0.9599332 0.2199801 0
0.1514661 0.7044774 -0.1428495 1

0.1590957 0.1531161 -0.9753175 0
-0.8404166 -0.4973924 -0.2151768 0
-0.5180627 0.8539066 0.04954816 0
0.1693806 0.6791044 -0.102367 1

0.3178682 0.3436124 -0.88368 0
-0.9481207 0.1100265 -0.2982652 0
-0.005259372 0.932644 0.3607599 0
0.1528071 0.727156 -0.1775528 1

0.3992147 0.4308539 -0.8093162 0
-0.9002855 0.3512798 -0.2570775 0
0.1735335 0.8312446 0.5281277 0
0.1625772 0.7550358 -0.1959682 1

0.4252439 0.1392543 -0.8943021 0
-0.3366986 -0.8928363 -0.2991276 0
-0.8401202 0.4283124 -0.3327862 0
0.1723124 0.7568431 -0.08283673 1

0.09602934 0.03135981 -0.9948845 0
0.01074557 0.9994127 0.03253974 0
0.9953206 -0.01381538 0.09563595 0
-0.01703437 0.9161004 0.01104535 1

0.26468 0.01360803 -0.9642404 0
-0.006351228 0.9999033 0.01236794 0
0.9643155 0.002850561 0.2647408 0
-0.02502904 1.025861 0.01373344 1

-0.05549285 -0.07714345 0.9954745 0
0.4542025 -0.8898291 -0.04363699 0
0.8891686 0.4497254 0.0844179 0
-0.02562701 0.8521965 0.1015328 1

0.08434781 0.02311113 0.9961685 0
-0.2021149 -0.978552 0.03981596 0
0.9757228 -0.2046988 -0.07786764 0
-0.004025537 0.857968 -0.0828625 1

0.5222398 0.01764742 -0.8526162 0
0.01441688 0.9994602 0.02951734 0
0.8526769 -0.02770719 0.5217035 0
-0.02584474 1.154279 0.01532186 1

-0.1748059 4.324503E-05 0.9846029 0
-0.2009131 -0.9789609 -0.03562699 0
0.9638864 -0.2040474 0.1711368 0
0.1618675 0.4848756 0.08351944 1

0.02828003 0.1067756 0.993881 0
-0.2155597 -0.9702332 0.1103687 0
0.9760811 -0.2173619 -0.004421704 0
-0.08750039 0.4538192 -0.06641824 1

0.7385904 0.01901617 -0.6738863 0
0.02340698 0.9982761 0.05382445 0
0.673748 -0.05552787 0.736872 0
-0.02372865 1.300978 0.01965437 1

-0.3790012 0.0535348 0.9238464 0
0.7038827 -0.6314232 0.3253522 0
0.6007558 0.7735881 0.201628 0
0.09190828 0.1439952 0.07111389 1

-0.07788653 0.01683622 0.9968202 0
0.7973771 -0.5991198 0.07242216 0
0.5984341 0.8004822 0.03323859 0
-0.1623818 0.1167783 -0.02807822 1

-0.3734535 0.06935497 -0.925053 0
0.7291374 -0.5945433 -0.3389356 0
-0.5734907 -0.8010671 0.1714647 0
0.02936225 1.442702 -0.02079919 1

0.6639259 -0.1273213 0.73688 0
-0.6834835 -0.5031223 0.5288842 0
0.3034025 -0.854785 -0.421058 0
-0.07302091 1.440115 0.07219681 1

-0.3562363 0.08046529 0.930925 0
0.9217287 -0.1332314 0.3642331 0
0.1533366 0.9878131 -0.02670527 0
0.2300345 0.02008808 0.1349593 1

-0.09052002 -0.005655859 0.9958787 0
0.9958241 0.0113859 0.09057973 0
-0.01185128 0.9999191 0.004601587 0
-0.013515 0.004925251 -0.01455732 1

0.7942806 -0.004673216 -0.6075333 0
0.1330581 0.9770324 0.1664428 0
0.5928019 -0.2130395 0.7766596 0
-0.01986357 1.465819 0.02854215 1

-0.2516098 0.02331388 -0.9675481 0
0.2583609 -0.9618134 -0.09036225 0
-0.9327073 -0.2727125 0.2359781 0
0.1353188 1.356304 -0.07005255 1

0.7987589 -0.1399531 0.5851476 0
-0.2303349 -0.9696067 0.08251345 0
0.555815 -0.2006882 -0.8067182 0
-0.1723431 1.367002 0.149053 1

0.9999597 -0.00371838 -0.008181863 0
0.003678069 0.999981 -0.004934847 0
0.008200027 0.004904535 0.9999546 0
0.00315986 1.529911 0.05814967 1

-0.2080611 -0.1417302 -0.9677931 0
0.283904 -0.9556005 0.07890942 0
-0.9360073 -0.2583421 0.2390608 0
0.1896518 1.154036 -0.08905559 1

0.8277164 0.1017851 0.5518385 0
-0.01671549 -0.9785029 0.2055542 0
0.5608978 -0.1793648 -0.8082216 0
-0.2207749 1.163126 0.1664029 1

0.9603411 -0.03087094 -0.277114 0
0.09500401 -0.8981544 0.4292931 0
-0.2621439 -0.4385947 -0.8596019 0
-0.2259298 0.8613657 0.2297937 1

0.2088946 0.02974873 -0.9774858 0
-0.167582 -0.9836635 -0.06575013 0
-0.9634729 0.1775438 -0.2004966 0
0.2772064 0.8593337 -0.06472035 1

0.9630855 -0.2244919 -0.1485585 0
-0.2001905 -0.9662233 0.1622846 0
-0.1799725 -0.126554 -0.975497 0
-0.2518699 0.7870026 0.2839817 1

0.6968903 0.2869701 -0.6572613 0
0.2588489 -0.9553256 -0.1426537 0
-0.6688358 -0.07071745 -0.7400391 0
-0.1895928 0.8284885 0.2205722 1

0.9693229 -0.1530134 -0.1923547 0
-0.1036033 -0.9640279 0.2447778 0
-0.2228897 -0.2173402 -0.9503072 0
-0.2306303 0.7713001 0.2827055 1

0.9656895 -0.03284717 -0.2576143 0
0.05994795 -0.936984 0.3441906 0
-0.2526861 -0.3478247 -0.9028665 0
-0.2040304 0.7680247 0.2770217 1

0.2193431 0.09074675 -0.9714186 0
-0.5831513 -0.7860456 -0.2051035 0
-0.7821917 0.6114719 -0.1194945 0
0.2607966 0.7543172 -0.05954237 1

0.2781165 0.3078651 -0.9098741 0
-0.7035913 -0.5795704 -0.4111667 0
-0.6539199 0.7545315 0.05542292 0
0.2772988 0.7705163 -0.1057857 1

0.3560764 -0.4722073 -0.8063686 0
-0.628884 -0.7593584 0.1669753 0
-0.6911696 0.4476561 -0.5673528 0
0.2521669 0.831964 -0.03236971 1

0.9467341 0.05278141 -0.317662 0
0.2033151 -0.8629618 0.4625578 0
-0.2497156 -0.5025043 -0.8277267 0
-0.1728575 0.7669537 0.2683289 1

0.2765072 0.2110295 -0.9375557 0
-0.6674351 -0.6597496 -0.345342 0
-0.6914294 0.7212471 -0.04157706 0
0.2692857 0.758608 -0.08642325 1

0.1910667 -0.02641441 -0.9812218 0
-0.3872886 -0.9205676 -0.05063261 0
-0.9019434 0.38969 -0.1861198 0
0.2561311 0.7512829 -0.02906682 1

0.9667923 -0.0706343 -0.2456087 0
-0.01256041 -0.973018 0.2303875 0
-0.2552548 -0.2196519 -0.9415934 0
-0.2014455 0.7257995 0.2925653 1

0.953283 0.02011209 -0.3014091 0
0.1494006 -0.8985968 0.4125569 0
-0.2625479 -0.4383142 -0.8596218 0
-0.1642445 0.7287295 0.2889359 1

0.9642775 -0.1870887 -0.1875285 0
-0.1716268 -0.9805034 0.09569395 0
-0.2017755 -0.06009067 -0.9775869 0
-0.2351945 0.728828 0.2934897 1

0.9567325 -0.2520195 -0.1454291 0
-0.262739 -0.9630232 -0.05961804 0
-0.1250266 0.09524832 -0.9875709 0
-0.2606333 0.7431492 0.2912877 1

0.7342048 0.09345774 -0.672465 0
0.2209377 -0.9694566 0.1064893 0
-0.6419736 -0.2267578 -0.7324283 0
-0.1778158 0.7910368 0.2135072 1

0.4873721 -0.0731056 -0.870129 0
-0.2987986 -0.9502947 -0.08752064 0
-0.8204807 0.3026482 -0.4849908 0
0.2264711 0.8034586 -0.02355745 1

0.2733462 0.1456447 -0.9508259 0
-0.7987365 -0.5164369 -0.3087296 0
-0.5360062 0.843849 -0.0248343 0
0.2352597 0.7198381 -0.0688163 1

0.2202744 0.02909019 -0.9750043 0
-0.5664993 -0.809895 -0.1521484 0
-0.7940772 0.5858535 -0.1619195 0
0.2390986 0.71064 -0.03162282 1

0.3434919 0.2503683 -0.9051681 0
-0.8573343 -0.3098668 -0.4110487 0
-0.3833949 0.9172234 0.1082126 0
0.2385443 0.7282207 -0.1023296 1

0.3690191 0.3518414 -0.8602515 0
-0.9027513 -0.08445463 -0.4217918 0
-0.221056 0.9322422 0.2864599 0
0.2455601 0.7443588 -0.1241548 1

0.9666997 -0.07404549 -0.2449678 0
-0.01879941 -0.9751878 0.2205795 0
-0.2552225 -0.2086289 -0.9441058 0
-0.2018689 0.6835378 0.3025388 1

0.9540774 0.01618306 -0.2991234 0
0.1373784 -0.9109826 0.3888936 0
-0.2662027 -0.4121275 -0.871371 0
-0.1580375 0.6922793 0.3056259 1

0.9490304 -0.2792037 -0.1462424 0
-0.2880881 -0.9566317 -0.04314197 0
-0.1278546 0.08307369 -0.9883078 0
-0.2711058 0.7064056 0.2890697 1

0.9620484 -0.1976676 -0.1881242 0
-0.1940197 -0.9802691 0.03780041 0
-0.1918843 0.0001339484 -0.9814178 0
-0.2423282 0.6880758 0.297467 1

0.7977534 -0.09214111 -0.5959025 0
0.04784666 -0.9754664 0.2148849 0
-0.6010827 -0.199937 -0.7737734 0
-0.167676 0.7443159 0.2190843 1

0.3175572 0.163804 -0.9339839 0
-0.9116992 -0.218051 -0.3482228 0
-0.2606964 0.9620928 0.08009633 0
0.199902 0.6969824 -0.08229636 1

0.2301107 0.04362486 -0.9721864 0
-0.7777967 -0.5921575 -0.2106718 0
-0.584878 0.8046407 -0.1023306 0
0.2160219 0.6777413 -0.03748473 1

0.3695939 0.2576247 -0.8927656 0
-0.923375 -0.005526087 -0.3838605 0
-0.1038253 0.9662296 0.2358417 0
0.2029486 0.7153559 -0.1194013 1

0.4372009 0.3571077 -0.8254271 0
-0.8970199 0.239372 -0.3715607 0
0.06489694 0.9028708 0.4249863 0
0.2126059 0.7414708 -0.140186 1

0.492906 0.03363381 -0.8694324 0
-0.2788813 -0.9404262 -0.1944859 0
-0.8241782 0.3383315 -0.4541616 0
0.2116805 0.7584511 -0.02662154 1

0.06971687 0.02855393 -0.9971581 0
0.01770405 0.9993974 0.02985584 0
0.9974097 -0.01973519 0.06916934 0
-0.01677402 0.9064366 0.01437745 1

0.2561918 0.006888503 -0.9666014 0
-0.0006475889 0.9999756 0.006954705 0
0.9666258 -0.001155778 0.25619 0
-0.02402462 1.01625 0.01701505 1

-0.03969148 -0.07613768 0.9963071 0
0.4953848 -0.8674254 -0.04655312 0
0.8677664 0.4917076 0.07214683 0
-0.02334595 0.8427884 0.1052137 1

0.1389307 -0.008207304 0.9902683 0
-0.2587939 -0.9655178 0.02830559 0
0.9558891 -0.2602079 -0.1362641 0
-0.006622994 0.8480163 -0.07970402 1

0.5189197 0.01049749 -0.8547585 0
0.01951004 0.9995187 0.02411977 0
0.8546003 -0.0291926 0.5184651 0
-0.02410779 1.144677 0.01790825 1

-0.1549468 -0.03653171 0.9872472 0
-0.01713267 -0.9990665 -0.03965802 0
0.9877742 -0.02305913 0.1541763 0
0.1811486 0.4847157 0.08599656 1

0.05739594 0.1068618 0.992616 0
-0.2983546 -0.9469824 0.1192008 0
0.9527277 -0.3029932 -0.02247024 0
-0.1135067 0.4492508 -0.06801361 1

0.7392949 0.0120206 -0.6732745 0
0.02780937 0.9984426 0.04836246 0
0.6728072 -0.05447746 0.7378093 0
-0.02124413 1.291385 0.02144851 1

-0.330765 -0.0593579 0.9418446 0
0.8531488 -0.4454225 0.2715442 0
0.4034004 0.8933509 0.1979713 0
0.1751829 0.1368344 0.07218739 1

-0.07783151 0.02229817 0.9967173 0
0.7801754 -0.6210707 0.07481658 0
0.6207 0.7834373 0.0309424 0
-0.2171495 0.1202868 -0.0266055 1

-0.3512186 0.06224441 -0.9342222 0
0.7379332 -0.5957283 -0.3171159 0
-0.5762813 -0.8007705 0.1632987 0
0.03251603 1.432647 -0.01973217 1

0.6385217 -0.1305686 0.7584471 0
-0.7017124 -0.5034901 0.504081 0
0.3160533 -0.8540783 -0.413111 0
-0.06996419 1.431027 0.07317874 1

-0.3150519 -0.02706168 0.9486886 0
0.9437957 0.09634829 0.3161753 0
-0.09996077 0.9949799 -0.004813967 0
0.3426003 0.04942703 0.1254738 1

-0.09117477 -0.002486739 0.9958319 0
0.9958184 0.005520324 0.09118737 0
-0.005724216 0.9999816 0.00197305 0
-0.07149414 0.004335761 -0.01263757 1

0.7940024 -0.009302277 -0.6078435 0
0.1335411 0.9781287 0.1594706 0
0.5930658 -0.2077922 0.7778787 0
-0.01665211 1.456254 0.02943437 1

-0.1418411 -9.552576E-05 -0.9898895 0
0.3307716 -0.9425245 -0.04730526 0
-0.9329906 -0.3341371 0.1337204 0
0.1397508 1.346077 -0.06581473 1

0.7627553 -0.2313266 0.6038976 0
-0.3020639 -0.9531465 0.01641458 0
0.5718056 -0.1949358 -0.7968932 0
-0.1719354 1.357861 0.1464306 1

0.999945 0.003293921 -0.009962186 0
-0.003418786 0.9999154 -0.01254248 0
0.009919889 0.01257588 0.9998717 0
0.006411495 1.520543 0.05857759 1

-0.06706604 -0.2184103 -0.9735498 0
0.3362628 -0.9236103 0.1840421 0
-0.9393772 -0.3150256 0.1353862 0
0.2093117 1.147865 -0.07576299 1

0.8125059 0.0365995 0.581803 0
-0.07060783 -0.9845012 0.1605379 0
0.5786613 -0.1715177 -0.7973288 0
-0.2354494 1.157446 0.149882 1

0.9535775 -0.1044405 -0.2824579 0
-0.009809831 -0.9482111 0.3174895 0
-0.3009883 -0.29998 -0.9052173 0
-0.2572241 0.8538355 0.1993904 1

0.2888138 -0.05461872 -0.9558261 0
-0.09853096 -0.9947658 0.0270716 0
-0.9523016 0.08635977 -0.2926836 0
0.3130134 0.863028 -0.01900533 1

0.9280813 -0.3224171 -0.1863128 0
-0.3317268 -0.9431576 -0.02028456 0
-0.1691823 0.0806306 -0.9822814 0
-0.2918118 0.7768633 0.2443136 1

0.7273564 0.2907744 -0.6216136 0
0.1520087 -0.9515626 -0.2672487 0
-0.6692132 0.09989429 -0.7363256 0
-0.2246873 0.8184528 0.1861337 1

0.9443377 -0.246399 -0.2179768 0
-0.2358667 -0.9690014 0.07350904 0
-0.2293321 -0.018004 -0.9731817 0
-0.272442 0.7591539 0.2410726 1

0.9581676 -0.1160273 -0.2616352 0
-0.06993967 -0.9813486 0.1790642 0
-0.2775315 -0.1532749 -0.948411 0
-0.2463184 0.7536342 0.2349344 1

0.2938876 0.00571855 -0.9558229 0
-0.5126314 -0.8430598 -0.162663 0
-0.8067462 0.5377895 -0.2448332 0
0.3029317 0.7581708 -0.00390965 1

0.3327446 0.2303031 -0.9144625 0
-0.6269127 -0.6703832 -0.3969469 0
-0.7044585 0.7053701 -0.07868624 0
0.3222372 0.7707407 -0.05019643 1

0.4479298 -0.5307909 -0.7194582 0
-0.5950002 -0.7776029 0.2032449 0
-0.6673334 0.3370384 -0.6641323 0
0.2871084 0.8373491 0.01404244 1

0.9509035 -0.01867036 -0.3089243 0
0.08510207 -0.9439256 0.3190023 0
-0.2975572 -0.3296305 -0.8959932 0
-0.2153757 0.7501395 0.2260576 1

0.3394761 0.1326839 -0.9312096 0
-0.5903512 -0.7406785 -0.3207507 0
-0.7322853 0.6586276 -0.1731125 0
0.3133823 0.7603124 -0.03035311 1

0.2742114 -0.1114328 -0.9551915 0
-0.326512 -0.945049 0.01651611 0
-0.904543 0.3073527 -0.2955272 0
0.2958981 0.7579165 0.02625979 1

0.9532471 -0.1604867 -0.2560549 0
-0.1590397 -0.9869169 0.0264906 0
-0.2569562 0.01547073 -0.9662995 0
-0.2495864 0.7094196 0.2430363 1

0.9530491 -0.0566905 -0.2974615 0
0.01953608 -0.9687624 0.247221 0
-0.3021848 -0.2414251 -0.9221708 0
-0.2119975 0.7083606 0.240306 1

