MeshAnim
1
23
52
30
0.9167832 0.1022468 -0.3860754 0
-0.01753522 0.9760467 0.2168532 0
0.3990002 -0.1920375 0.8966161 0
-0.001804176 0.8283095 -0.003054591 1

0.8852142 0.1375825 -0.4443725 0
0.08338655 0.8928587 0.4425493 0
0.4576489 -0.4288056 0.7788987 0
-0.00740515 0.9371491 0.0124699 1

-0.8609419 0.2783957 0.4257638 0
0.0513934 -0.7850761 0.6172636 0
0.5061005 0.5533096 0.6615972 0
-0.08546822 0.7590737 0.02044531 1

-0.9978983 -0.0346714 0.05474305 0
0.05629022 -0.8823088 0.4672927 0
0.03209858 0.4693922 0.8824062 0
0.08629567 0.7773347 -0.04785728 1

0.837355 0.1462133 -0.5267431 0
0.1129118 0.8965294 0.4283525 0
0.5348715 -0.4181587 0.7342042 0
0.003304258 1.05182 0.0693069 1

-0.999463 -0.01144114 0.03070694 0
-0.02654228 -0.2669066 -0.9633569 0
0.01921777 -0.9636546 0.2664596 0
-0.06425306 0.4349949 0.2752513 1

-0.9973674 -0.03930859 0.06093335 0
0.001772173 -0.8532798 -0.5214504 0
0.07249069 -0.5199697 0.8511032 0
0.1095439 0.4129351 0.1451378 1

0.7821608 0.1497153 -0.604822 0
0.1450657 0.9002705 0.4104496 0
0.6059541 -0.4087766 0.6824378 0
0.01987727 1.183411 0.1321798 1

-0.9644462 -0.2622368 0.0327903 0
0.2506938 -0.9470688 -0.2005334 0
0.08364198 -0.1851833 0.979138 0
-0.07349525 0.3420563 -0.06019571 1

-0.9956223 0.02737182 -0.08936924 0
-0.08814779 -0.5929325 0.8004131 0
-0.03108114 0.804787 0.5927497 0
0.1101595 0.1165217 -0.03600426 1

-0.5255873 0.3096576 -0.7923825 0
0.7740827 -0.2123164 -0.5964208 0
-0.3529221 -0.9268408 -0.1281098 0
0.09320977 1.321075 0.146729 1

0.8117692 -0.2299505 0.5367993 0
-0.5275689 -0.6829171 0.5052675 0
0.2504028 -0.6933594 -0.6756858 0
-0.01517655 1.300514 0.2301971 1

-0.9647233 -0.2565341 0.05915505 0
0.2600538 -0.8935891 0.3658837 0
-0.04100135 0.3683601 0.9287788 0
-0.02430039 0.1562085 -0.09954731 1

-0.9962429 0.01096661 -0.08590421 0
-0.08616889 -0.02652124 0.9959276 0
0.008643642 0.9995883 0.02736671 0
0.09370273 0.005823731 0.1134293 1

0.9473143 0.08682752 -0.3083122 0
0.04501891 0.9169102 0.3965463 0
0.3171259 -0.3895339 0.8646933 0
0.0438313 1.332068 0.1999555 1

-0.5693121 -0.821931 -0.01770234 0
0.3392377 -0.215251 -0.9157427 0
0.7488669 -0.5273486 0.4013748 0
0.2056977 1.290222 0.06005854 1

0.8464519 0.08260541 0.5260187 0
-0.3228696 -0.7059311 0.6304097 0
0.4234081 -0.703447 -0.5708659 0
-0.09184165 1.201275 0.3036214 1

0.9970775 -0.07625214 -0.004714727 0
0.0760361 0.9844674 0.1582479 0
-0.007425159 -0.1581438 0.9873881 0
0.05430062 1.387857 0.2478347 1

0.7902398 -0.232298 -0.5670618 0
0.5411549 0.6987276 0.4679013 0
0.2875291 -0.6766223 0.6778713 0
0.277039 1.244955 -0.1325211 1

0.7666197 0.4984357 -0.404791 0
0.6042907 -0.3469152 0.7172744 0
0.2170869 -0.7944884 -0.5671522 0
-0.1597304 1.052841 0.4361756 1

0.7496132 0.5772024 -0.3239092 0
0.5055085 -0.1833755 0.8431101 0
0.4272482 -0.7957455 -0.4292415 0
0.02662679 0.9458555 0.6573758 1

0.8609551 -0.225685 -0.4558758 0
0.4049123 0.8465128 0.3456335 0
0.3079002 -0.4821643 0.8201919 0
0.4439284 1.460439 0.01177729 1

0.6879179 0.7012452 -0.1871471 0
0.5569226 -0.3446652 0.7556741 0
0.4654096 -0.6240683 -0.6276407 0
0.03963263 0.9137741 0.7464866 1

0.2899382 0.4584606 -0.8400891 0
0.9449348 0.00206776 0.327252 0
0.1517693 -0.8887122 -0.4326158 0
0.07561046 0.952534 0.6638819 1

0.7653023 0.5303561 -0.3647391 0
0.5847829 -0.3361037 0.738284 0
0.2689632 -0.7783039 -0.5673642 0
0.06445585 0.921253 0.751701 1

0.7496312 0.4788974 -0.4568478 0
0.557978 -0.08603701 0.8253838 0
0.3559683 -0.8736446 -0.3317102 0
0.08611429 0.9369275 0.7457168 1

0.8904199 -0.06276989 -0.4507913 0
0.2215477 0.9249597 0.3088142 0
0.3975794 -0.374846 0.8375089 0
0.4755408 1.554412 0.05043214 1

0.7747486 -0.6181153 -0.1330349 0
0.6171165 0.6934633 0.3718553 0
-0.137595 -0.3701922 0.9187086 0
0.5103448 1.531878 0.01954481 1

0.8538455 0.4651559 -0.2336204 0
-0.1499774 0.6496271 0.7453132 0
0.4984527 -0.6013441 0.6244437 0
0.4271725 1.48732 0.04945074 1

0.7529142 0.40454 -0.5191025 0
0.5172835 0.1238632 0.8468032 0
0.4068635 -0.9060935 -0.1160036 0
0.1103846 0.9557641 0.7354894 1

0.8652146 -0.3787611 -0.3285481 0
0.4855478 0.7963939 0.360556 0
0.1250889 -0.4714839 0.8729579 0
0.497606 1.54575 0.03458431 1

0.7955179 0.215252 -0.5664082 0
-0.0194289 0.9433553 0.3312152 0
0.6056188 -0.2524826 0.7546378 0
0.4490272 1.563906 0.06334047 1

0.7754709 0.4638959 -0.4283054 0
0.6300421 -0.5243567 0.5727978 0
0.04113378 -0.7140384 -0.6988972 0
0.1111713 0.9329919 0.7829715 1

0.7736765 0.4045124 -0.4876416 0
0.6262518 -0.3715148 0.6854088 0
0.09609018 -0.8356712 -0.540759 0
0.1329761 0.9610817 0.773189 1

0.7931994 0.5064507 -0.3381451 0
0.6072116 -0.6998489 0.3761728 0
-0.04613762 -0.5037057 -0.8626425 0
0.09021968 0.9064454 0.7842274 1

0.7403654 0.6548924 -0.1515756 0
0.6700109 -0.7371464 0.08775418 0
-0.05426401 -0.1665274 -0.9845427 0
0.06508763 0.8983806 0.7806679 1

0.5084029 0.5391799 -0.6714249 0
0.848654 -0.1815346 0.4968214 0
0.1459892 -0.8223929 -0.54987 0
0.1138615 0.9535807 0.675151 1

0.9181327 0.2239133 -0.3269486 0
0.08908478 0.687313 0.720878 0
0.3861299 -0.6909876 0.6110969 0
0.4188952 1.511535 0.07937734 1

0.8743038 -0.09732883 -0.4755211 0
0.417029 0.6519075 0.6333274 0
0.2483546 -0.7520265 0.610554 0
0.485514 1.594997 0.06386217 1

0.7939764 0.1820566 -0.5800492 0
0.1976256 0.8250017 0.5294498 0
0.5749312 -0.5350029 0.6190525 0
0.4484299 1.605617 0.07777515 1

0.8414261 -0.4079113 -0.354416 0
0.5292696 0.4898475 0.6927651 0
-0.1089771 -0.7704919 0.6280652 0
0.5199699 1.582431 0.05119121 1

0.7290487 -0.6592795 -0.1839536 0
0.4716595 0.2891402 0.833028 0
-0.4960101 -0.6940811 0.5217524 0
0.5380131 1.563216 0.03631673 1

0.7955775 0.4334846 -0.4232582 0
0.4581541 -0.8875834 -0.04785837 0
-0.3964229 -0.1558424 -0.9047441 0
0.1386283 0.9102805 0.8077908 1

0.7916937 0.3881159 -0.4717912 0
0.5645393 -0.7599325 0.3221774 0
-0.2334874 -0.5214105 -0.8207404 0
0.1584999 0.9460725 0.8009191 1

0.8008818 0.5704777 -0.1820536 0
0.35782 -0.6996814 -0.6183939 0
-0.4801595 0.4301179 -0.7644902 0
0.09040472 0.8698851 0.7840924 1

0.8295562 0.4464532 -0.3354339 0
0.3741938 -0.8902911 -0.2595397 0
-0.4145061 0.08978534 -0.9056066 0
0.1154567 0.8773576 0.7998624 1

0.5254835 0.5173329 -0.6754507 0
0.8356223 -0.1645148 0.5240899 0
0.1600073 -0.8398224 -0.5187448 0
0.1543639 0.9444814 0.6995132 1

0.8553523 -0.1003304 -0.5082389 0
0.5130908 0.02868604 0.857855 0
-0.07148972 -0.9945407 0.07601513 0
0.5037951 1.623833 0.09194352 1

0.7890812 0.1701268 -0.590261 0
0.4216399 0.5487913 0.7218368 0
0.4467338 -0.8184653 0.3613083 0
0.4561974 1.639061 0.09946415 1

0.8096808 -0.4187775 -0.411148 0
0.4367215 -0.03804315 0.8987922 0
-0.3920354 -0.9072919 0.1520862 0
0.5419499 1.602768 0.07995367 1

0.687644 -0.6589366 -0.3048745 0
0.1752777 -0.2568275 0.95043 0
-0.7045736 -0.7069954 -0.06110913 0
0.5557966 1.573439 0.06682192 1

0.8867205 0.134834 -0.442207 0
0.1873159 0.7697054 0.6103005 0
0.4226581 -0.623998 0.6572566 0
0.4219735 1.543873 0.1139981 1

0.9102042 0.08480349 -0.4053845 0
0.01884645 0.9693172 0.2450898 0
0.4137307 -0.2307218 0.8806784 0
-0.0002326835 0.8224536 0.0003400135 1

0.8845413 0.1503805 -0.4415568 0
0.08475302 0.8790401 0.4691539 0
0.4586978 -0.4524092 0.7648021 0
-0.001978453 0.9309115 0.01910887 1

-0.8312049 0.4088456 0.3767541 0
0.036928 -0.6355599 0.7711678 0
0.5547384 0.6549113 0.5131828 0
-0.08549115 0.75521 0.02389431 1

-0.9888965 -0.005710334 0.1484952 0
0.06131105 -0.9259277 0.3726913 0
0.1353677 0.3776576 0.9159969 0
0.08510675 0.7700852 -0.04805445 1

0.8441263 0.1621445 -0.5110379 0
0.1065174 0.8834532 0.4562504 0
0.5254566 -0.4395675 0.728475 0
0.008906452 1.043807 0.07936271 1

-0.9845126 0.1446108 -0.09910902 0
-0.0006301105 -0.5682392 -0.8228632 0
-0.1753125 -0.8100567 0.5595298 0
-0.07024729 0.4928513 0.3422319 1

-0.9832661 -0.0773885 0.1649204 0
-0.05870931 -0.7223771 -0.6890025 0
0.1724557 -0.6871552 0.7057456 0
0.1104286 0.3876707 0.1058697 1

0.7981085 0.1682495 -0.5785455 0
0.1322873 0.8878567 0.4406932 0
0.5878119 -0.4282553 0.6863487 0
0.02454091 1.173479 0.1463304 1

-0.9842438 -0.1587674 0.07782528 0
0.1748569 -0.9393224 0.2951242 0
0.02624696 0.3040827 0.9522841 0
-0.07046669 0.2949868 0.05570569 1

-0.9994834 -0.03087246 0.008924097 0
0.0275723 -0.6811555 0.7316195 0
-0.01650816 0.7314876 0.6816551 0
0.09003411 0.1367304 -0.1334769 1

-0.504646 0.3299965 -0.7977686 0
0.7667471 -0.253374 -0.5898308 0
-0.396776 -0.9093425 -0.1251595 0
0.09721518 1.310718 0.1669402 1

0.7909992 -0.2586609 0.5544502 0
-0.5621736 -0.6648678 0.4918452 0
0.2414148 -0.7007464 -0.6713221 0
-0.01337198 1.287599 0.2467729 1

-0.9851421 -0.1407792 0.09836763 0
0.1652369 -0.6208212 0.7663405 0
-0.04681608 0.7712082 0.6348591 0
-0.03615367 0.1106591 0.1136193 1

-0.9997621 0.01200217 0.0182136 0
0.0176689 -0.04402445 0.9988744 0
0.01279049 0.9989584 0.04380202 0
0.09518174 0.009561658 0.00311324 1

0.947686 0.08320255 -0.3081694 0
0.04538598 0.9205003 0.388097 0
0.3159607 -0.3817807 0.8685691 0
0.04638491 1.320087 0.2191001 1

-0.536854 -0.8397657 -0.08112596 0
0.4057837 -0.1727098 -0.8975025 0
0.7396806 -0.5147474 0.4334832 0
0.2086371 1.273898 0.08122742 1

0.8365268 0.06425828 0.544145 0
-0.35891 -0.6861241 0.6327854 0
0.4140126 -0.7246411 -0.5508982 0
-0.09506576 1.190982 0.3182467 1

0.9975519 -0.06980692 0.004155576 0
0.0682078 0.9843674 0.1623832 0
-0.01542595 -0.1617022 0.9867191 0
0.05685335 1.376308 0.2664718 1

0.8359188 -0.2109602 -0.5066909 0
0.497392 0.6814633 0.5368512 0
0.2320368 -0.700788 0.6745778 0
0.293973 1.237578 -0.1075164 1

0.7880514 0.478856 -0.3868748 0
0.5761735 -0.3524116 0.7374483 0
0.2167924 -0.8040543 -0.5536225 0
-0.1705325 1.046713 0.4513004 1

0.74089 0.5764551 -0.3446476 0
0.5249564 -0.1769523 0.8325315 0
0.4189307 -0.7977391 -0.4337158 0
0.007153569 0.9380327 0.6787221 1

0.8918859 -0.2134279 -0.3987333 0
0.3671682 0.8564638 0.362846 0
0.2640591 -0.4700194 0.8422319 0
0.4473662 1.447737 0.0580458 1

0.6885608 0.6966032 -0.2015634 0
0.5863545 -0.3712612 0.7199678 0
0.4266992 -0.6139291 -0.6640923 0
0.02225064 0.9065564 0.7677189 1

0.2698055 0.4535104 -0.8494314 0
0.9521422 0.00593321 0.3055975 0
0.1436314 -0.8912313 -0.4302054 0
0.05625936 0.9448434 0.6840659 1

0.7584175 0.5274754 -0.3828482 0
0.6080709 -0.361174 0.7069677 0
0.2346331 -0.7689753 -0.5946629 0
0.04717135 0.9141146 0.7723172 1

0.7393857 0.4772671 -0.4748945 0
0.5869777 -0.1114404 0.8018967 0
0.3297964 -0.8716636 -0.3625426 0
0.06865662 0.9297895 0.7657393 1

0.9179317 -0.05133913 -0.3934025 0
0.1896821 0.9277095 0.3215217 0
0.3484565 -0.3697563 0.861312 0
0.4747992 1.542573 0.09777132 1

0.7924651 -0.6048478 -0.07847384 0
0.5799948 0.7075183 0.403762 0
-0.1886929 -0.3654819 0.9114925 0
0.5118784 1.520439 0.06933913 1

0.8598401 0.4755844 -0.1857273 0
-0.2037412 0.6531636 0.729292 0
0.4681501 -0.5892341 0.6585124 0
0.4277907 1.4746 0.09434757 1

0.7398024 0.4039423 -0.5380737 0
0.5518882 0.09311932 0.8287027 0
0.384853 -0.9100327 -0.1540411 0
0.09265013 0.9486035 0.7548394 1

0.8880106 -0.3689541 -0.2744266 0
0.4538318 0.7992675 0.3939648 0
0.07398528 -0.4743885 0.8772012 0
0.4979709 1.534193 0.0834222 1

0.8257973 0.225374 -0.516977 0
-0.05677639 0.9452456 0.3213836 0
0.5611016 -0.2360457 0.7933773 0
0.4473591 1.551681 0.1088994 1

0.7671308 0.460254 -0.4468518 0
0.6412307 -0.570001 0.5137336 0
-0.01825805 -0.6806359 -0.7323942 0
0.09502183 0.9247091 0.8019376 1

0.7626508 0.4020936 -0.5066403 0
0.6457058 -0.4275441 0.6326689 0
0.037781 -0.8096462 -0.5857012 0
0.1167789 0.9525604 0.7917455 1

0.7888457 0.5003251 -0.3569275 0
0.6046668 -0.7357581 0.305022 0
-0.1100021 -0.4564374 -0.8829295 0
0.07396126 0.8982024 0.8034639 1

0.7455683 0.6446236 -0.1690809 0
0.653201 -0.7571577 -0.006361589 0
-0.1321218 -0.1057007 -0.9855817 0
0.0490395 0.8899563 0.8002776 1

0.5023891 0.5333174 -0.6805716 0
0.8537519 -0.1814461 0.4880418 0
0.1367942 -0.8262264 -0.5464774 0
0.09475529 0.9460336 0.6944529 1

0.9329756 0.2344035 -0.2731511 0
0.03602768 0.6942542 0.7188277 0
0.3581319 -0.6804897 0.6392773 0
0.4173849 1.498925 0.123511 1

0.9038839 -0.08605891 -0.419032 0
0.367354 0.6580756 0.6572579 0
0.2191917 -0.7480178 0.6264378 0
0.4833813 1.583282 0.1117751 1

0.8256306 0.1918422 -0.5305946 0
0.15261 0.8294311 0.5373584 0
0.5431798 -0.5246337 0.6555267 0
0.4451232 1.593478 0.1229163 1

0.8663307 -0.3980689 -0.3016827 0
0.4795031 0.4937707 0.725443 0
-0.1398142 -0.7731312 0.6186439 0
0.5188742 1.571007 0.1015678 1

0.7501202 -0.6477931 -0.1329789 0
0.4091307 0.296618 0.8629194 0
-0.5195494 -0.7016992 0.4875312 0
0.5378716 1.552409 0.08753926 1

0.7874611 0.4267738 -0.4447125 0
0.4004263 -0.9027312 -0.157274 0
-0.4685763 -0.05422726 -0.8817572 0
0.1229638 0.9000152 0.82419 1

0.7822043 0.3817191 -0.4923889 0
0.5278971 -0.8258063 0.1984154 0
-0.3308789 -0.4151323 -0.8474576 0
0.1430903 0.9352778 0.8173333 1

0.8027064 0.5569173 -0.2133205 0
0.2589075 -0.6476564 -0.716595 0
-0.5372425 0.5199852 -0.6640682 0
0.07371105 0.8606994 0.800108 1

0.8247003 0.4354109 -0.3609524 0
0.3017945 -0.8785464 -0.3702385 0
-0.4783192 0.1964025 -0.8559421 0
0.09909245 0.8676222 0.8161417 1

0.5351073 0.5077806 -0.6751437 0
0.8306835 -0.1708629 0.5298783 0
0.1537048 -0.8443724 -0.5132349 0
0.1355071 0.9369425 0.7183987 1

0.8870393 -0.0893464 -0.4529662 0
0.4572714 0.03454881 0.8886558 0
-0.06374881 -0.9954013 0.07150173 0
0.4994612 1.612388 0.1409043 1

0.8214869 0.1797213 -0.541165 0
0.3697605 0.5545737 0.7454697 0
0.4340926 -0.8124951 0.3891214 0
0.4510524 1.627098 0.1449104 1

0.8382252 -0.4091282 -0.3605443 0
0.3790822 -0.03811754 0.9245776 0
-0.3920139 -0.9116805 0.1231423 0
0.5387879 1.591506 0.1316874 1

0.717001 -0.6476735 -0.2577366 0
0.1088994 -0.261127 0.9591421 0
-0.6885129 -0.7157735 -0.1166972 0
0.5533699 1.562914 0.1191744 1

0.9132885 0.1615294 -0.3739149 0
0.1199055 0.7707046 0.6258094 0
0.3892644 -0.6163791 0.6845074 0
0.4179266 1.53158 0.1579671 1

0.9074493 0.06475032 -0.4151424 0
0.05545385 0.9609535 0.2710964 0
0.4164861 -0.2690275 0.8684259 0
0.0003196684 0.8274153 0.006306325 1

0.8864704 0.1617964 -0.4335807 0
0.07636515 0.8729094 0.4818689 0
0.4564413 -0.460273 0.7614527 0
0.002564235 0.9353088 0.02804096 1

-0.9032762 0.3288024 0.2756479 0
0.02543345 -0.6002838 0.7993828 0
0.4283058 0.729074 0.5338591 0
-0.08691385 0.7625063 0.02916784 1

-0.9817069 -0.03033435 0.1879666 0
0.06591219 -0.9803294 0.1860372 0
0.1786259 0.1950233 0.9643955 0
0.08318286 0.7735124 -0.04463942 1

0.851419 0.17178 -0.4955576 0
0.0935061 0.8799923 0.4656934 0
0.5160837 -0.4428378 0.7331796 0
0.01237188 1.047417 0.08992781 1

-0.9875473 0.07068018 -0.1405526 0
0.01867038 -0.8344324 -0.5507942 0
-0.1562119 -0.5465596 0.8227216 0
-0.07641495 0.5147096 0.3591525 1

-0.9832256 -0.1034704 0.1502041 0
-0.05082326 -0.635478 -0.7704445 0
0.1751696 -0.7651546 0.6195596 0
0.1104051 0.3686296 0.03219525 1

0.8113874 0.1761246 -0.5573425 0
0.1150947 0.886713 0.4477648 0
0.5730652 -0.4274578 0.6991968 0
0.02609656 1.176581 0.1582816 1

-0.9935796 -0.02612734 0.1100792 0
0.09835705 -0.6802975 0.7263067 0
0.05591001 0.7324706 0.6784993 0
-0.06991378 0.2241549 0.1673625 1

-0.9994639 -0.03180279 0.007771909 0
0.02866432 -0.7353737 0.6770555 0
-0.015817 0.6769152 0.7358911 0
0.09275001 0.1478766 -0.2354428 1

-0.4872727 0.3292995 -0.8087812 0
0.7652123 -0.2852152 -0.5771503 0
-0.4207321 -0.9001189 -0.1130065 0
0.09730113 1.314202 0.1813273 1

0.7762228 -0.2647224 0.5721891 0
-0.5830351 -0.6467471 0.4917199 0
0.2398922 -0.7152905 -0.6563623 0
-0.01511889 1.289994 0.258223 1

-0.992879 0.0006026067 0.1191275 0
0.1172675 -0.1711373 0.9782436 0
0.02097655 0.9852474 0.1698479 0
-0.05061271 0.09065688 0.3098891 1

-0.9997633 0.005714845 0.0209963 0
0.02080324 -0.03196656 0.9992724 0
0.006381858 0.9994727 0.03184013 0
0.09810151 0.01058543 -0.1090394 1

0.9473359 0.07061011 -0.3123604 0
0.04918634 0.9317338 0.3597953 0
0.3164419 -0.3562108 0.8791918 0
0.04510161 1.323 0.2322189 1

-0.4715136 -0.8747228 -0.1119595 0
0.4396774 -0.1231319 -0.8896753 0
0.7644335 -0.46872 0.4426542 0
0.2085 1.272755 0.09745717 1

0.8366993 0.008710127 0.5475935 0
-0.4002126 -0.6728193 0.6222094 0
0.3738508 -0.7397559 -0.5594615 0
-0.09984425 1.19601 0.3296786 1

0.9975874 -0.06641206 0.0202167 0
0.06157245 0.9809604 0.1841884 0
-0.03206411 -0.1824991 0.9826829 0
0.05584948 1.380602 0.2778364 1

0.8502123 -0.1249031 -0.511408 0
0.4481698 0.681393 0.5786599 0
0.2761934 -0.7211814 0.6353065 0
0.3009637 1.246861 -0.08964057 1

0.8240216 0.397352 -0.4038567 0
0.5488625 -0.3831061 0.7429535 0
0.1404939 -0.8338714 -0.5337792 0
-0.1839956 1.054538 0.4605085 1

0.731131 0.5797703 -0.359603 0
0.5493444 -0.1877326 0.8142341 0
0.4045593 -0.7928576 -0.4557508 0
-0.01473202 0.9363923 0.6896279 1

0.9145643 -0.1909955 -0.3565011 0
0.3314922 0.8589832 0.3902062 0
0.2317007 -0.4750459 0.8489087 0
0.439177 1.456999 0.08881523 1

0.6888629 0.6940719 -0.2091232 0
0.6214091 -0.4168707 0.6633776 0
0.3732542 -0.5869272 -0.7184692 0
0.002971419 0.9038119 0.7777428 1

0.2449773 0.4635563 -0.8515292 0
0.9608621 0.00109129 0.2770254 0
0.129346 -0.886067 -0.4451464 0
0.03452205 0.9430802 0.6935831 1

0.7501985 0.5293659 -0.3961997 0
0.6343552 -0.4071704 0.6571192 0
0.1865356 -0.7443011 -0.6412648 0
0.02802993 0.9112844 0.7816853 1

0.7270437 0.4820056 -0.4889565 0
0.6212633 -0.1586584 0.767372 0
0.2923003 -0.8616835 -0.4148038 0
0.04933294 0.9270138 0.7746593 1

0.9368696 -0.03063322 -0.3483343 0
0.1614055 0.9215707 0.3530662 0
0.310199 -0.387 0.8683358 0
0.4627006 1.55186 0.1309166 1

0.8077652 -0.5877569 -0.04535422 0
0.5445893 0.7145538 0.4391301 0
-0.2256937 -0.3794135 0.897278 0
0.5015741 1.530808 0.1041059 1

0.8609406 0.4889604 -0.1403532 0
-0.2454107 0.6408896 0.7273474 0
0.4455949 -0.5917586 0.6717637 0
0.4172995 1.483026 0.1244047 1

0.7244341 0.4108168 -0.5535567 0
0.5905629 0.04434283 0.8057725 0
0.3555708 -0.9106391 -0.2104897 0
0.07301842 0.9459319 0.7632769 1

0.9035786 -0.3536605 -0.2418048 0
0.4270489 0.7886617 0.4423143 0
0.03427294 -0.5029283 0.8636482 0
0.4867153 1.544113 0.1176378 1

0.8456776 0.2478733 -0.4726395 0
-0.09105249 0.9396268 0.3298651 0
0.5258694 -0.2359245 0.8171909 0
0.4345677 1.560291 0.1407755 1

0.7569233 0.4619285 -0.4622657 0
0.6468258 -0.6304289 0.4291572 0
-0.09318575 -0.6238445 -0.7759734 0
0.07724487 0.9198048 0.8093033 1

0.7495681 0.4062932 -0.5225646 0
0.6611727 -0.4972434 0.5617823 0
-0.03159346 -0.7665998 -0.6413479 0
0.09886547 0.9477268 0.7991739 1

0.7833545 0.4976662 -0.3724036 0
0.5918472 -0.7802676 0.202236 0
-0.1899283 -0.3788287 -0.9057684 0
0.05597798 0.8933458 0.810636 1

0.7504387 0.6351301 -0.1828987 0
0.6218724 -0.7722372 -0.1300932 0
-0.2238671 -0.01611278 -0.9744866 0
0.03134877 0.8851445 0.8077347 1

0.4937643 0.5383347 -0.6829296 0
0.8611377 -0.1934293 0.4701352 0
0.1209914 -0.8202325 -0.5590888 0
0.07331312 0.9440987 0.7028274 1

0.9411867 0.2483527 -0.2291034 0
-0.003979623 0.6861492 0.72745 0
0.3378632 -0.6837546 0.6467828 0
0.405254 1.506831 0.153365 1

0.9245494 -0.06488817 -0.3754964 0
0.3259155 0.6452459 0.690968 0
0.1974518 -0.7612144 0.6177098 0
0.4700468 1.592305 0.1463176 1

0.8466935 0.2139915 -0.4871529 0
0.1175684 0.8176901 0.5635253 0
0.5189296 -0.5344068 0.6671742 0
0.4308253 1.601848 0.1551813 1

0.8835438 -0.3819675 -0.2710186 0
0.438803 0.472851 0.7641097 0
-0.1637139 -0.7940482 0.5853928 0
0.506385 1.580438 0.1380104 1

0.7676779 -0.632158 -0.1051038 0
0.351046 0.2776214 0.8942554 0
-0.5361319 -0.7233964 0.4350405 0
0.52597 1.563092 0.1238935 1

0.7766486 0.4255048 -0.4645025 0
0.3237313 -0.9021605 -0.2851395 0
-0.540384 0.07107907 -0.8384111 0
0.1054283 0.892487 0.827881 1

0.7699288 0.3820335 -0.5111365 0
0.4766078 -0.8768907 0.0625127 0
-0.4243287 -0.2917422 -0.8572234 0
0.1258024 0.9276174 0.8218837 1

0.8008908 0.5467252 -0.2442662 0
0.1364666 -0.5638286 -0.8145394 0
-0.5830531 0.6190228 -0.5261748 0
0.05481932 0.8553145 0.8028364 1

0.8168805 0.4285722 -0.3860472 0
0.2079563 -0.8430955 -0.4959279 0
-0.5380154 0.3248328 -0.7778326 0
0.08057629 0.8609157 0.8190416 1

0.5610401 0.5035334 -0.6570302 0
0.8151602 -0.1979542 0.54436 0
0.1440414 -0.8409926 -0.5215206 0
0.1144262 0.9344275 0.725913 1

0.9093145 -0.06749091 -0.4105996 0
0.4121793 0.01079438 0.9110388 0
-0.05705474 -0.9976612 0.0376339 0
0.4842912 1.620841 0.1769294 1

0.8430395 0.2018554 -0.4985366 0
0.3323095 0.5333418 0.7778926 0
0.4229121 -0.8214626 0.3825496 0
0.4353246 1.634984 0.1782238 1

0.8582086 -0.3912235 -0.3322983 0
0.3304695 -0.07424171 0.9408921 0
-0.3927696 -0.9172961 0.06557249 0
0.5246089 1.600069 0.1697356 1

0.742216 -0.627839 -0.2343793 0
0.04437286 -0.3029282 0.9519797 0
-0.6686901 -0.7169747 -0.1969792 0
0.5393441 1.572908 0.1566976 1

0.930101 0.2049468 -0.3048092 0
0.04952604 0.7523013 0.6569548 0
0.3639493 -0.6261305 0.6895661 0
0.4038867 1.539084 0.1881751 1

0.9143852 0.04268928 -0.4025882 0
0.08487506 0.9521119 0.293733 0
0.3958483 -0.3027548 0.8669738 0
5.667617E-05 0.8391297 0.01241567 1

0.8955107 0.1742866 -0.4094934 0
0.04784618 0.8770903 0.4779365 0
0.4424606 -0.4475899 0.7771048 0
0.005718879 0.9463641 0.03664686 1

-0.9505673 0.2355723 0.2023062 0
0.02499878 -0.5913386 0.8060358 0
0.3095112 0.7712486 0.556218 0
-0.0896363 0.7767754 0.0327289 1

-0.9707725 -0.07384546 0.2283583 0
0.06810823 -0.9971349 -0.03291439 0
0.2301346 -0.01639931 0.9730206 0
0.08167034 0.783557 -0.03875245 1

0.8635533 0.1774014 -0.4720214 0
0.0662538 0.888041 0.4549653 0
0.4998859 -0.4241601 0.7551174 0
0.01186381 1.05901 0.09802867 1

-0.9994782 0.005819503 -0.03177664 0
0.001511816 -0.9741375 -0.2259515 0
-0.0322699 -0.2258817 0.9736202 0
-0.07931682 0.5326712 0.36546 1

-0.985364 -0.1138165 0.1268997 0
-0.03444128 -0.5961581 -0.802128 0
0.1669478 -0.7947587 0.5835128 0
0.1097995 0.3717334 -0.05234633 1

0.8263766 0.1755881 -0.5350425 0
0.0883178 0.8979714 0.4311001 0
0.5561489 -0.4035049 0.726555 0
0.02158844 1.189355 0.1648078 1

-0.9827684 0.02267218 0.1834462 0
0.1581008 -0.4110669 0.8977907 0
0.09576347 0.9113234 0.4003989 0
-0.07879039 0.1934703 0.2867823 1

-0.99992 0.007620022 0.01009727 0
-0.0005400628 -0.8231988 0.5677532 0
0.01263842 0.5677022 0.8231369 0
0.09783526 0.1646392 -0.3309906 1

-0.4748866 0.3035989 -0.8260211 0
0.7876474 -0.2720456 -0.5528138 0
-0.3925489 -0.9131371 -0.1099383 0
0.09009873 1.328475 0.1870017 1

0.7698443 -0.2391182 0.5917452 0
-0.5812662 -0.6455748 0.4953412 0
0.2635706 -0.725297 -0.6359834 0
-0.02439029 1.304334 0.2608035 1

-0.9817176 0.0521435 0.1830624 0
0.1889599 0.1512213 0.9702712 0
0.02291045 0.9871238 -0.1583096 0
-0.04776555 0.1128048 0.4629599 1

-0.9995689 0.01378671 0.02592176 0
0.02521318 -0.04930409 0.9984657 0
0.01504362 0.9986886 0.04893525 0
0.09773441 0.01095164 -0.2249936 1

0.949513 0.05171826 -0.3094355 0
0.0512436 0.9475055 0.3156063 0
0.3095144 -0.3155288 0.8970185 0
0.03617195 1.337633 0.2359934 1

-0.3684233 -0.9217792 -0.1207799 0
0.4529708 -0.06453757 -0.8891864 0
0.8118386 -0.3823068 0.441316 0
0.2045578 1.288942 0.106668 1

0.8396404 -0.04222041 0.5414996 0
-0.4287802 -0.6634923 0.6131277 0
0.3333941 -0.7469909 -0.5751982 0
-0.1088586 1.210521 0.3327853 1

0.9978935 -0.05344776 0.0367679 0
0.04487948 0.9780146 0.20365 0
-0.04684418 -0.201571 0.9783531 0
0.04690582 1.397284 0.2789004 1

0.8657004 -0.05760355 -0.4972374 0
0.3885412 0.7036157 0.5949464 0
0.3155929 -0.7082423 0.6315016 0
0.2998171 1.27537 -0.0803269 1

0.841455 0.3767323 -0.3873322 0
0.5263641 -0.409615 0.7450881 0
0.1220416 -0.8308358 -0.542971 0
-0.1990168 1.07101 0.4617057 1

0.7101446 0.5963582 -0.3742344 0
0.5810463 -0.1962514 0.7898548 0
0.3975924 -0.7783586 -0.4858787 0
-0.03669132 0.944689 0.6914833 1

0.9363359 -0.1445985 -0.3199478 0
0.2777405 0.8625107 0.4230087 0
0.2147919 -0.4849404 0.8477602 0
0.4196413 1.492362 0.1031515 1

0.67639 0.7038929 -0.2168664 0
0.6643395 -0.4558998 0.5922908 0
0.3180401 -0.5446927 -0.7759901 0
-0.01537163 0.9106344 0.7782292 1

0.2078455 0.4833011 -0.8504235 0
0.9702516 0.008479323 0.2419506 0
0.1241459 -0.875413 -0.4671613 0
0.01258608 0.9519536 0.6937817 1

0.7312299 0.545139 -0.4100325 0
0.6676521 -0.4487803 0.5940005 0
0.1397983 -0.70811 -0.6921248 0
0.009718142 0.9183615 0.7814087 1

0.7041044 0.5007693 -0.5034551 0
0.6610622 -0.2033634 0.7222466 0
0.2592946 -0.841352 -0.4742287 0
0.03055038 0.934507 0.7739302 1

0.9513761 0.01397905 -0.3077154 0
0.1137608 0.9124023 0.3931683 0
0.2862562 -0.4090564 0.8664469 0
0.4372954 1.587096 0.1483005 1

0.8337305 -0.5517666 -0.02115032 0
0.4935848 0.7275518 0.4764902 0
-0.2475235 -0.4077036 0.8789254 0
0.4781437 1.568304 0.1227763 1

0.8487862 0.5204065 -0.09348667 0
-0.2955412 0.6135713 0.7322474 0
0.4384269 -0.5938919 0.6745921 0
0.3951692 1.516617 0.1383005 1

0.6994889 0.432009 -0.5692832 0
0.631393 -0.0004497524 0.7754629 0
0.3347509 -0.9018692 -0.2730821 0
0.05356412 0.9539573 0.7620761 1

0.9232985 -0.3161244 -0.2181415 0
0.3838692 0.7784862 0.4965928 0
0.01283503 -0.5422407 0.8401252 0
0.4621661 1.580661 0.1359269 1

0.8542009 0.2937056 -0.4290432 0
-0.1441129 0.9265841 0.3473817 0
0.4995724 -0.2349028 0.8338155 0
0.4084325 1.594122 0.1570919 1

0.736519 0.4776573 -0.4789397 0
0.6549084 -0.6806934 0.328255 0
-0.1692178 -0.5554277 -0.8141655 0
0.0602588 0.925281 0.8065422 1

0.7271014 0.42487 -0.5392673 0
0.6796126 -0.5566696 0.4777503 0
-0.09721199 -0.7138659 -0.6935024 0
0.08122886 0.9537606 0.796638 1

0.7675334 0.5089377 -0.3897113 0
0.5798213 -0.8104471 0.08356252 0
-0.2733122 -0.2900998 -0.9171381 0
0.03913315 0.8985897 0.8075786 1

0.7428904 0.6390259 -0.1993983 0
0.587776 -0.7652358 -0.2625521 0
-0.3203642 0.07784594 -0.9440907 0
0.01494711 0.8902015 0.8049979 1

0.4724659 0.5554823 -0.6842627 0
0.8741245 -0.196135 0.4443392 0
0.1126146 -0.8080659 -0.5782279 0
0.05167311 0.9533079 0.7016312 1

0.9407877 0.2819233 -0.1882501 0
-0.05198048 0.668718 0.7416971 0
0.3349879 -0.6879939 0.6437758 0
0.3811887 1.539261 0.1673223 1

0.941357 -0.01977557 -0.336833 0
0.2745412 0.6252265 0.7305611 0
0.1961496 -0.780193 0.59399 0
0.4425542 1.62715 0.1654732 1

0.8570665 0.2594073 -0.4451351 0
0.07197745 0.7952331 0.6020169 0
0.5101536 -0.5480078 0.6628957 0
0.4023507 1.635118 0.172285 1

0.9051638 -0.3438264 -0.2499253 0
0.3911058 0.4433949 0.8064973 0
-0.1664795 -0.8277589 0.535817 0
0.479847 1.616518 0.1587994 1

0.7960492 -0.598668 -0.08889775 0
0.2835089 0.2390786 0.9286898 0
-0.5347232 -0.7644858 0.3600458 0
0.5002379 1.601168 0.1442427 1

0.7553679 0.4391303 -0.4863988 0
0.2454895 -0.8778287 -0.4112805 0
-0.6075805 0.1912623 -0.7708856 0
0.0887908 0.8957826 0.8207361 1

0.7479846 0.3975683 -0.5314684 0
0.4279033 -0.9009721 -0.07175012 0
-0.5073636 -0.1737489 -0.8440341 0
0.1089103 0.9312434 0.8159361 1

0.7849198 0.5535674 -0.2783238 0
0.008656025 -0.458954 -0.8884178 0
-0.6195369 0.6949275 -0.365034 0
0.03711604 0.8606379 0.7950374 1

0.7980199 0.4376364 -0.4142934 0
0.1113504 -0.782718 -0.6123344 0
-0.5922545 0.4425232 -0.6733556 0
0.06323159 0.8649052 0.8110518 1

0.5972997 0.5040055 -0.6238682 0
0.788626 -0.2275288 0.5712269 0
0.1459534 -0.833192 -0.5333745 0
0.0934255 0.943495 0.7234763 1

0.9275135 -0.02132442 -0.3731814 0
0.3726273 -0.02594065 0.9276186 0
-0.0294615 -0.9994362 -0.01611454 0
0.4545245 1.654793 0.1978283 1

0.8539877 0.2473311 -0.4577472 0
0.2938848 0.4966943 0.816656 0
0.4293449 -0.8319389 0.3514838 0
0.4049952 1.667328 0.1968772 1

0.8823717 -0.350338 -0.31414 0
0.2861073 -0.1305798 0.9492584 0
-0.3735816 -0.9274765 -0.01498586 0
0.4960907 1.634926 0.1922848 1

0.7789838 -0.5857291 -0.2238448 0
-0.02125186 -0.3814403 0.9241492 0
-0.6266844 -0.71514 -0.3095837 0
0.5111471 1.609588 0.1783224 1

0.9336531 0.2766247 -0.227533 0
-0.04324758 0.717665 0.6950451 0
0.3555589 -0.6390903 0.6820129 0
0.377544 1.570644 0.2027573 1

0.9290078 0.02695346 -0.3690773 0
0.09690998 0.9448184 0.3129324 0
0.3571456 -0.326484 0.8751315 0
-0.000545184 0.8533987 0.02019447 1

0.9116156 0.1772778 -0.3708497 0
0.01579197 0.8864434 0.4625675 0
0.4107403 -0.4275402 0.8052961 0
0.006793921 0.9600518 0.04645661 1

-0.9474154 0.2317054 0.2207196 0
0.02780825 -0.6275128 0.7781097 0
0.3187965 0.7433308 0.5880716 0
-0.09236831 0.7929273 0.03623269 1

-0.9569773 -0.1241472 0.2622638 0
0.06812669 -0.9747157 -0.2128106 0
0.2820523 -0.1857877 0.9412382 0
0.08150733 0.7966967 -0.02899457 1

0.8831956 0.1719807 -0.4363348 0
0.04021373 0.899147 0.4357951 0
0.4672775 -0.402439 0.7872068 0
0.008822099 1.073898 0.1058645 1

-0.9981949 0.026943 0.05367985 0
-0.0221698 -0.9959084 0.087611 0
0.05582055 0.08626269 0.9947075 0
-0.08088908 0.5338904 0.3574359 1

-0.9830412 -0.1443105 0.1131588 0
-0.008154005 -0.5820459 -0.8131152 0
0.1832047 -0.8002483 0.5709982 0
0.1096441 0.3941324 -0.1168868 1

0.8493366 0.1629842 -0.5020591 0
0.06687555 0.9102473 0.4086288 0
0.523598 -0.3806389 0.7622067 0
0.01472461 1.205874 0.1698299 1

-0.9711896 0.03751782 0.2353376 0
0.2230654 -0.2044069 0.9531317 0
0.08386397 0.9781671 0.1901486 0
-0.08860878 0.1871088 0.3879426 1

-0.999347 0.02554078 0.02556524 0
-0.01644509 -0.9513677 0.3076188 0
0.03217864 0.3069974 0.9511663 0
0.1068116 0.1919406 -0.3993478 1

-0.4522965 0.2763812 -0.8479632 0
0.8222216 -0.2391164 -0.5165026 0
-0.3455135 -0.9308258 -0.1190951 0
0.08187156 1.345804 0.1910789 1

0.7659794 -0.2064837 0.6088023 0
-0.5685319 -0.659629 0.4915902 0
0.3000783 -0.7226715 -0.6226548 0
-0.03578414 1.3234 0.2603062 1

-0.9713063 0.06754492 0.22804 0
0.2368859 0.3602348 0.9022838 0
-0.02120315 0.9304134 -0.3658987 0
-0.04483556 0.1469971 0.5749801 1

-0.9987622 0.01252891 0.04814005 0
0.04602444 -0.1344202 0.9898552 0
0.01887279 0.9908454 0.1336771 0
0.1037413 0.01432443 -0.3419167 1

0.9573127 0.01711145 -0.2885474 0
0.06768175 0.9572263 0.2813129 0
0.2810189 -0.288834 0.9152068 0
0.02576745 1.356179 0.2373049 1

-0.2853343 -0.9527037 -0.1045961 0
0.4485942 -0.03631264 -0.8929976 0
0.846964 -0.301724 0.4377387 0
0.2013549 1.311056 0.1160219 1

0.8430356 -0.08423553 0.5312206 0
-0.4506096 -0.649874 0.6120577 0
0.2936695 -0.7553596 -0.5858243 0
-0.1184019 1.227544 0.3317429 1

0.9974346 -0.05206015 0.04913166 0
0.0403775 0.9759172 0.2143716 0
-0.0591087 -0.2118379 0.9755157 0
0.03700694 1.41713 0.2782086 1

0.8763533 -0.04164452 -0.4798658 0
0.3540433 0.7311846 0.5831149 0
0.326587 -0.6809077 0.65552 0
0.2956938 1.30342 -0.07177451 1

0.853449 0.3764659 -0.360414 0
0.5053809 -0.4288326 0.7487943 0
0.1273383 -0.8212039 -0.5562453 0
-0.2131501 1.090897 0.4604383 1

0.6911833 0.6045308 -0.3959903 0
0.6144048 -0.2030645 0.7624119 0
0.3804899 -0.7702644 -0.5117812 0
-0.05729574 0.9586492 0.691359 1

0.9480467 -0.1269425 -0.2917081 0
0.2509716 0.8619236 0.4405697 0
0.1955031 -0.4908908 0.8490026 0
0.4048789 1.528914 0.1080552 1

0.6664453 0.7079764 -0.2337093 0
0.701339 -0.4889776 0.5186757 0
0.2529317 -0.5095783 -0.8224083 0
-0.03221811 0.9236324 0.7767056 1

0.1699581 0.4948323 -0.8522061 0
0.9794592 0.01039752 0.2013739 0
0.1085072 -0.8689262 -0.4829008 0
-0.007998775 0.9661344 0.691692 1

0.7134898 0.5522445 -0.4312289 0
0.6958882 -0.4867681 0.528012 0
0.08168332 -0.6768182 -0.7316044 0
-0.007052849 0.9314466 0.778933 1

0.6816989 0.5101016 -0.5244839 0
0.6997592 -0.245294 0.6709458 0
0.2135977 -0.8243951 -0.5241647 0
0.01337544 0.9477887 0.770796 1

0.960198 0.02970972 -0.2777361 0
0.09282345 0.9038776 0.4175997 0
0.2634463 -0.4267587 0.8651438 0
0.4196421 1.623403 0.1547277 1

0.8432638 -0.5374981 0.001539528 0
0.4657969 0.7321968 0.4969122 0
-0.2682166 -0.4183111 0.8677999 0
0.4615573 1.605511 0.1303113 1

0.8478349 0.5268009 -0.06047884 0
-0.3210135 0.6006988 0.7321965 0
0.4220512 -0.6013668 0.6784035 0
0.3789432 1.552411 0.1426654 1

0.6745139 0.4430753 -0.5905212 0
0.6733612 -0.04128486 0.7381601 0
0.302681 -0.8955334 -0.3261968 0
0.03578537 0.9675004 0.758238 1

0.9320421 -0.3034295 -0.1980618 0
0.3622532 0.7675841 0.5287606 0
-0.008412391 -0.5645754 0.825339 0
0.4449857 1.617481 0.1430792 1

0.8628395 0.3112872 -0.3982577 0
-0.1683837 0.9198875 0.3541951 0
0.4766088 -0.2385532 0.8461308 0
0.3904121 1.629897 0.162676 1

0.7163869 0.4839201 -0.5026046 0
0.6495443 -0.7255766 0.2272243 0
-0.2547196 -0.4892443 -0.8341209 0
0.04483053 0.9366718 0.8010985 1

0.7045643 0.433384 -0.5619319 0
0.6882032 -0.6104466 0.392086 0
-0.1731056 -0.662973 -0.7283551 0
0.06531835 0.9654915 0.7911574 1

0.752315 0.5116299 -0.4150384 0
0.5512431 -0.8338504 -0.02870677 0
-0.3607674 -0.2071904 -0.9093509 0
0.02360601 0.9100012 0.8021955 1

0.7363387 0.6378375 -0.2257622 0
0.5365674 -0.7537342 -0.379447 0
-0.4121903 0.1582651 -0.8972467 0
-0.00022618 0.901702 0.800133 1

0.4503324 0.5640072 -0.6921681 0
0.8879393 -0.2016143 0.4134195 0
0.09362057 -0.8007793 -0.5915975 0
0.03137532 0.9675893 0.6979213 1

0.9446156 0.2857449 -0.1614067 0
-0.07197315 0.6602267 0.7476103 0
0.3201907 -0.694587 0.6442264 0
0.3639649 1.574532 0.1715929 1

0.9512367 -0.003804475 -0.3084387 0
0.2487144 0.600917 0.7596317 0
0.182456 -0.7993025 0.5725606 0
0.4239843 1.663088 0.1729812 1

0.8664799 0.2760648 -0.4159345 0
0.0592974 0.7703668 0.6348379 0
0.4956786 -0.5747377 0.6511374 0
0.3832619 1.670603 0.17818 1

0.9145373 -0.3310804 -0.2323955 0
0.3613894 0.410666 0.8371092 0
-0.1817136 -0.8495527 0.4952182 0
0.4616709 1.652835 0.1674334 1

0.8055418 -0.587525 -0.07692471 0
0.2226901 0.1798738 0.958152 0
-0.5491015 -0.7889615 0.2757317 0
0.4823982 1.638581 0.1526939 1

0.7333018 0.4437481 -0.5151272 0
0.1504475 -0.8447698 -0.513546 0
-0.663049 0.2990847 -0.6862321 0
0.07312692 0.905225 0.8109021 1

0.7251844 0.4036379 -0.5578386 0
0.3649212 -0.912323 -0.1857401 0
-0.5839009 -0.06887114 -0.8088984 0
0.09334483 0.9407939 0.806977 1

0.7671073 0.5563231 -0.3194548 0
-0.1238024 -0.3602266 -0.9246134 0
-0.6294599 0.7488268 -0.2074586 0
0.01998602 0.872579 0.7857108 1

0.7777571 0.4391699 -0.449693 0
0.00141488 -0.7166494 -0.6974322 0
-0.6285634 0.5417966 -0.5580006 0
0.04651676 0.875344 0.8010026 1

0.6417942 0.4892175 -0.5905647 0
0.7542219 -0.263342 0.6014985 0
0.1387432 -0.8314548 -0.5379897 0
0.0738074 0.957507 0.7182836 1

0.9382256 -0.004071904 -0.3460016 0
0.3448297 -0.07206369 0.9358953 0
-0.02874521 -0.9973921 -0.06620789 0
0.4348111 1.689653 0.2066165 1

0.8633823 0.2640697 -0.4299287 0
0.2853862 0.447107 0.8477328 0
0.4160845 -0.8546126 0.3106624 0
0.3853884 1.701797 0.2040955 1

0.8933846 -0.3345781 -0.2998696 0
0.2462938 -0.193513 0.9496803 0
-0.3757711 -0.9222857 -0.09047706 0
0.4766807 1.669885 0.2021898 1

0.7979999 -0.561685 -0.218418 0
-0.1004228 -0.4812904 0.87079 0
-0.5942324 -0.672956 -0.4404756 0
0.4910778 1.644832 0.1878638 1

0.9344072 0.3191551 -0.1581898 0
-0.1119105 0.6846364 0.7202427 0
0.3381715 -0.6552966 0.6754457 0
0.3593666 1.605507 0.207275 1

0.9369968 0.03840097 -0.347221 0
0.07937514 0.9445397 0.3186601 0
0.3402009 -0.3261442 0.8819826 0
-0.003356003 0.8639113 0.02806577 1

0.9204867 0.1701969 -0.351763 0
0.001459345 0.8986667 0.4386294 0
0.3907711 -0.4042659 0.8269625 0
0.002215751 0.9705306 0.05489307 1

-0.9418604 0.2358462 0.2393233 0
0.01250201 -0.6871706 0.7263886 0
0.3357719 0.6871486 0.6442701 0
-0.09486774 0.8023942 0.04173182 1

-0.9690714 -0.125582 0.2124372 0
0.050529 -0.9435707 -0.3272936 0
0.2415517 -0.3064366 0.920733 0
0.08042736 0.8082908 -0.01941062 1

0.8951863 0.1579488 -0.4167657 0
0.03198705 0.909918 0.4135533 0
0.4445428 -0.3835383 0.8094937 0
0.002403177 1.085947 0.1112266 1

-0.9955712 0.07026234 0.06246054 0
-0.05019493 -0.9590454 0.2787698 0
0.0794894 0.2743999 0.9583247 0
-0.08970692 0.5187306 0.3415845 1

-0.9879059 -0.1417566 0.06282517 0
0.03650597 -0.6064349 -0.7942947 0
0.1506959 -0.7823948 0.6042755 0
0.1012962 0.4185896 -0.1545851 1

0.8647838 0.1432178 -0.4812875 0
0.06375682 0.9193907 0.3881442 0
0.4980804 -0.3663461 0.785943 0
0.007098183 1.219504 0.1719273 1

-0.9724747 0.06707668 0.2231454 0
0.2162625 -0.0966683 0.9715378 0
0.08673859 0.9930539 0.07950124 0
-0.1071851 0.1847849 0.438654 1

-0.9963116 0.06439022 0.05671868 0
-0.0706916 -0.9905911 -0.1171829 0
0.04863951 -0.1207602 0.9914893 0
0.1139777 0.2079254 -0.4305082 1

-0.4343706 0.2567462 -0.8633676 0
0.841682 -0.225651 -0.4905639 0
-0.3207702 -0.9397676 -0.1180825 0
0.07492397 1.359325 0.1916888 1

0.7662969 -0.1855319 0.6151157 0
-0.559218 -0.6639826 0.4963898 0
0.3163297 -0.7243656 -0.6125606 0
-0.04486079 1.33965 0.2580347 1

-0.9724526 0.0972712 0.2118357 0
0.2327054 0.4580245 0.8579404 0
-0.01357302 0.8836019 -0.4680426 0
-0.06474691 0.1658152 0.6293034 1

-0.9965135 0.03124101 0.07736072 0
0.06731439 -0.246733 0.9667428 0
0.04928949 0.9685797 0.2437698 0
0.1007799 0.02298647 -0.4523858 1

0.9628428 -0.02085013 -0.2692565 0
0.09620723 0.958087 0.2698401 0
0.2523449 -0.285718 0.924493 0
0.01762605 1.371318 0.2360198 1

-0.2172755 -0.9697142 -0.1115623 0
0.4593371 -0.0007282645 -0.8882617 0
0.8612787 -0.2442421 0.4455839 0
0.1972353 1.326533 0.1204012 1

0.8532901 -0.09535589 0.5126435 0
-0.4435319 -0.6496823 0.6174083 0
0.2741816 -0.754202 -0.5966609 0
-0.1261251 1.243162 0.3301689 1

0.9965134 -0.07014392 0.04517522 0
0.05829016 0.9727206 0.224537 0
-0.05969289 -0.2211209 0.9734179 0
0.03022056 1.432402 0.2763269 1

0.8911259 -0.02507698 -0.4530626 0
0.3177087 0.7473628 0.5835326 0
0.3239689 -0.6639429 0.6739616 0
0.2938333 1.32638 -0.06639929 1

0.853532 0.3809046 -0.3555213 0
0.504703 -0.4348781 0.745759 0
0.1294543 -0.8159615 -0.563426 0
-0.2193851 1.106555 0.4599893 1

0.6667134 0.6147494 -0.4213989 0
0.6538857 -0.2111299 0.7265384 0
0.3576689 -0.7599394 -0.5427388 0
-0.06373974 0.972443 0.6899738 1

0.9589536 -0.1198237 -0.2570024 0
0.2309711 0.8558459 0.4627962 0
0.1645006 -0.5031601 0.8483924 0
0.3918131 1.556863 0.1135592 1

0.6512908 0.7146787 -0.2550595 0
0.7354108 -0.5116093 0.4443279 0
0.1870607 -0.47696 -0.8587887 0
-0.03411969 0.9362611 0.7733563 1

0.1232788 0.5089819 -0.851904 0
0.9884582 0.01319099 0.1509205 0
0.08805303 -0.8606764 -0.5014811 0
-0.01453087 0.9802194 0.6878915 1

0.6895072 0.5618541 -0.4570562 0
0.7240189 -0.5177734 0.4557496 0
0.01941316 -0.6451597 -0.7638013 0
-0.008914314 0.9441916 0.7744108 1

0.6524886 0.5218161 -0.5495153 0
0.7401056 -0.2830279 0.6100321 0
0.1627963 -0.8047382 -0.5708714 0
0.01098227 0.9607809 0.7654935 1

0.9700077 0.03551974 -0.2404652 0
0.07655396 0.8942829 0.4409055 0
0.2307048 -0.4460902 0.8647421 0
0.4044553 1.650675 0.1621806 1

0.8454673 -0.5332537 0.0287348 0
0.4422852 0.7293625 0.5219333 0
-0.299281 -0.4285685 0.8525021 0
0.447336 1.633274 0.1391236 1

0.8522311 0.522947 -0.01513603 0
-0.3469475 0.5865914 0.7318046 0
0.3915736 -0.6184151 0.6813466 0
0.3644906 1.579759 0.1474988 1

0.6424274 0.4564074 -0.6156135 0
0.7184062 -0.07900667 0.691123 0
0.2667959 -0.8862566 -0.3786418 0
0.03261279 0.9808195 0.7521133 1

0.9398896 -0.2978911 -0.1669389 0
0.3393336 0.7600562 0.5542268 0
-0.03821623 -0.57756 0.8154535 0
0.4302467 1.645002 0.1514251 1

0.8766189 0.3197743 -0.3595607 0
-0.1840714 0.9132559 0.3634302 0
0.4445867 -0.2524049 0.8594387 0
0.3749204 1.656965 0.1690986 1

0.6893222 0.4928116 -0.5310105 0
0.6380962 -0.7600799 0.1229311 0
-0.3430284 -0.4235751 -0.8384008 0
0.04425926 0.9479618 0.7930537 1

0.674956 0.4442934 -0.5890997 0
0.6930993 -0.6556033 0.299663 0
-0.2530774 -0.6105639 -0.7504427 0
0.06415298 0.9771352 0.7829606 1

0.7303999 0.5174737 -0.4458 0
0.5164762 -0.8455462 -0.1352932 0
-0.4469551 -0.1314269 -0.8848497 0
0.02298395 0.9213802 0.7944897 1

0.7234249 0.6408613 -0.2568152 0
0.4816742 -0.7349872 -0.4772673 0
-0.4946177 0.2215656 -0.8403942 0
-0.0005886485 0.9133074 0.7934081 1

0.4179943 0.5756913 -0.7027524 0
0.9058719 -0.2058946 0.3701412 0
0.06839386 -0.79132 -0.607565 0
0.02510353 0.9818155 0.6921116 1

0.9526185 0.2773368 -0.1249094 0
-0.08966312 0.6484554 0.7559538 0
0.290652 -0.7089358 0.6425975 0
0.3484813 1.601337 0.1762841 1

0.9619624 0.002087794 -0.2731747 0
0.2239741 0.5665073 0.7930356 0
0.156411 -0.8240541 0.5444908 0
0.4080862 1.689941 0.1814675 1

0.8807449 0.2834096 -0.3794309 0
0.05544372 0.7339654 0.6769202 0
0.4703348 -0.6172309 0.6307229 0
