MeshAnim
1
38
52
30
0.9893586 -0.110926 0.09415389 0
0.09944027 0.9879048 0.1189782 0
-0.1062128 -0.1083494 0.9884226 0
-0.02582685 0.9247928 -0.01374317 1

0.9890098 -0.08783592 0.1189304 0
0.07433777 0.9907492 0.1135335 0
-0.1278025 -0.1034447 0.9863903 0
-0.01393961 1.034162 -0.009801444 1

-0.9776421 0.06121792 -0.2011668 0
-0.13956 -0.9045015 0.4029891 0
-0.1572855 0.4220538 0.8928224 0
-0.1238642 0.8747098 -0.02877218 1

-0.9958516 -0.06698995 0.06158193 0
0.07510532 -0.9872087 0.140637 0
0.05137295 0.1446787 0.9881442 0
0.05946479 0.8536998 -0.007545112 1

0.9844477 -0.05340421 0.1673644 0
0.00547155 0.961534 0.2746313 0
-0.175593 -0.2694444 0.9468722 0
-0.004392341 1.161405 0.004779759 1

-0.9923649 -0.09133907 -0.08287782 0
0.1227801 -0.7952971 -0.593656 0
-0.01168855 -0.5992993 0.8004398 0
-0.1814745 0.5013322 0.1375814 1

-0.9777927 -0.07738086 0.1947666 0
0.01209763 -0.9486301 -0.3161568 0
0.2092259 -0.3067796 0.9284993 0
0.09048381 0.4459758 0.05053895 1

0.9756415 -0.02729249 0.2176668 0
-0.0695833 0.9024907 0.4250513 0
-0.208043 -0.4298436 0.8786083 0
-0.003589232 1.302537 0.04508972 1

-0.9796479 -0.1976247 -0.03513435 0
0.1376338 -0.7887729 0.5990781 0
-0.1461056 0.5820497 0.7999195 0
-0.1387217 0.2244047 -0.06913338 1

-0.9947983 0.02046914 0.099789 0
0.07030019 -0.5709839 0.8179459 0
0.07372056 0.8207064 0.5665746 0
0.0946863 0.1164396 -0.05928802 1

0.2166237 0.4490793 -0.8668345 0
0.8475802 -0.5271182 -0.06127112 0
-0.4844399 -0.7214389 -0.4948171 0
0.05451203 1.42831 0.118207 1

-0.2351033 -0.4422491 0.8655303 0
-0.8245748 -0.3807017 -0.4185008 0
0.5145903 -0.8120851 -0.2751632 0
-0.08039259 1.432243 0.0878338 1

-0.9854057 -0.1701293 -0.005613014 0
0.05204221 -0.332502 0.9416656 0
-0.1620713 0.9276307 0.3365032 0
-0.1117132 0.06962001 0.0484265 1

-0.9961089 0.003095083 0.08807903 0
0.08807281 -0.002096897 0.9961119 0
0.003267728 0.9999933 0.001816115 0
0.107811 0.009839356 0.0934189 1

0.9901253 -0.04318656 0.1333672 0
-0.03270026 0.8539677 0.5192977 0
-0.136318 -0.5185308 0.8441226 0
-0.01507921 1.451561 0.1152765 1

0.101161 0.6742725 -0.7315211 0
0.6047622 -0.6255208 -0.4929364 0
-0.7899551 -0.3925304 -0.4710529 0
0.1776805 1.351711 0.1093033 1

0.05020262 -0.3548522 0.9335737 0
-0.5320052 -0.8005998 -0.2757004 0
0.8452517 -0.482825 -0.2289755 0
-0.2002179 1.37692 0.0270182 1

0.9989521 0.03796751 -0.02555306 0
-0.03268478 0.9826893 0.1823552 0
0.03203426 -0.181329 0.9829007 0
-0.02052205 1.49994 0.1713504 1

0.6499798 -0.3515869 -0.6737307 0
-0.06191137 -0.9080954 0.4141615 0
-0.7574254 -0.2274851 -0.612011 0
0.3048612 1.220164 0.005639308 1

0.5716752 0.4364171 0.6947862 0
-0.1059419 -0.8004526 0.5899596 0
0.8136117 -0.4108719 -0.411364 0
-0.3120809 1.208581 -0.0309524 1

0.4549 0.5759498 0.6792261 0
0.1717261 -0.8051274 0.5676975 0
0.8738287 -0.1416046 -0.4651583 0
-0.3447523 0.9617292 0.1509851 1

0.4569855 -0.2738866 -0.8462567 0
-0.2927718 -0.9447134 0.1476526 0
-0.8399101 0.1802851 -0.5119066 0
0.2857682 0.9401122 0.1333646 1

0.4486577 0.432548 0.7820542 0
0.6517116 -0.7571377 0.0448858 0
0.611538 0.4895353 -0.6215923 0
-0.3530907 0.8705503 0.1784807 1

0.2875422 0.9497504 0.1236681 0
0.7845582 -0.3076299 0.5383612 0
0.5493528 -0.05777683 -0.8335912 0
-0.3110667 0.9587017 0.1876246 1

0.4664938 0.45577 0.7580619 0
0.6548542 -0.7540737 0.05038988 0
0.5946007 0.4729132 -0.6502336 0
-0.338645 0.8699004 0.2006215 1

0.4832617 0.4724863 0.7370316 0
0.6561536 -0.7528082 0.05236904 0
0.5795869 0.4582977 -0.6738269 0
-0.3263105 0.8832321 0.2211329 1

0.4993695 -0.1657386 -0.8503886 0
-0.7226717 -0.6210799 -0.3033241 0
-0.4778869 0.7660224 -0.4299231 0
0.2527647 0.8427287 0.1607835 1

0.4575174 -0.08390535 -0.8852332 0
-0.7178016 -0.6224347 -0.3119869 0
-0.5248225 0.7781613 -0.3450021 0
0.2829528 0.8433895 0.1188142 1

0.2160939 -0.8219671 -0.5269475 0
-0.8586595 -0.4168915 0.2981702 0
-0.4647659 0.3880357 -0.7958775 0
0.2493334 0.9253438 0.1629796 1

0.4831472 0.4807258 0.7317596 0
0.6593457 -0.7496646 0.05715283 0
0.5760491 0.4548691 -0.6791628 0
-0.3117492 0.9017584 0.243341 1

0.4841102 -0.1305166 -0.8652184 0
-0.7194834 -0.6221206 -0.3087225 0
-0.4979767 0.771966 -0.3950796 0
0.2684789 0.8383076 0.1374045 1

0.5021206 -0.1720393 -0.8475127 0
-0.7232221 -0.6208645 -0.3024519 0
-0.4741568 0.7648071 -0.4361715 0
0.2399578 0.8491257 0.1882571 1

0.5308658 0.4306263 0.7298924 0
0.8028525 -0.5312915 -0.2704767 0
0.2713113 0.7295824 -0.6277739 0
-0.2967966 0.8492463 0.2234039 1

0.5336215 0.4357253 0.7248393 0
0.8023827 -0.5316865 -0.2710938 0
0.2672648 0.7262599 -0.6333379 0
-0.2827583 0.8683749 0.2455716 1

0.5197133 0.4089377 0.7501124 0
0.8043895 -0.5300393 -0.2683583 0
0.2878473 0.7428516 -0.6044137 0
-0.3097939 0.8366782 0.2028416 1

0.4995711 0.3874024 0.7748216 0
0.8101463 -0.5256515 -0.2595269 0
0.3067447 0.7573708 -0.5764528 0
-0.323417 0.836381 0.1807644 1

0.4635951 0.8346828 0.2972949 0
0.6345201 -0.5469364 0.5461183 0
0.6184369 -0.0645382 -0.7831802 0
-0.2792091 0.9484449 0.2093302 1

0.429713 -0.647477 -0.6293809 0
-0.7209198 -0.665707 0.1926363 0
-0.5437109 0.370955 -0.7528421 0
0.215004 0.9112672 0.1761637 1

0.5563926 -0.1323942 -0.8203044 0
-0.8166577 -0.2692559 -0.5104622 0
-0.1532895 0.9539252 -0.2579328 0
0.2211815 0.8154197 0.1472319 1

0.5607409 -0.1381674 -0.816382 0
-0.8144175 -0.2698387 -0.5137231 0
-0.1493116 0.9529413 -0.2638355 0
0.2081988 0.8216642 0.1746293 1

0.5463063 -0.09448115 -0.8322397 0
-0.8189451 -0.2687114 -0.5070736 0
-0.1757234 0.958576 -0.2241736 0
0.2353403 0.8096533 0.1231847 1

0.5219626 -0.04514088 -0.851773 0
-0.8277128 -0.2680064 -0.4930154 0
-0.2060254 0.9623591 -0.1772532 0
0.2505442 0.8153666 0.1049084 1

0.552478 0.4188397 0.7206536 0
0.8274049 -0.380177 -0.4133607 0
0.1008442 0.8246447 -0.5565895 0
-0.2618662 0.8262296 0.2117507 1

0.5448267 0.4285644 0.7207615 0
0.8383475 -0.2972234 -0.4569817 0
0.01838112 0.8532241 -0.5212209 0
-0.2501262 0.8468727 0.2346853 1

0.5479043 0.3593735 0.7554151 0
0.824971 -0.3817923 -0.4167234 0
0.1386523 0.8515198 -0.5056583 0
-0.2926319 0.8160959 0.1704942 1

0.5491363 0.3925235 0.7378178 0
0.8273246 -0.3802378 -0.4134653 0
0.1182515 0.8374636 -0.5335468 0
-0.2763616 0.8146483 0.1916877 1

0.5564826 0.7281907 0.4000823 0
0.4836078 -0.6754335 0.5566985 0
0.6756116 -0.1163101 -0.7280259 0
-0.2489824 0.9215608 0.2354141 1

0.5812075 -0.1279714 -0.8036301 0
-0.8135741 -0.07053285 -0.5771677 0
0.01717851 0.9892668 -0.1451085 0
0.1849816 0.8035401 0.1248108 1

0.5646472 -0.1359128 -0.8140647 0
-0.819446 0.02527218 -0.5725992 0
0.09839671 0.9903985 -0.09710336 0
0.1749437 0.810751 0.1540326 1

0.5792379 -0.08765651 -0.8104319 0
-0.8151327 -0.0701814 -0.5750071 0
-0.006474122 0.9936756 -0.1121035 0
0.2013396 0.7984958 0.1021265 1

0.5901598 -0.03063467 -0.8067051 0
-0.806344 -0.07064252 -0.587213 0
-0.03899853 0.9970312 -0.06639258 0
0.2204419 0.8054882 0.08626462 1

0.4731919 -0.5948385 -0.6498129 0
-0.6322859 -0.7429426 0.2196607 0
-0.6134362 0.3069259 -0.7276626 0
0.1802526 0.8804848 0.1860938 1

0.9899045 -0.1146261 0.08336672 0
0.106059 0.9892367 0.1008084 0
-0.09402469 -0.09094892 0.9914069 0
-0.02248866 0.9263489 -0.02010135 1

0.9888053 -0.0889942 0.119767 0
0.07756703 0.9922655 0.09691472 0
-0.1274655 -0.08653982 0.9880605 0
-0.009987695 1.035704 -0.01818031 1

-0.9832997 0.05831507 -0.1723991 0
-0.1322083 -0.8798754 0.456443 0
-0.1250722 0.4716128 0.8728908 0
-0.1209686 0.8765453 -0.03301719 1

-0.9947667 -0.06845274 0.07585137 0
0.07366572 -0.9949481 0.06820307 0
0.07079948 0.07343379 0.9947839 0
0.06250796 0.8549141 -0.01378207 1

0.9806548 -0.0488741 0.1895455 0
-0.002792791 0.9647358 0.2632052 0
-0.1957252 -0.2586428 0.9459363 0
-2.569333E-05 1.163141 -0.005733463 1

-0.9945983 -0.07995047 -0.06619997 0
0.1012808 -0.8871421 -0.4502459 0
-0.02273138 -0.4545185 0.8904473 0
-0.1755441 0.5133332 0.1554022 1

-0.977814 -0.07848939 0.1942148 0
0.007740922 -0.9400542 -0.3409375 0
0.2093324 -0.33187 0.9198056 0
0.09293241 0.4439936 0.01438626 1

0.9650853 -0.02118193 0.2610777 0
-0.09280987 0.9044077 0.4164527 0
-0.244942 -0.4261431 0.8708647 0
-0.0004356205 1.304744 0.03289938 1

-0.9838981 -0.178729 0.0006133094 0
0.1241667 -0.6810573 0.7216258 0
-0.1285578 0.7100825 0.6922832 0
-0.1402774 0.2044248 -0.001376295 1

-0.9947179 0.01945726 0.1007866 0
0.0717658 -0.5701888 0.8183731 0
0.07339066 0.8212835 0.5657806 0
0.09562147 0.1174364 -0.104049 1

0.26248 0.4443149 -0.8565562 0
0.855998 -0.516946 -0.005842544 0
-0.4453892 -0.7316769 -0.5160208 0
0.05374156 1.431202 0.1078257 1

-0.27728 -0.4402414 0.8539925 0
-0.7855319 -0.4079208 -0.4653389 0
0.5532229 -0.7998675 -0.2327154 0
-0.07969191 1.434288 0.07144929 1

-0.9874656 -0.1521971 0.0418095 0
0.06395207 -0.143636 0.9875622 0
-0.1442988 0.9778575 0.1515689 0
-0.1159116 0.07077771 0.1402318 1

-0.9961125 0.0009846315 0.08808598 0
0.08808195 -0.003579373 0.9961069 0
0.001296125 0.9999933 0.003478825 0
0.1090198 0.01098472 0.04873765 1

0.9840449 -0.04075532 0.1731894 0
-0.05386288 0.8594931 0.5083015 0
-0.169571 -0.5095199 0.8435846 0
-0.01576088 1.454084 0.1016663 1

0.153573 0.6705279 -0.7258152 0
0.6568032 -0.6180496 -0.4320004 0
-0.7382581 -0.4103741 -0.5353208 0
0.1781332 1.35608 0.1069767 1

-0.03435884 -0.4155643 0.9089146 0
-0.5738024 -0.7364165 -0.3583874 0
0.8182727 -0.5338511 -0.2131493 0
-0.1938436 1.37501 0.003827306 1

0.998765 0.04596053 -0.0188675 0
-0.04211675 0.9846856 0.1691757 0
0.02635399 -0.1681721 0.9854052 0
-0.02346251 1.503061 0.1569514 1

0.7361002 -0.3563497 -0.575475 0
-0.10166 -0.8987566 0.4264996 0
-0.669195 -0.2554435 -0.6978015 0
0.3162583 1.226105 0.01612749 1

0.5936692 0.3781117 0.7103438 0
-0.1654689 -0.806511 0.5675914 0
0.7875132 -0.4545013 -0.4162349 0
-0.3144951 1.220166 -0.0715296 1

0.4314873 0.5804018 0.6906172 0
0.1486033 -0.8008217 0.5801739 0
0.8897954 -0.1477097 -0.4317939 0
-0.3655241 0.9714462 0.1035099 1

0.539252 -0.348448 -0.7666758 0
-0.3288772 -0.9252285 0.1891886 0
-0.7752723 0.1501218 -0.6135278 0
0.2849067 0.9489331 0.1476578 1

0.4295435 0.4288475 0.7947216 0
0.6781302 -0.7343398 0.02973799 0
0.5963487 0.526151 -0.6062453 0
-0.3751211 0.8805206 0.1314304 1

0.2737622 0.9549976 0.1141659 0
0.7704372 -0.2887994 0.5683498 0
0.5757438 -0.06763487 -0.814828 0
-0.3332055 0.9686365 0.1413772 1

0.4445126 0.4555877 0.7712641 0
0.671901 -0.7389994 0.04928359 0
0.5924167 0.4963059 -0.6346044 0
-0.3614941 0.8800175 0.1540879 1

0.4602347 0.4740716 0.7506264 0
0.6679149 -0.7418926 0.05903417 0
0.5848706 0.4741852 -0.6580844 0
-0.3498774 0.8934873 0.1749256 1

0.5816653 -0.2442681 -0.7758857 0
-0.6912861 -0.6511548 -0.3132431 0
-0.4287065 0.7185615 -0.5476134 0
0.246881 0.8545921 0.1789368 1

0.543905 -0.1663898 -0.8224855 0
-0.6855751 -0.6533124 -0.3212011 0
-0.4838952 0.7385783 -0.4694124 0
0.2814338 0.8513976 0.1406083 1

0.2526059 -0.8651755 -0.4331998 0
-0.895299 -0.3787859 0.234438 0
-0.36692 0.3286228 -0.8702742 0
0.2451527 0.9371527 0.1741807 1

0.4590943 0.483573 0.7452445 0
0.6647858 -0.7434692 0.07289192 0
0.589315 0.4619639 -0.6627951 0
-0.3360822 0.9121602 0.1974974 1

0.5681363 -0.2107168 -0.7954997 0
-0.6875753 -0.6526937 -0.3181686 0
-0.4521741 0.7277292 -0.5157029 0
0.264922 0.8480558 0.1578452 1

0.5840846 -0.2502482 -0.7721537 0
-0.6919205 -0.6508592 -0.3124555 0
-0.4243718 0.7167693 -0.5533087 0
0.2313329 0.8633889 0.204247 1

0.5122645 0.4309803 0.7428599 0
0.8228783 -0.4939429 -0.2808762 0
0.2458784 0.7551663 -0.6076741 0
-0.3198307 0.8599934 0.1774954 1

0.5122443 0.4378199 0.7388636 0
0.8181111 -0.5105367 -0.2646626 0
0.2613424 0.7400446 -0.619705 0
-0.3068407 0.8790497 0.2004191 1

0.5047519 0.4066796 0.7614706 0
0.8277088 -0.4785392 -0.2930845 0
0.245202 0.7782108 -0.5781557 0
-0.331892 0.8474596 0.1562595 1

0.4890506 0.3813117 0.784494 0
0.8360669 -0.4612942 -0.2969838 0
0.2486393 0.8011296 -0.5443984 0
-0.3442564 0.8473833 0.1330317 1

0.4587902 0.8302233 0.3166083 0
0.6218309 -0.5545253 0.5530174 0
0.6346953 -0.056842 -0.7706691 0
-0.3019394 0.9591408 0.1642575 1

0.4800369 -0.7027081 -0.5251344 0
-0.7527815 -0.6373311 0.1647101 0
-0.4504277 0.3162445 -0.834928 0
0.209282 0.9246936 0.1845996 1

0.6355218 -0.2078853 -0.7435698 0
-0.7623485 -0.3214085 -0.5617131 0
-0.1222179 0.92384 -0.3627432 0
0.2166985 0.825941 0.1649705 1

0.6394271 -0.2132313 -0.7386919 0
-0.759794 -0.3222912 -0.5646608 0
-0.1176705 0.9223129 -0.3680937 0
0.2009824 0.8345777 0.1902025 1

0.6268603 -0.17135 -0.7600563 0
-0.7649625 -0.3205516 -0.5586404 0
-0.1479143 0.931604 -0.3320175 0
0.2332531 0.8179933 0.1431904 1

0.6048307 -0.1242485 -0.7866019 0
-0.7750976 -0.3185422 -0.5456693 0
-0.1827672 0.9397305 -0.2889687 0
0.2504624 0.8219976 0.126277 1

0.5379744 0.4188306 0.7315494 0
0.8417083 -0.3141952 -0.4390992 0
0.04594122 0.8519756 -0.5215623 0
-0.2840329 0.8385985 0.1653922 1

0.5259043 0.4303837 0.7336174 0
0.850504 -0.2577649 -0.4584759 0
-0.008219808 0.865059 -0.5016027 0
-0.2735738 0.8584058 0.1897959 1

0.545831 0.3549404 0.7590032 0
0.8368155 -0.2768961 -0.4723014 0
0.04252613 0.8929423 -0.448158 0
-0.3124748 0.8295635 0.121324 1

0.5407843 0.3900767 0.7452465 0
0.8403243 -0.2900406 -0.4579642 0
0.03751056 0.8739088 -0.4846406 0
-0.2974906 0.8275701 0.1440778 1

0.5533001 0.7143459 0.4284494 0
0.4637198 -0.6914352 0.5539687 0
0.6919703 -0.1078303 -0.7138274 0
-0.2723202 0.9318947 0.1906604 1

0.6585524 -0.2017482 -0.7249874 0
-0.7516644 -0.1300203 -0.6466031 0
0.03618783 0.9707691 -0.2372721 0
0.1828853 0.8117692 0.1402703 1

0.6430905 -0.2107438 -0.7362212 0
-0.7575312 -0.03425241 -0.6519001 0
0.1121664 0.9769412 -0.1816726 0
0.1699199 0.8215591 0.167512 1

0.6574604 -0.1622856 -0.7358054 0
-0.753431 -0.1294697 -0.6446546 0
0.009353466 0.9782133 -0.2073922 0
0.2014942 0.8046828 0.1199913 1

0.6682106 -0.1051149 -0.7365092 0
-0.7434607 -0.1310591 -0.6558127 0
-0.02759067 0.9857863 -0.1657239 0
0.2223449 0.8102133 0.1057379 1

0.5266799 -0.6525414 -0.5447922 0
-0.6694043 -0.713382 0.207326 0
-0.5239336 0.2554919 -0.8125378 0
0.1729555 0.8953269 0.1930739 1

0.9911018 -0.1139987 0.06871297 0
0.107545 0.9900025 0.09126408 0
-0.07843 -0.08306225 0.9934533 0
-0.02058671 0.9230716 -0.02654723 1

0.9894325 -0.08703091 0.1159696 0
0.07702215 0.9931238 0.08816315 0
-0.1228451 -0.07829925 0.9893323 0
-0.008066472 1.032438 -0.02569203 1

-0.9883007 0.06071305 -0.1399139 0
-0.1240921 -0.8534369 0.5062082 0
-0.08867427 0.517648 0.8509861 0
-0.1192531 0.8731707 -0.03751805 1

-0.9931008 -0.07258058 0.09210321 0
0.07321221 -0.9973103 0.00349338 0
0.09160193 0.01021237 0.9957433 0
0.06450482 0.8516859 -0.0209965 1

0.9781927 -0.04304239 0.2031907 0
-0.01125951 0.9658636 0.2588064 0
-0.2073942 -0.2554504 0.944316 0
0.001825551 1.159985 -0.01436916 1

-0.9968008 -0.0669632 -0.0436388 0
0.07690783 -0.9522238 -0.2955588 0
-0.02176232 -0.2979695 0.9543273 0
-0.1704783 0.5208725 0.1714444 1

-0.9774861 -0.08116647 0.1947639 0
0.002480201 -0.927408 -0.374043 0
0.2109853 -0.3651388 0.9067298 0
0.09474198 0.4397899 -0.01955371 1

0.956435 -0.01506675 0.2915564 0
-0.112026 0.9032775 0.4141737 0
-0.2695966 -0.4287921 0.8622384 0
0.0001728982 1.301753 0.02361804 1

-0.9867136 -0.1570171 0.04173844 0
0.1231597 -0.5553207 0.8224664 0
-0.1059631 0.8166792 0.5672805 0
-0.1436985 0.1893021 0.06852888 1

-0.9945338 0.01880158 0.102709 0
0.0737846 -0.569459 0.8187016 0
0.0738814 0.8218048 0.5649589 0
0.09560355 0.1176257 -0.1494892 1

0.3005648 0.445739 -0.8431948 0
0.8612649 -0.5066437 0.03917847 0
-0.409736 -0.7379898 -0.5361787 0
0.05109809 1.428481 0.1003487 1

-0.3100946 -0.4447311 0.8402712 0
-0.7470347 -0.4326898 -0.5046967 0
0.588031 -0.7842153 -0.1980549 0
-0.08113156 1.430722 0.05975855 1

-0.9880026 -0.1220186 0.09466984 0
0.08866968 0.05371217 0.9946119 0
-0.1264461 0.9910735 -0.04224852 0
-0.1195302 0.080329 0.2299253 1

-0.9959898 -0.0005641356 0.08946522 0
0.08946699 -0.006675711 0.9959675 0
3.539026E-05 0.9999775 0.006699461 0
0.1093788 0.01131028 0.003358766 1

0.979322 -0.03447974 0.1993484 0
-0.07246371 0.8602075 0.5047696 0
-0.1888853 -0.5087774 0.8399214 0
-0.01832543 1.450908 0.09200867 1

0.207595 0.6640249 -0.7183145 0
0.7003695 -0.6135408 -0.3647609 0
-0.6829253 -0.427363 -0.5924307 0
0.1762551 1.354856 0.106042 1

-0.1225218 -0.4716115 0.8732532 0
-0.5964493 -0.6682706 -0.4445928 0
0.7932445 -0.5753235 -0.1994147 0
-0.1896889 1.367844 -0.01358282 1

0.9982163 0.05807554 -0.01383096 0
-0.0551809 0.9859744 0.1575102 0
0.02278443 -0.1564661 0.9874206 0
-0.0277845 1.499951 0.1469601 1

0.8020097 -0.3593825 -0.4771005 0
-0.1407195 -0.889946 0.4338136 0
-0.5804985 -0.2807853 -0.7643174 0
0.3235421 1.225829 0.02933317 1

0.5918348 0.3023583 0.7472021 0
-0.2365668 -0.8210065 0.5196004 0
0.7705632 -0.4842808 -0.4143724 0
-0.3151023 1.227329 -0.1070659 1

0.4035055 0.5833179 0.704928 0
0.1282414 -0.7988822 0.5876573 0
0.9059457 -0.146722 -0.3971589 0
-0.3880571 0.9741391 0.05317367 1

0.6028168 -0.409083 -0.6850278 0
-0.3675064 -0.9044228 0.2166992 0
-0.7082024 0.1211223 -0.6955419 0
0.2801449 0.9513747 0.1631191 1

0.4075042 0.4226739 0.809498 0
0.7104151 -0.7037144 0.009814195 0
0.5738038 0.5710803 -0.5870407 0
-0.3985002 0.8832666 0.08096298 1

0.2548885 0.9608534 0.1085923 0
0.7559346 -0.2680296 0.5972628 0
0.6029881 -0.07014679 -0.7946603 0
-0.3571987 0.9715106 0.09225275 1

0.4190348 0.4531124 0.7868286 0
0.6948284 -0.7178671 0.04336025 0
0.5844855 0.5285413 -0.6156466 0
-0.3857456 0.882858 0.1041246 1

0.4333606 0.4736816 0.7666973 0
0.6850075 -0.7259508 0.06132049 0
0.5856309 0.4986192 -0.6390737 0
-0.3749626 0.8964124 0.125352 1

0.64525 -0.3098536 -0.6983145 0
-0.6642805 -0.6790209 -0.3125095 0
-0.3773379 0.6655236 -0.643968 0
0.2370376 0.8600494 0.1966757 1

0.6119292 -0.2365598 -0.7547067 0
-0.6579151 -0.6818535 -0.3197248 0
-0.4389654 0.6921819 -0.5728822 0
0.2750667 0.8536589 0.1622355 1

0.2729716 -0.8968939 -0.3479486 0
-0.922556 -0.3465845 0.1696163 0
-0.2727214 0.2747018 -0.9220425 0
0.2377336 0.9421106 0.186316 1

0.4309102 0.4846473 0.7612053 0
0.6742131 -0.7335833 0.0853958 0
0.5997944 0.4764165 -0.642864 0
-0.3620811 0.9151798 0.1483805 1

0.6335841 -0.2782231 -0.7219164 0
-0.6601659 -0.6809753 -0.3169446 0
-0.4034259 0.6773956 -0.6151285 0
0.2568834 0.8517827 0.1779442 1

0.6473171 -0.31547 -0.6938729 0
-0.664979 -0.6786591 -0.3118088 0
-0.3725367 0.66325 -0.6490886 0
0.2193157 0.8708162 0.2196918 1

0.4906381 0.4299143 0.7579234 0
0.8456163 -0.4447994 -0.2951039 0
0.2102547 0.7857016 -0.581778 0
-0.3441423 0.863637 0.1280229 1

0.4871745 0.4385358 0.7552136 0
0.8368457 -0.4816868 -0.2601291 0
0.2497005 0.7587254 -0.6016522 0
-0.3324108 0.8825065 0.1518493 1

0.4875458 0.4030633 0.7744927 0
0.852264 -0.4123283 -0.3219183 0
0.1895919 0.8170222 -0.5445453 0
-0.3551334 0.8512312 0.1060352 1

0.4770892 0.3740486 0.7952821 0
0.8610505 -0.3801628 -0.3377401 0
0.1760055 0.8459102 -0.5034462 0
-0.3661798 0.8515149 0.0816663 1

0.4488806 0.8253288 0.3425478 0
0.6118393 -0.5632557 0.5553338 0
0.6512748 -0.03969435 -0.7578032 0
-0.3265501 0.9628546 0.1162731 1

0.5120413 -0.7449795 -0.4275744 0
-0.7800937 -0.6116773 0.1315485 0
-0.3595384 0.2661898 -0.8943577 0
0.2007354 0.9310049 0.1939506 1

0.6962682 -0.2705417 -0.6648442 0
-0.7124787 -0.3728787 -0.5944205 0
-0.08709073 0.8875633 -0.452379 0
0.2080582 0.8301567 0.1827632 1

0.6997197 -0.2754192 -0.6591939 0
-0.7096836 -0.3740095 -0.597048 0
-0.08210631 0.8855853 -0.4571623 0
0.1901751 0.8407567 0.2057014 1

0.6891943 -0.2356431 -0.6851887 0
-0.7153437 -0.3717613 -0.5916732 0
-0.1153028 0.8979234 -0.4247814 0
0.2264769 0.8204176 0.1633459 1

0.6697059 -0.1911684 -0.7175993 0
-0.7265483 -0.3686503 -0.5798489 0
-0.1536943 0.9096987 -0.3857804 0
0.2453298 0.8229849 0.1479595 1

0.5209785 0.4182042 0.7441013 0
0.8532602 -0.2316825 -0.467194 0
-0.02298716 0.8783098 -0.4775383 0
-0.3073601 0.8443761 0.1153037 1

0.5035177 0.4311268 0.7487321 0
0.8629342 -0.20822 -0.4604231 0
-0.04259971 0.8779373 -0.4768764 0
-0.2983876 0.8630332 0.1414125 1

0.5429819 0.3520457 0.7623875 0
0.8366935 -0.1494862 -0.5268757 0
-0.07151781 0.9239685 -0.3757226 0
-0.3334368 0.8368033 0.06839418 1

0.5309228 0.3879521 0.7534019 0
0.845263 -0.1790397 -0.5034637 0
-0.06043082 0.9041228 -0.4229775 0
-0.3197114 0.8340935 0.09265509 1

0.5453728 0.6988621 0.4627746 0
0.447201 -0.7095683 0.54454 0
0.7089286 -0.09002407 -0.6995111 0
-0.2974051 0.9351915 0.14277 1

0.7176401 -0.2626926 -0.6449691 0
-0.6938139 -0.1897308 -0.694712 0
0.06012515 0.9460418 -0.3184183 0
0.176439 0.8137208 0.1566032 1

0.7031668 -0.2727084 -0.656648 0
-0.6988403 -0.09483303 -0.7089635 0
0.1310682 0.9574116 -0.2572631 0
0.161128 0.8256579 0.1816699 1

0.7176318 -0.2243466 -0.6592976 0
-0.6957393 -0.1890144 -0.6929795 0
0.03085081 0.9560034 -0.2917295 0
0.1967785 0.8049806 0.1387756 1

0.7286193 -0.1674249 -0.6641408 0
-0.6848531 -0.1915506 -0.7030541 0
-0.00950779 0.9670973 -0.2542289 0
0.2190366 0.8093178 0.1262064 1

0.5615477 -0.6970733 -0.4458175 0
-0.703076 -0.6860551 0.1871167 0
-0.4362894 0.2083686 -0.875348 0
0.1630727 0.9029087 0.200729 1

0.9927643 -0.1094182 0.04946388 0
0.1047561 0.9905391 0.08864747 0
-0.05869555 -0.08282439 0.9948341 0
-0.02003544 0.9157409 -0.03277856 1

0.9908867 -0.08211911 0.1067713 0
0.0731115 0.9936342 0.08570793 0
-0.1131299 -0.07712063 0.9905826 0
-0.008003012 1.025164 -0.03222312 1

-0.9915116 0.0719997 -0.1082622 0
-0.1199814 -0.8274808 0.5485251 0
-0.05009126 0.5568585 0.8290956 0
-0.1186666 0.8653823 -0.04180103 1

-0.9907337 -0.07895301 0.1105135 0
0.07393643 -0.9960691 -0.0487842 0
0.1139307 -0.04016116 0.9926766 0
0.06547475 0.844749 -0.02884895 1

0.9774026 -0.03587005 0.2083206 0
-0.02000012 0.9653843 0.2600635 0
-0.2104379 -0.2583532 0.9428519 0
0.001386762 1.152777 -0.02121558 1

-0.9985803 -0.0477673 -0.02356806 0
0.05051234 -0.9896333 -0.1344404 0
-0.01690191 -0.1354399 0.9906414 0
-0.1681949 0.5237987 0.1846298 1

-0.97729 -0.08480801 0.1941957 0
-0.003227033 -0.9103591 -0.4138066 0
0.2118819 -0.4050357 0.8894111 0
0.09601101 0.4333655 -0.04899716 1

0.9506606 -0.008692689 0.310111 0
-0.1278708 0.8997668 0.4172155 0
-0.2826543 -0.4362844 0.8542614 0
-0.001548823 1.294475 0.01695614 1

-0.9883733 -0.1310592 0.07708108 0
0.1256693 -0.418784 0.8993484 0
-0.08558753 0.8985787 0.4303851 0
-0.1506061 0.1792021 0.1378168 1

-0.9944051 0.0196005 0.1037989 0
0.07426244 -0.5691022 0.8189065 0
0.07512315 0.8220335 0.5644625 0
0.09489001 0.1171238 -0.1927458 1

0.3301646 0.4520614 -0.8286324 0
0.8646895 -0.4969086 0.07344227 0
-0.3785542 -0.7407578 -0.5549545 0
0.04677499 1.421164 0.09541288 1

-0.3317806 -0.4542058 0.8268124 0
-0.7121474 -0.4542152 -0.5352893 0
0.6186822 -0.766411 -0.1727616 0
-0.08465222 1.422525 0.05225854 1

-0.9869675 -0.07988048 0.1396934 0
0.1159709 0.2487442 0.9616015 0
-0.1115611 0.9652696 -0.2362387 0
-0.1259454 0.09702218 0.3143001 1

-0.9958979 -0.001162529 0.09047639 0
0.09048328 -0.009160971 0.995856 0
-0.0003288612 0.9999575 0.009228717 0
0.1087545 0.01087493 -0.03985956 1

0.9766111 -0.02490444 0.2135658 0
-0.0890788 0.8571523 0.5073015 0
-0.1956925 -0.5144606 0.8348861 0
-0.02266354 1.443049 0.08584902 1

0.2652746 0.6520395 -0.710263 0
0.7319267 -0.6157075 -0.2918693 0
-0.6276246 -0.4424351 -0.6405766 0
0.1724297 1.348954 0.1060853 1

-0.2149124 -0.5193128 0.8271197 0
-0.5887597 -0.606821 -0.5339757 0
0.7792141 -0.6017327 -0.175337 0
-0.1881398 1.35652 -0.02552849 1

0.9972591 0.073757 -0.005825285 0
-0.07213997 0.9868303 0.1447814 0
0.0164272 -0.1439644 0.9894465 0
-0.0334523 1.491746 0.1408635 1

0.8463383 -0.363974 -0.3888884 0
-0.1776176 -0.8811702 0.4381678 0
-0.5021586 -0.3017649 -0.8104163 0
0.326353 1.219471 0.04470555 1

0.5419489 0.2127206 0.8130445 0
-0.322107 -0.8409824 0.4347362 0
0.7762336 -0.4974921 -0.3872507 0
-0.3119364 1.228925 -0.1378058 1

0.3609442 0.5845523 0.7266484 0
0.097822 -0.7986075 0.5938493 0
0.9274428 -0.1432641 -0.3454347 0
-0.4112709 0.9695749 -0.003737487 1

0.6523399 -0.4471558 -0.6119673 0
-0.3945424 -0.8897429 0.2295513 0
-0.6471387 0.09170148 -0.7568368 0
0.2715766 0.9477231 0.1798343 1

0.3695206 0.4150667 0.8313687 0
0.7427996 -0.6695014 0.004099183 0
0.558304 0.6160257 -0.5557059 0
-0.4229309 0.8786553 0.02340611 1

0.2336819 0.9661326 0.1094553 0
0.7286085 -0.2485396 0.6382459 0
0.6438341 -0.06939634 -0.7620116 0
-0.382657 0.9670463 0.03701998 1

0.3777392 0.4489511 0.8097876 0
0.7176729 -0.6945614 0.05029827 0
0.5850286 0.5621632 -0.5845632 0
-0.4115017 0.8782855 0.04725049 1

0.3908909 0.4715718 0.7904584 0
0.7016363 -0.7085014 0.07571076 0
0.5957438 0.5250198 -0.6078186 0
-0.4019836 0.8918722 0.06905418 1

0.6929719 -0.353557 -0.6283211 0
-0.6349704 -0.7120652 -0.2996258 0
-0.3414708 0.6065976 -0.7179393 0
0.2247998 0.8585057 0.2141384 1

0.66263 -0.2854761 -0.692405 0
-0.6281152 -0.7153553 -0.3061666 0
-0.4079124 0.6377854 -0.6533276 0
0.2654563 0.8501252 0.1833166 1

0.290255 -0.9151107 -0.2798651 0
-0.937336 -0.3307832 0.1094702 0
-0.192752 0.2305534 -0.9537774 0
0.2272966 0.9399428 0.1998686 1

0.3871329 0.4839942 0.7847788 0
0.6821496 -0.7229855 0.109379 0
0.6203225 0.4929924 -0.6100479 0
-0.3904909 0.9106787 0.09277529 1

0.6825376 -0.3240731 -0.6550717 0
-0.6305526 -0.7142966 -0.3036179 0
-0.3695212 0.6202878 -0.6918793 0
0.246022 0.8491691 0.1975401 1

0.6948038 -0.3587719 -0.6233221 0
-0.6357174 -0.7116606 -0.2990027 0
-0.3363199 0.604005 -0.7225419 0
0.2053707 0.8705364 0.235055 1

0.4537636 0.427662 0.7817952 0
0.8724222 -0.391982 -0.2919405 0
0.1815978 0.8145277 -0.5509692 0
-0.3704085 0.8598834 0.07237078 1

0.4466341 0.4377727 0.7803031 0
0.8598766 -0.451024 -0.2391432 0
0.2472451 0.7777742 -0.5778733 0
-0.3604513 0.8784748 0.09729613 1

0.4550647 0.3988059 0.7961596 0
0.8794906 -0.3411964 -0.331785 0
0.1393289 0.8511985 -0.5060126 0
-0.3798831 0.8476855 0.04946667 1

0.4498267 0.3669124 0.8142674 0
0.8866397 -0.2930554 -0.3577553 0
0.1073607 0.8828896 -0.4571433 0
-0.3891551 0.8484514 0.02385744 1

0.4300675 0.8195734 0.3786049 0
0.5925028 -0.5726479 0.5665816 0
0.6811623 -0.019344 -0.7318765 0
-0.3531414 0.9591777 0.06267461 1

0.5368083 -0.7691433 -0.3467783 0
-0.7953068 -0.5985034 0.09633689 0
-0.2816448 0.2240807 -0.9329866 0
0.1896695 0.9295086 0.2049505 1

0.741257 -0.3109194 -0.5948672 0
-0.6678858 -0.429897 -0.6075501 0
-0.06683253 0.8476542 -0.5263228 0
0.1971203 0.8271505 0.200811 1

0.7443831 -0.3152806 -0.5886357 0
-0.6649124 -0.4311863 -0.6098934 0
-0.061524 0.8453856 -0.5306017 0
0.1775372 0.8390061 0.221653 1

0.7351554 -0.2778481 -0.6183419 0
-0.6709365 -0.4286112 -0.6050921 0
-0.09690459 0.8597052 -0.5015144 0
0.2169795 0.8162693 0.1835556 1

0.7173542 -0.2363843 -0.6553817 0
-0.6829256 -0.4247589 -0.5942999 0
-0.137896 0.8739006 -0.4661357 0
0.2370533 0.8179504 0.1696409 1

0.4890305 0.4171932 0.7660283 0
0.8679043 -0.145005 -0.4750954 0
-0.08712851 0.8971752 -0.4329956 0
-0.3324669 0.8429158 0.05979199 1

0.4657772 0.4306734 0.7730277 0
0.8821338 -0.1569366 -0.444084 0
-0.06993876 0.8887582 -0.4530093 0
-0.3255001 0.8602452 0.0877145 1

0.524891 0.3517612 0.7750828 0
0.8314971 -0.01726181 -0.5552612 0
-0.18194 0.9359307 -0.3015491 0
-0.3554209 0.8370764 0.009811085 1

0.506043 0.3868759 0.7708746 0
0.8485568 -0.06320733 -0.5253159 0
-0.1545071 0.9199631 -0.3602717 0
-0.3433294 0.8335042 0.03567649 1

0.5259143 0.6821657 0.5080001 0
0.4226865 -0.727915 0.5398853 0
0.7380721 -0.06920879 -0.6711631 0
-0.3249145 0.9310665 0.08968865 1

0.7611932 -0.301188 -0.5743434 0
-0.6446664 -0.2549457 -0.7206995 0
0.0706398 0.9188518 -0.3882286 0
0.1674644 0.808201 0.1740582 1

0.7476262 -0.3123229 -0.5860966 0
-0.6497735 -0.1615582 -0.7427605 0
0.1372924 0.9361376 -0.3237243 0
0.1502938 0.8215984 0.1970769 1

0.7617097 -0.2640936 -0.5916525 0
-0.6467086 -0.2541245 -0.7191581 0
0.03957175 0.9304168 -0.3643609 0
0.1891252 0.7984715 0.1584284 1

0.7723747 -0.2075638 -0.6002955 0
-0.6351587 -0.2572735 -0.7282745 0
-0.003276475 0.9437838 -0.3305474 0
0.2123926 0.8021932 0.1473949 1

0.5881996 -0.722577 -0.3631857 0
-0.7239881 -0.6706024 0.1616589 0
-0.3603643 0.1678544 -0.917585 0
0.1512538 0.9020679 0.2099566 1

0.9945509 -0.1012174 0.02496832 0
0.09855825 0.9909368 0.09127133 0
-0.03398028 -0.08831315 0.995513 0
-0.02061927 0.905191 -0.03820676 1

0.9930381 -0.07427603 0.09142457 0
0.06624089 0.9939165 0.08799008 0
-0.09740394 -0.08132146 0.9919171 0
-0.009494518 1.014708 -0.03736975 1

-0.9925094 0.09099247 -0.08152191 0
-0.1214374 -0.8077482 0.5768848 0
-0.01335698 0.5824633 0.8127474 0
-0.1190139 0.8540412 -0.04511414 1

-0.9876699 -0.0876754 0.1296961 0
0.07569484 -0.9926342 -0.09459111 0
0.1370341 -0.08360747 0.9870316 0
0.06555288 0.83491 -0.0367085 1

0.9784175 -0.02690779 0.2048785 0
-0.02909516 0.9636688 0.2655107 0
-0.2045793 -0.2657413 0.9420876 0
-0.0009871405 1.142358 -0.0260691 1

-0.9995977 -0.02434518 -0.01456659 0
0.02398892 -0.9994206 0.0241503 0
-0.01514609 0.02379111 0.9996023 0
-0.1691432 0.5206033 0.1930235 1

-0.9769695 -0.09129146 0.1928634 0
-0.008681491 -0.8861009 -0.4634109 0
0.2132019 -0.4544127 0.8649011 0
0.09681536 0.4249453 -0.07577528 1

0.9482263 -0.001165405 0.317593 0
-0.1410054 0.8944866 0.4242775 0
-0.2845771 -0.4470934 0.8480116 0
-0.005257688 1.283803 0.01290214 1

-0.9893912 -0.108089 0.09706781 0
0.1241066 -0.2815343 0.9514915 0
-0.07551786 0.9534441 0.291962 0
-0.16079 0.1725987 0.2014328 1

-0.9941864 0.02089141 0.1056256 0
0.07459323 -0.5738025 0.8155897 0
0.07764705 0.8187271 0.5689083 0
0.09379958 0.1171303 -0.2367556 1

0.3505269 0.4619458 -0.8147008 0
0.8675762 -0.4878165 0.09667872 0
-0.3527638 -0.7407033 -0.5717661 0
0.0410554 1.410292 0.09288086 1

-0.3405741 -0.4669858 0.8160475 0
-0.6839316 -0.4725245 -0.5558399 0
0.6451716 -0.7474255 -0.1584568 0
-0.09003475 1.410615 0.0486936 1

-0.9853815 -0.03502462 0.1667236 0
0.135887 0.4286727 0.8931823 0
-0.1027532 0.902781 -0.4176467 0
-0.136436 0.1173518 0.3881486 1

-0.9957017 -0.002414703 0.09258506 0
0.09261009 -0.0141484 0.995602 0
-0.001094185 0.9998969 0.01431117 0
0.1077258 0.0100041 -0.08448856 1

0.9759871 -0.01199231 0.2174977 0
-0.1041556 0.8512512 0.5143183 0
-0.191313 -0.5246217 0.8295612 0
-0.02854126 1.431506 0.08296114 1

0.3208639 0.6375322 -0.700428 0
0.7492641 -0.623229 -0.2240297 0
-0.5793529 -0.4529224 -0.6776518 0
0.1671296 1.339403 0.10693 1

-0.2980329 -0.5624878 0.7712223 0
-0.5562031 -0.55428 -0.6192024 0
0.775767 -0.6134989 -0.1476638 0
-0.1894222 1.341949 -0.03207979 1

0.9958572 0.09086601 0.003438409 0
-0.09051879 0.987037 0.1325309 0
0.008648694 -0.1322931 0.991173 0
-0.04029395 1.479553 0.1383487 1

0.8715795 -0.3708114 -0.3207001 0
-0.2100391 -0.8735082 0.4391668 0
-0.4429819 -0.315409 -0.8392166 0
0.324699 1.208339 0.05981679 1

0.4559908 0.119475 0.8819287 0
-0.3975875 -0.8592215 0.3219669 0
0.7962389 -0.4974576 -0.3442954 0
-0.3063731 1.225402 -0.1622774 1

0.3075408 0.5758731 0.7574883 0
0.04359677 -0.8037617 0.5933521 0
0.9505355 -0.1494558 -0.2722958 0
-0.4289851 0.960427 -0.06298609 1

0.6933187 -0.4582424 -0.5561686 0
-0.3992409 -0.8867628 0.2329349 0
-0.5999299 0.06054714 -0.7977583 0
0.259924 0.9389534 0.1952536 1

0.3155366 0.3978943 0.8614619 0
0.763552 -0.6454821 0.01846287 0
0.5634045 0.6519455 -0.5074865 0
-0.4435502 0.8694269 -0.03757058 1

0.2238494 0.9668784 0.1226273 0
0.6795304 -0.2450275 0.6915202 0
0.6986629 -0.07146721 -0.7118726 0
-0.4037031 0.9573355 -0.02011904 1

0.3214428 0.4347758 0.8412161 0
0.7276729 -0.6818805 0.07436863 0
0.6059425 0.5882251 -0.5355606 0
-0.4340439 0.8687777 -0.01290234 1

0.3342458 0.4591267 0.8230932 0
0.7048224 -0.7015529 0.1051131 0
0.6257037 0.545001 -0.5580941 0
-0.4261587 0.8821165 0.009691752 1

0.7290966 -0.3710508 -0.5750998 0
-0.5968505 -0.7559346 -0.2689476 0
-0.3349447 0.5393373 -0.7726111 0
0.2119917 0.8503006 0.2294259 1

0.698836 -0.3090154 -0.6450878 0
-0.5896327 -0.7594217 -0.274976 0
-0.4049218 0.5725281 -0.712917 0
0.254558 0.8414455 0.201446 1

0.3159854 -0.919884 -0.2323077 0
-0.9390224 -0.3382189 0.06200785 0
-0.1356108 0.1985486 -0.9706638 0
0.2145673 0.9312791 0.2127613 1

0.329599 0.4729179 0.817137 0
0.675617 -0.7227026 0.1457484 0
0.6594741 0.5040332 -0.5577137 0
-0.4164108 0.9006425 0.0343945 1

0.7186547 -0.3440096 -0.6043124 0
-0.5922036 -0.7582772 -0.2725999 0
-0.3644592 0.553781 -0.7486631 0
0.234291 0.8407031 0.2144696 1

0.7309193 -0.3758152 -0.5696667 0
-0.597635 -0.7555149 -0.2683834 0
-0.3295291 0.5366192 -0.776821 0
0.1911883 0.8627458 0.248715 1

0.4019111 0.4147036 0.8163874 0
0.8981726 -0.3520443 -0.263345 0
0.1781944 0.8390981 -0.5139661 0
-0.3944333 0.8504424 0.0143295 1

0.3914625 0.4259864 0.8156548 0
0.8800132 -0.4323774 -0.1965357 0
0.2689491 0.7947236 -0.5441336 0
-0.3866368 0.8684556 0.04051218 1

0.4066434 0.3844238 0.8287697 0
0.9063389 -0.2837942 -0.3130659 0
0.11485 0.8784525 -0.4638217 0
-0.4019846 0.8387362 -0.009625632 1

0.4056605 0.35054 0.8441336 0
0.9117771 -0.2199057 -0.3468483 0
0.06404541 0.9103643 -0.4088215 0
-0.4088514 0.8403059 -0.03645876 1

0.4093505 0.8058289 0.4278686 0
0.5516728 -0.5921317 0.5873987 0
0.7266975 -0.004408531 -0.6869435 0
-0.3761632 0.9496084 0.007685512 1

0.5647629 -0.7731771 -0.288515 0
-0.7938321 -0.60453 0.06613791 0
-0.2255521 0.1916803 -0.9551888 0
0.1768023 0.9205662 0.2158462 1

0.7744825 -0.3242658 -0.5431653 0
-0.6279168 -0.4982943 -0.5978492 0
-0.07679415 0.8040863 -0.5895323 0
0.1859956 0.8170148 0.2174599 1

0.7775194 -0.32804 -0.53652 0
-0.62481 -0.499634 -0.5999821 0
-0.07124554 0.8017207 -0.5934379 0
0.1650476 0.829274 0.236682 1

0.7681116 -0.293244 -0.5692214 0
-0.6311046 -0.4969546 -0.595603 0
-0.1082201 0.8167278 -0.5667844 0
0.2070148 0.8057776 0.2019137 1

0.7502817 -0.2552904 -0.6098399 0
-0.6436343 -0.4927961 -0.5855655 0
-0.1510374 0.8318529 -0.5340495 0
0.2278824 0.8072897 0.1891674 1

0.4419709 0.405615 0.8000865 0
0.8882709 -0.07356294 -0.4533908 0
-0.1250454 0.9110792 -0.3928087 0
-0.3553799 0.8352074 0.00299691 1

0.4132676 0.419161 0.8084019 0
0.9077158 -0.1189099 -0.4023831 0
-0.0725363 0.9000913 -0.4296212 0
-0.3508772 0.8509808 0.03266447 1

0.4894191 0.3428304 0.8018333 0
0.8308771 0.09586705 -0.5481359 0
-0.2647869 0.9344931 -0.2379309 0
-0.374136 0.8317374 -0.05010076 1

0.4649253 0.376194 0.8014503 0
0.8573018 0.03475653 -0.5136396 0
-0.2210839 0.9258888 -0.3063526 0
-0.3643151 0.8269408 -0.02263782 1

0.4984096 0.656252 0.5664989 0
0.3775367 -0.7525297 0.5395975 0
0.780419 -0.0550663 -0.6228274 0
-0.3498874 0.9205688 0.03566837 1

0.7932447 -0.3123093 -0.5227103 0
-0.6066298 -0.33123 -0.7226945 0
0.05256672 0.8903651 -0.4522028 0
0.1581007 0.7950441 0.1911269 1

0.780553 -0.3247828 -0.5340911 0
-0.6142317 -0.2399535 -0.7517594 0
0.1160013 0.9148436 -0.3867884 0
0.1394219 0.8090909 0.2124915 1

0.7930984 -0.2765753 -0.5426798 0
-0.6087585 -0.3303813 -0.7212917 0
0.02020014 0.9024161 -0.4303924 0
0.1808145 0.7851421 0.1771809 1

0.802051 -0.2204481 -0.5550828 0
-0.5967577 -0.3337306 -0.729729 0
-0.02438094 0.9165296 -0.3992232 0
0.2046861 0.7890201 0.1672704 1

0.6166112 -0.7265415 -0.3031969 0
-0.7259884 -0.6737231 0.1379792 0
-0.3045182 0.135038 -0.9428858 0
0.1384215 0.8928444 0.2193462 1

0.9959929 -0.08936515 -0.003457722 0
0.08929051 0.9914992 0.09463851 0
-0.005029057 -0.09456803 0.9955057 0
-0.02215856 0.8917062 -0.04216225 1

0.9954933 -0.06282419 0.07103616 0
0.05628388 0.9942959 0.09059624 0
-0.0763226 -0.08618977 0.9933509 0
-0.01231729 1.001343 -0.0409558 1

-0.9921109 0.1100893 -0.05996843 0
-0.124133 -0.7958462 0.592638 0
0.01751745 0.5954067 0.8032335 0
-0.1200931 0.8394154 -0.04663563 1

-0.9837557 -0.1002065 0.1489401 0
0.07921502 -0.9868716 -0.140746 0
0.1610884 -0.1266614 0.9787785 0
0.06485104 0.8224616 -0.04350893 1

0.9808096 -0.01447651 0.1944296 0
-0.03946555 0.9618538 0.270702 0
-0.1909317 -0.2731804 0.9428242 0
-0.005088698 1.129041 -0.02932044 1

-0.9999208 -0.002504669 -0.01232943 0
0.0003176704 -0.9846975 0.1742727 0
-0.01257726 0.174255 0.9846203 0
-0.1713351 0.5108906 0.198005 1

-0.9761557 -0.1025849 0.1913016 0
-0.01164437 -0.8552692 -0.5180532 0
0.2167587 -0.5079282 0.8336813 0
0.09756738 0.4148768 -0.101638 1

0.9486104 0.01012927 0.3162841 0
-0.1531893 0.8892676 0.4309714 0
-0.2768957 -0.4572753 0.8451202 0
-0.0108814 1.27022 0.01041277 1

-0.9901506 -0.09371256 0.104018 0
0.1168708 -0.144147 0.9826306 0
-0.07709093 0.985109 0.1536795 0
-0.1712245 0.1680126 0.2586878 1

-0.9938028 0.02072372 0.1092072 0
0.07691522 -0.5810735 0.8102084 0
0.08024795 0.8135872 0.5758786 0
0.09352233 0.1177723 -0.2815999 1

0.3620119 0.4718333 -0.8039407 0
0.8711025 -0.4782617 0.1115625 0
-0.3318552 -0.7407016 -0.5841516 0
0.03373121 1.396776 0.09124728 1

-0.3357929 -0.478989 0.8110567 0
-0.6640324 -0.4903178 -0.5644908 0
0.6680602 -0.7281197 -0.1534192 0
-0.09741481 1.39554 0.04724215 1

-0.9843016 0.002922192 0.1764698 0
0.1444654 0.587727 0.7960571 0
-0.1013898 0.8090543 -0.5789227 0
-0.1482904 0.139726 0.451514 1

-0.9952729 -0.007033594 0.09686141 0
0.09696369 -0.01605347 0.9951584 0
-0.005444571 0.9998465 0.0166595 0
0.1078821 0.00928849 -0.1303376 1

0.976746 0.005626142 0.214326 0
-0.1192883 0.8449007 0.5214526 0
-0.1781504 -0.5348933 0.8259248 0
-0.03617685 1.417061 0.08157711 1

0.3662253 0.6244066 -0.689924 0
0.7559411 -0.6319908 -0.1707065 0
-0.542616 -0.4590248 -0.7034656 0
0.1603178 1.327276 0.1074593 1

-0.3615701 -0.599948 0.7136733 0
-0.512183 -0.5117997 -0.6897318 0
0.7790609 -0.6149176 -0.1222321 0
-0.1939105 1.324288 -0.03478837 1

0.9939963 0.1089437 0.01013411 0
-0.1093684 0.9866354 0.1207859 0
0.003160181 -0.1211691 0.9926269 0
-0.04869547 1.464424 0.1373848 1

0.8840953 -0.3796474 -0.2724764 0
-0.2372654 -0.8670099 0.4381769 0
-0.4025925 -0.3227408 -0.8565965 0
0.3192914 1.194369 0.07155987 1

0.3591536 0.03292309 0.9326975 0
-0.4478008 -0.8707446 0.2031706 0
0.8188305 -0.490632 -0.2979882 0
-0.3016055 1.216673 -0.179816 1

0.2526334 0.557982 0.7904637 0
-0.03661166 -0.8108663 0.584085 0
0.9668694 -0.1764994 -0.1844234 0
-0.4397028 0.9481444 -0.1171602 1

0.7240731 -0.4553404 -0.5180572 0
-0.3908656 -0.8897492 0.235734 0
-0.5682802 0.03180214 -0.8222203 0
0.2461199 0.9269873 0.2066914 1

0.2528286 0.3726903 0.8928493 0
0.7636856 -0.6434632 0.05233904 0
0.5940223 0.6686233 -0.4473039 0
-0.4593439 0.8573892 -0.09442683 1

0.2347652 0.9610931 0.1455529 0
0.6087698 -0.2621054 0.7487991 0
0.7578159 -0.08718374 -0.6466177 0
-0.4186513 0.9438118 -0.07216705 1

0.2580469 0.4119877 0.8738869 0
0.715098 -0.6896691 0.1139807 0
0.6496515 0.5955023 -0.4725784 0
-0.4522131 0.8561839 -0.06899042 1

0.2716629 0.4374194 0.8572419 0
0.6850001 -0.7135541 0.1470215 0
0.6759987 0.5472705 -0.4934785 0
-0.4460762 0.8690317 -0.04558397 1

0.753965 -0.3750321 -0.5393401 0
-0.5578451 -0.7990941 -0.2241809 0
-0.3469087 0.4698928 -0.8116989 0
0.1985932 0.8380964 0.2408117 1

0.7220252 -0.3193278 -0.6137666 0
-0.5503844 -0.8026442 -0.2298671 0
-0.4192334 0.5037775 -0.7552826 0
0.2424206 0.8295386 0.2147522 1

0.3430853 -0.9178249 -0.1997243 0
-0.9339499 -0.3559996 0.031648 0
-0.1001492 0.1756746 -0.979341 0
0.2002522 0.9187497 0.2225321 1

0.2669093 0.4524017 0.8509361 0
0.6457086 -0.7394191 0.1905769 0
0.7154161 0.4985899 -0.4894775 0
-0.4381253 0.8869834 -0.0198354 1

0.7427673 -0.3505473 -0.5704501 0
-0.5530451 -0.801461 -0.2275989 0
-0.3774092 0.4845378 -0.7891676 0
0.2216625 0.8286507 0.2269681 1

0.7559165 -0.3793294 -0.5335725 0
-0.5586566 -0.7986742 -0.2236563 0
-0.3413113 0.4671492 -0.8156458 0
0.1767876 0.8505087 0.2589826 1

0.3420537 0.3911041 0.854422 0
0.9161044 -0.3411956 -0.2105679 0
0.2091712 0.8547651 -0.4749992 0
-0.4152366 0.8368194 -0.03906147 1

0.3292807 0.4034344 0.8537068 0
0.8885535 -0.4382734 -0.1356077 0
0.3194483 0.8032168 -0.5027878 0
-0.4096497 0.8540648 -0.0117471 1

0.3484896 0.3597877 0.8655104 0
0.9284843 -0.2589467 -0.2662028 0
0.1283447 0.8963814 -0.4242971 0
-0.420708 0.8257993 -0.06396857 1

0.350103 0.3245981 0.8786719 0
0.9348066 -0.1808664 -0.3056542 0
0.05970772 0.9283984 -0.366758 0
-0.4246591 0.8283516 -0.09177005 1

