MeshAnim
1
83
52
30
0.9909369 -0.1338751 0.01101806 0
0.07072695 0.5897285 0.8044986 0
-0.1142 -0.7964281 0.5938524 0
-0.01682255 0.6517296 -0.1846949 1

0.9943526 -0.0963089 0.04458063 0
0.007770829 0.4850163 0.8744706 0
-0.1058416 -0.8691857 0.4830257 0
-0.008011468 0.7237615 -0.1019168 1

-0.9937406 -0.09562081 -0.05776308 0
-0.008700524 -0.449248 0.8933647 0
-0.1113742 0.8882753 0.4456038 0
-0.1132624 0.6273946 -0.2342193 1

-0.9898211 -0.1418025 0.01210665 0
0.06904019 -0.4040452 0.9121299 0
-0.1244506 0.9036812 0.4097223 0
0.07032947 0.5995179 -0.2299249 1

0.9914421 -0.08935034 0.09517886 0
-0.04534531 0.4479809 0.8928924 0
-0.1224185 -0.8895671 0.4400955 0
-0.007013452 0.7860526 0.01039217 1

-0.9996223 -0.02687792 0.005756301 0
0.02254483 -0.9215037 -0.3877148 0
0.01572543 -0.3874387 0.9217615 0
-0.116854 0.4419454 0.1345611 1

-0.998652 0.04578818 -0.02444912 0
-0.03170079 -0.9109814 -0.4112273 0
-0.04110206 -0.409898 0.9112049 0
0.09884356 0.4326445 0.146791 1

0.9882991 -0.1004501 0.1147808 0
-0.05164883 0.4876721 0.8714978 0
-0.1435174 -0.8672287 0.4767777 0
-0.01366917 0.8518065 0.1414495 1

-0.9988982 -0.02579691 -0.03920691 0
-0.01622415 -0.594083 0.8042402 0
-0.04403906 0.8039902 0.5930096 0
-0.1090037 0.1210719 -0.0004436672 1

-0.9888803 0.02754998 -0.1461401 0
-0.1335446 -0.5968987 0.7911245 0
-0.06543535 0.8018435 0.5939403 0
0.08783127 0.1161866 0.003938362 1

0.02851708 0.8626902 -0.5049278 0
0.9699331 -0.1460188 -0.1946999 0
-0.2416947 -0.4841941 -0.8409159 0
0.04770503 0.9150537 0.2709631 1

-0.1668528 -0.8070678 0.5663937 0
-0.8926206 -0.1203513 -0.4344467 0
0.4187942 -0.5780632 -0.7003245 0
-0.08897018 0.9292318 0.2549593 1

-0.9997555 0.01383644 -0.01725538 0
-0.01710225 0.01110968 0.999792 0
0.01402526 0.9998426 -0.01087041 0
-0.1121875 0.004492164 0.1573762 1

-0.9873158 0.00698816 -0.1586159 0
-0.1586335 -0.00202894 0.9873356 0
0.006577894 0.9999736 0.003111766 0
0.06289911 0.004748225 0.1516378 1

0.9894671 -0.1393677 0.03913437 0
0.006205801 0.3109342 0.9504112 0
-0.1446248 -0.9401577 0.308524 0
-0.0221977 0.9323336 0.285356 1

0.198039 0.9398103 0.2784544 0
0.4635213 0.1605183 -0.8714251 0
-0.8636715 0.3016456 -0.4038334 0
0.1886535 0.8938346 0.2426698 1

-0.05824028 -0.9935374 0.09742408 0
-0.3330582 -0.07266095 -0.9401026 0
0.941106 -0.08719969 -0.3266741 0
-0.2186837 0.9117426 0.1918265 1

0.997653 -0.0355832 0.0584994 0
-0.006499648 0.801289 0.5982421 0
-0.06816231 -0.5972183 0.7991772 0
-0.02508432 0.9326755 0.3595583 1

0.3292494 0.9440774 -0.01766701 0
0.3523069 -0.140184 -0.925326 0
-0.8760563 0.2984388 -0.3787606 0
0.2861316 0.9275913 0.05941008 1

-0.0527529 -0.9911749 0.1216114 0
-0.3323668 -0.09741093 -0.9381065 0
0.9416738 -0.08990736 -0.324295 0
-0.2887148 0.8964645 -0.005845696 1

-0.9448107 -0.2492009 0.2126771 0
-0.3213745 0.5788595 -0.7494265 0
0.06364746 -0.7764152 -0.6269997 0
-0.3912134 0.866424 -0.2951483 1

-0.7118953 0.6935255 0.1105771 0
0.3911429 0.5223206 -0.757752 0
-0.5832771 -0.4961887 -0.6431054 0
0.3947812 0.8843594 -0.2259557 1

-0.8961551 -0.2297353 0.3796416 0
-0.4357543 0.2940224 -0.8506874 0
0.0838097 -0.9277783 -0.3635981 0
-0.3842628 0.9320657 -0.3643001 1

-0.6662278 -0.5901988 0.4558572 0
-0.6718064 0.209611 -0.7104502 0
0.3237541 -0.7795694 -0.5361482 0
-0.4360678 0.8636835 -0.3167562 1

-0.917794 -0.2466514 0.3111542 0
-0.3818869 0.3338112 -0.8618194 0
0.1087021 -0.9097984 -0.4005629 0
-0.4091775 0.9339124 -0.3729696 1

-0.9342486 -0.255867 0.2484185 0
-0.3396955 0.426421 -0.838315 0
0.1085661 -0.8675813 -0.4853003 0
-0.4359112 0.9293873 -0.3690422 1

-0.714197 0.6888959 0.1238745 0
0.1155027 0.2905455 -0.9498643 0
-0.6903488 -0.6640827 -0.2870762 0
0.4466556 0.9334415 -0.3048517 1

-0.7764236 0.6295603 0.02863805 0
0.05118283 0.108284 -0.9928015 0
-0.6281294 -0.7693688 -0.1162972 0
0.4077425 0.9611977 -0.2851401 1

-0.338054 0.91632 -0.2146563 0
0.5924582 0.02998454 -0.8050429 0
-0.7312403 -0.3993229 -0.5530176 0
0.4254822 0.8670382 -0.2603077 1

-0.9353154 -0.2602635 0.2396832 0
-0.3358573 0.4400153 -0.8328183 0
0.1112879 -0.8594472 -0.4989645 0
-0.4665791 0.9216079 -0.3621559 1

-0.734855 0.6766813 0.04571996 0
0.1079323 0.1832305 -0.9771269 0
-0.6695808 -0.7131119 -0.2076839 0
0.4262634 0.9519643 -0.2974949 1

-0.7123702 0.6902856 0.1266274 0
0.2010208 0.3735695 -0.9055586 0
-0.6723981 -0.6196381 -0.4048816 0
0.4705664 0.9140328 -0.3082139 1

-0.9459508 -0.2431808 0.2145698 0
-0.2726511 0.2380709 -0.932193 0
0.1756084 -0.9403112 -0.2915071 0
-0.451108 0.9486368 -0.4068545 1

-0.9469408 -0.2462619 0.206539 0
-0.2757542 0.292361 -0.9156882 0
0.1651152 -0.9240564 -0.3447564 0
-0.4810643 0.9411935 -0.399122 1

-0.9338572 -0.2363805 0.2683933 0
-0.2983719 0.1011574 -0.949074 0
0.1971926 -0.9663805 -0.1649959 0
-0.4260025 0.9486191 -0.4109386 1

-0.91255 -0.2226213 0.3430632 0
-0.3613243 0.04594897 -0.9313076 0
0.1915653 -0.9738216 -0.1223693 0
-0.404294 0.945315 -0.4027251 1

-0.8782047 -0.4637671 0.1169468 0
-0.3157491 0.3785079 -0.8700773 0
0.359248 -0.8010318 -0.4788418 0
-0.4642303 0.870792 -0.3440982 1

-0.4470667 0.8942093 -0.02281791 0
0.3804498 0.1669982 -0.9095985 0
-0.809561 -0.4153325 -0.4148612 0
0.4496971 0.8656546 -0.2913272 1

-0.7131051 0.6777295 0.1793418 0
-0.1595761 0.09218337 -0.9828721 0
-0.682654 -0.7295101 0.04241297 0
0.4515266 0.9463873 -0.3465123 1

-0.7171099 0.6756827 0.1708985 0
0.0005630143 0.2457671 -0.9693289 0
-0.6969599 -0.695019 -0.1766224 0
0.4792065 0.9307482 -0.3481441 1

-0.7309444 0.6722827 0.1172865 0
-0.2149141 -0.06364574 -0.9745569 0
-0.6477131 -0.7375535 0.1910045 0
0.4312344 0.9604039 -0.3425004 1

-0.7628902 0.6336823 0.1282378 0
-0.3363628 -0.2196248 -0.9157648 0
-0.5521397 -0.7417625 0.3806966 0
0.4101772 0.9659705 -0.3298644 1

-0.947213 -0.2422624 0.2099917 0
-0.2584121 0.189223 -0.9473215 0
0.1897651 -0.9515795 -0.2418381 0
-0.463067 0.9589443 -0.4473074 1

-0.9497894 -0.2433266 0.1967037 0
-0.2579006 0.2528507 -0.9324987 0
0.177165 -0.9364073 -0.3029092 0
-0.4923962 0.9530159 -0.4362371 1

-0.9222967 -0.2212646 0.3168762 0
-0.324482 -0.002084721 -0.9458899 0
0.2099523 -0.9752117 -0.06987382 0
-0.4177229 0.9471705 -0.4385149 1

-0.9362247 -0.2357246 0.2606096 0
-0.2815759 0.0595403 -0.95769 0
0.2102342 -0.9699942 -0.1221177 0
-0.4384032 0.9528235 -0.4503848 1

-0.7341782 -0.539131 0.4126986 0
-0.6584094 0.4169308 -0.6266304 0
0.1657691 -0.7317831 -0.6610706 0
-0.4788365 0.8893205 -0.386052 1

-0.710987 0.6773085 0.1890778 0
-0.2212431 0.03977198 -0.9744073 0
-0.6674945 -0.7346232 0.1215723 0
0.4445982 0.9503427 -0.3899934 1

-0.7165151 0.6752908 0.1748948 0
-0.06602297 0.1839442 -0.9807166 0
-0.69444 -0.7142457 -0.08721421 0
0.4794623 0.9405091 -0.3875634 1

-0.7274032 0.6735505 0.1312024 0
-0.2756941 -0.1117637 -0.954726 0
-0.6283922 -0.7306425 0.2669913 0
0.4223073 0.9577646 -0.3829643 1

-0.7441198 0.6451436 0.1734217 0
-0.4157717 -0.2440497 -0.8761129 0
-0.522895 -0.7240369 0.4498346 0
0.3973456 0.9582872 -0.3634447 1

-0.2492698 0.9238413 -0.2904857 0
0.8022333 0.02895909 -0.5963078 0
-0.5424815 -0.3816789 -0.7483549 0
0.4683122 0.8724605 -0.3344665 1

0.9930313 -0.1164426 0.01816693 0
0.06023166 0.6339521 0.7710232 0
-0.1012969 -0.764556 0.6365478 0
-0.0179124 0.6413382 -0.1845282 1

0.9958996 -0.07474585 0.05096248 0
-0.002383996 0.5414528 0.8407277 0
-0.09043469 -0.8374019 0.5390543 0
-0.01037154 0.7179276 -0.1058158 1

-0.9938954 -0.09416582 -0.05748632 0
-0.0127391 -0.4196198 0.9076105 0
-0.1095883 0.9028022 0.4158586 0
-0.1138937 0.6127176 -0.2326319 1

-0.9879502 -0.1547737 -0.0002676975 0
0.05969413 -0.3826337 0.9219697 0
-0.1427991 0.9108443 0.3872619 0
0.070136 0.5881989 -0.2268483 1

0.9930893 -0.06526674 0.09753936 0
-0.05227941 0.4980749 0.8655566 0
-0.1050739 -0.8646743 0.4912206 0
-0.01067772 0.7874668 0.002159595 1

-0.9993249 -0.03568285 0.008737558 0
0.0289948 -0.9121373 -0.408858 0
0.02255906 -0.4083287 0.9125563 0
-0.1191524 0.4394988 0.1420291 1

-0.9988163 0.03658917 -0.03206002 0
-0.01924087 -0.9024088 -0.4304517 0
-0.04468107 -0.4293254 0.9020441 0
0.09479008 0.4301685 0.1539315 1

0.9906085 -0.07611077 0.1135873 0
-0.05554114 0.5351221 0.8429469 0
-0.1249404 -0.8413391 0.5258691 0
-0.01835121 0.8605735 0.1292046 1

-0.9988542 -0.02622645 -0.04003114 0
-0.01681606 -0.5907899 0.8066501 0
-0.04480554 0.8063989 0.5896719 0
-0.1090562 0.1218868 -0.0003377944 1

-0.9885975 0.03076539 -0.1474078 0
-0.136923 -0.5910621 0.7949201 0
-0.06267111 0.8060396 0.5885346 0
0.08810616 0.1166886 0.004400656 1

0.07179641 0.8522314 -0.5182154 0
0.9381706 -0.2341028 -0.2550143 0
-0.3386467 -0.4678651 -0.8163459 0
0.04260021 0.9321235 0.2545293 1

-0.06044631 -0.7941292 0.6047355 0
-0.8463253 -0.2804409 -0.4528649 0
0.5292258 -0.5391768 -0.6551399 0
-0.09440034 0.9429278 0.2386746 1

-0.9997469 0.0132049 -0.0182167 0
-0.01804801 0.01278351 0.9997553 0
0.01343456 0.999831 -0.012542 0
-0.1123561 0.005953372 0.157955 1

-0.9871047 0.01042043 -0.1597381 0
-0.1597186 0.002682207 0.9871588 0
0.0107151 0.9999425 -0.0009834104 0
0.06254324 0.006339967 0.1528088 1

0.9919204 -0.1191712 0.04350069 0
-0.001031047 0.3353122 0.9421065 0
-0.1268583 -0.9345395 0.33248 0
-0.02752246 0.9489357 0.2683966 1

0.3210906 0.9446641 -0.06716217 0
0.4488638 -0.2142471 -0.8675365 0
-0.8339199 0.2484113 -0.4928182 0
0.178933 0.8981043 0.2174712 1

0.08604192 -0.9001253 0.4270495 0
-0.2877112 -0.4328259 -0.8543325 0
0.9538445 -0.04935839 -0.2962172 0
-0.2173864 0.9021748 0.1728653 1

0.9967138 -0.02613256 0.07667297 0
-0.02746379 0.7814521 0.6233606 0
-0.07620627 -0.623418 0.7781664 0
-0.03051164 0.9511282 0.3425633 1

0.4310991 0.8446811 -0.3172817 0
0.3169307 -0.4709812 -0.823245 0
-0.8448129 0.2543439 -0.4707448 0
0.2733286 0.8530483 0.03502923 1

0.08568878 -0.8962821 0.4351273 0
-0.2862685 -0.4404664 -0.8509052 0
0.9543101 -0.0516502 -0.2943204 0
-0.2778824 0.8111659 -0.006772339 1

-0.8919302 -0.356247 0.2784754 0
-0.3461116 0.1415735 -0.9274502 0
0.2909766 -0.9236044 -0.2495749 0
-0.3661647 0.6753306 -0.2691828 1

-0.6017563 0.7918288 -0.1043879 0
0.3641197 0.1556612 -0.9182519 0
-0.7108491 -0.5905734 -0.3819905 0
0.3710684 0.7078002 -0.2188553 1

-0.8684345 -0.2674308 0.4174953 0
-0.397392 -0.1280882 -0.9086655 0
0.2964813 -0.9550259 0.004961331 0
-0.3649996 0.7077544 -0.3591075 1

-0.5995685 -0.4924773 0.6308598 0
-0.6171007 -0.2174494 -0.7562422 0
0.5096122 -0.8427231 -0.173532 0
-0.4067883 0.6538942 -0.2885875 1

-0.8747097 -0.3119434 0.3709103 0
-0.3611485 -0.0908258 -0.9280747 0
0.323195 -0.9457493 -0.03321156 0
-0.3886274 0.7001624 -0.3682404 1

-0.8786707 -0.3451805 0.3298308 0
-0.3553526 0.01146477 -0.9346621 0
0.3188456 -0.9384665 -0.1327343 0
-0.4141444 0.6914946 -0.3633067 1

-0.6018026 0.7947518 -0.07876302 0
-0.01854808 -0.1125024 -0.9934784 0
-0.7984297 -0.5964167 0.08244555 0
0.4193011 0.7173466 -0.3132324 1

-0.6840945 0.7197554 -0.1181822 0
-0.1052703 -0.2577595 -0.9604573 0
-0.7217569 -0.6446025 0.2521008 0
0.3867011 0.7560283 -0.3025488 1

-0.2044547 0.8311791 -0.5170495 0
0.4783879 -0.375989 -0.7935853 0
-0.8540162 -0.409602 -0.3207531 0
0.3952071 0.6749401 -0.2464266 1

-0.8767328 -0.3535433 0.3261087 0
-0.3546107 0.01706536 -0.9348583 0
0.3249476 -0.9352625 -0.1403319 0
-0.443157 0.6801991 -0.3544107 1

-0.6365817 0.7583699 -0.14014 0
-0.04342797 -0.2166763 -0.9752773 0
-0.7699859 -0.6147574 0.1708666 0
0.4023756 0.7402518 -0.31184 1

-0.5996171 0.7961165 -0.08159917 0
0.09336947 -0.03167327 -0.9951278 0
-0.7948219 -0.6043142 -0.05534103 0
0.4400408 0.6944617 -0.3108075 1

-0.8901236 -0.3483862 0.2937808 0
-0.2446708 -0.1785223 -0.9530299 0
0.384469 -0.9201941 0.07366708 0
-0.4300535 0.6920532 -0.4054711 1

-0.8879875 -0.3553873 0.2918533 0
-0.2651495 -0.122863 -0.9563474 0
0.3757317 -0.9266094 0.01487005 0
-0.4584965 0.6810992 -0.3959295 1

-0.8875179 -0.3201582 0.3313776 0
-0.2393119 -0.2942919 -0.9252687 0
0.3937541 -0.9004949 0.1845718 0
-0.4045387 0.6961607 -0.4091285 1

-0.8799062 -0.2751471 0.3873744 0
-0.2888412 -0.3375938 -0.89588 0
0.3772741 -0.9001802 0.2175772 0
-0.3832837 0.701865 -0.4001477 1

-0.7827577 -0.5591577 0.2731907 0
-0.2960399 -0.05157225 -0.9537822 0
0.5474037 -0.8274559 -0.1251644 0
-0.4326316 0.6441965 -0.3173855 1

-0.285389 0.9002184 -0.3288775 0
0.289199 -0.2462667 -0.9250495 0
-0.913738 -0.3591099 -0.1900604 0
0.4145682 0.6578491 -0.2761508 1

-0.592482 0.8052218 -0.02415532 0
-0.3140728 -0.258499 -0.9135299 0
-0.7418382 -0.5336631 0.4060541 0
0.4183192 0.7126297 -0.356864 1

-0.5981864 0.8007238 -0.03185657 0
-0.1489773 -0.1501788 -0.9773701 0
-0.7873876 -0.5799033 0.2091247 0
0.443966 0.6933241 -0.3547595 1

-0.6215363 0.7797695 -0.07518438 0
-0.3781355 -0.3826796 -0.8429533 0
-0.6860807 -0.4954957 0.5327078 0
0.4003752 0.7302721 -0.3567604 1

-0.6522999 0.7574614 -0.0275287 0
-0.5167916 -0.4710247 -0.7148865 0
-0.5544652 -0.4520936 0.6986988 0
0.3820732 0.744298 -0.3457917 1

-0.8903177 -0.3486463 0.2928833 0
-0.2334293 -0.2027944 -0.9509917 0
0.3909547 -0.9150522 0.09916715 0
-0.4407906 0.684257 -0.4468189 1

-0.8893391 -0.3557163 0.2873021 0
-0.2595939 -0.124459 -0.9576642 0
0.3764141 -0.92627 0.01834466 0
-0.4693891 0.6760606 -0.4346809 1

-0.8865975 -0.2828224 0.3660007 0
-0.2541537 -0.3632503 -0.8963566 0
0.3864596 -0.8877278 0.2501765 0
-0.393953 0.6890658 -0.4346011 1

-0.8876747 -0.3203532 0.3307684 0
-0.2372968 -0.2973468 -0.9248109 0
0.3946189 -0.8994215 0.1879284 0
-0.4144847 0.6839294 -0.4475851 1

-0.6598799 -0.4905409 0.569147 0
-0.6566821 0.008410454 -0.7541206 0
0.3651401 -0.8713778 -0.3276791 0
-0.4463533 0.6420901 -0.3634728 1

-0.5904057 0.8068816 -0.01907193 0
-0.3541971 -0.2802587 -0.892188 0
-0.725235 -0.5199976 0.4512614 0
0.4045397 0.7010602 -0.3972438 1

-0.5972149 0.8015415 -0.02943042 0
-0.2140105 -0.1946031 -0.957251 0
-0.7730033 -0.5653859 0.2877583 0
0.4381105 0.6869653 -0.3944395 1

-0.6188498 0.7824298 -0.06949054 0
-0.4071903 -0.3951913 -0.8234199 0
-0.6717302 -0.4812773 0.5631618 0
0.3846715 0.7143867 -0.391761 1

-0.6299882 0.7766033 0.001722197 0
-0.5652549 -0.4570172 -0.6867476 0
-0.5325431 -0.4336162 0.7268941 0
0.3626779 0.7274505 -0.3720844 1

-0.1284494 0.799233 -0.5871353 0
0.7122992 -0.3375809 -0.6153608 0
-0.6900222 -0.4972583 -0.5259311 0
0.4286503 0.6450347 -0.31964 1

0.995362 -0.09182333 0.02868591 0
0.04636086 0.7191435 0.6933132 0
-0.08429161 -0.6887678 0.7200652 0
-0.01856678 0.6358517 -0.1833983 1

0.9974533 -0.04218808 0.05750736 0
-0.01679272 0.6447161 0.7642376 0
-0.06931763 -0.7632571 0.6423658 0
-0.01270425 0.7210879 -0.1139803 1

-0.9935734 -0.09607614 -0.0598475 0
-0.01640562 -0.400914 0.9159689 0
-0.1119964 0.9110638 0.3967611 0
-0.1139014 0.5998219 -0.2276552 1

-0.9849674 -0.1715165 -0.02053232 0
0.04638595 -0.3771134 0.9250048 0
-0.1663966 0.9101471 0.3794001 0
0.07062547 0.5801621 -0.2196019 1

0.9947518 -0.02905497 0.09810549 0
-0.06133523 0.5981209 0.7990555 0
-0.08189546 -0.8008791 0.5931997 0
-0.01486095 0.8038893 -0.01582858 1

-0.9989465 -0.04547866 0.006164974 0
0.03827506 -0.8996707 -0.4348883 0
0.0253246 -0.4341942 0.9004635 0
-0.1206737 0.4343249 0.1504562 1

-0.9990882 0.02203885 -0.03656866 0
-0.002877951 -0.8892956 -0.4573238 0
-0.04259923 -0.4568017 0.8885481 0
0.08978318 0.4244117 0.1624314 1

0.9931359 -0.04074848 0.1096378 0
-0.05960484 0.6301984 0.7741428 0
-0.1006387 -0.775364 0.623444 0
-0.02386364 0.8916806 0.1014555 1

-0.9986196 -0.0294162 -0.04351977 0
-0.01782868 -0.5895067 0.8075669 0
-0.04941073 0.8072278 0.5881684 0
-0.107346 0.1210538 -0.000974685 1

-0.9878338 0.03228418 -0.1521263 0
-0.1416543 -0.5904813 0.7945226 0
-0.06417723 0.8064056 0.5878705 0
0.08878344 0.115487 0.003565714 1

0.1077687 0.7949106 -0.5970785 0
0.9048502 -0.327231 -0.2723342 0
-0.4118638 -0.5109176 -0.7545404 0
0.03664511 0.9789132 0.2166507 1

0.05113452 -0.7182663 0.6938869 0
-0.8014982 -0.4440214 -0.400557 0
0.595807 -0.5356666 -0.598394 0
-0.1007128 0.9848075 0.2013102 1

-0.9997168 0.009694159 -0.02174285 0
-0.02163153 0.01144424 0.9997005 0
0.009940095 0.9998876 -0.01123134 0
-0.1108446 0.005372226 0.157498 1

-0.986313 0.0121903 -0.1644337 0
-0.1644307 0.00125329 0.9863879 0
0.01223041 0.9999252 0.0007683013 0
0.06233719 0.005246818 0.1518995 1

0.9946159 -0.09162068 0.04842402 0
-0.006542141 0.4108315 0.9116878 0
-0.1034236 -0.9070961 0.4080203 0
-0.03370591 0.9957424 0.2292862 1

0.4429027 0.7217774 -0.5318596 0
0.4067413 -0.6904145 -0.5982383 0
-0.7989984 0.04863217 -0.5993633 0
0.1681358 0.9313607 0.1770757 1

0.1826747 -0.5941606 0.7833287 0
-0.1814713 -0.803422 -0.5670819 0
0.9662805 -0.03855997 -0.2545881 0
-0.2171846 0.9202834 0.1431022 1

0.9950703 -0.01775081 0.09757055 0
-0.0494196 0.7642363 0.6430402 0
-0.08598144 -0.6446921 0.7595916 0
-0.03654549 1.003898 0.3030415 1

0.4919752 0.6190543 -0.6121539 0
0.3318062 -0.7833887 -0.5255538 0
-0.8049005 0.05544298 -0.5908139 0
0.2536731 0.7861673 0.05126685 1

0.1818518 -0.5851004 0.7903087 0
-0.1784998 -0.8099991 -0.558605 0
0.966989 -0.03948651 -0.2517403 0
-0.255342 0.7513505 0.02386382 1

-0.7118801 -0.5287533 0.46222 0
-0.2133813 -0.4641938 -0.859647 0
0.6691005 -0.7105944 0.2176241 0
-0.3103896 0.501555 -0.1484043 1

-0.3217464 0.765359 -0.557409 0
0.4524453 -0.3928676 -0.8005926 0
-0.8317285 -0.5097849 -0.2198793 0
0.3560004 0.5445743 -0.1108112 1

-0.7492845 -0.3959118 0.5308739 0
-0.1697523 -0.6600205 -0.7318176 0
0.6401227 -0.6384566 0.4273363 0
-0.3070838 0.4858866 -0.2426523 1

-0.4641221 -0.3478059 0.8146301 0
-0.3587456 -0.7670695 -0.5318895 0
0.8098717 -0.5391064 0.2312399 0
-0.3353872 0.4586333 -0.1527831 1

-0.7274069 -0.4461349 0.521386 0
-0.1564288 -0.6319954 -0.7590204 0
0.6681389 -0.6336763 0.3899295 0
-0.3239073 0.4657122 -0.2456984 1

-0.7099913 -0.4816872 0.5137024 0
-0.2069314 -0.5545627 -0.8060025 0
0.673121 -0.6785557 0.2940586 0
-0.3443671 0.4503753 -0.2358615 1

-0.321905 0.7833641 -0.5317122 0
-0.00882587 -0.564064 -0.825684 0
-0.9467307 -0.2610989 0.188489 0
0.4107864 0.4961299 -0.1881173 1

-0.4192269 0.735104 -0.5327955 0
-0.1235619 -0.6275933 -0.7686736 0
-0.8994337 -0.2564154 0.353935 0
0.391014 0.5417976 -0.2021418 1

0.1948343 0.5013747 -0.8430083 0
0.3847881 -0.82965 -0.4044985 0
-0.902207 -0.2455693 -0.3545673 0
0.370608 0.4978408 -0.1158358 1

-0.7031975 -0.4877658 0.5172989 0
-0.2038565 -0.5587045 -0.803923 0
0.681143 -0.6707711 0.2934453 0
-0.3676114 0.4333291 -0.2211105 1

-0.363009 0.7342771 -0.5736388 0
-0.06564217 -0.6342569 -0.7703307 0
-0.9294705 -0.2419822 0.2784406 0
0.4016534 0.5202515 -0.2002743 1

-0.3196058 0.779412 -0.5388591 0
0.1364649 -0.5248963 -0.8401555 0
-0.9376722 -0.342054 0.06139774 0
0.4233027 0.4729208 -0.1718565 1

-0.7144951 -0.5049198 0.4843071 0
-0.03091147 -0.6687645 -0.7428317 0
0.6989574 -0.54572 0.4622212 0
-0.3536075 0.4254399 -0.2722497 1

-0.7080494 -0.5085957 0.4898947 0
-0.07237357 -0.637824 -0.7667744 0
0.7024445 -0.5783694 0.4148021 0
-0.3763481 0.4087955 -0.256911 1

-0.7301227 -0.4727849 0.4933514 0
0.0171762 -0.7344657 -0.6784286 0
0.6831002 -0.486862 0.5443707 0
-0.3307993 0.4378683 -0.2791384 1

-0.751749 -0.4147189 0.5127204 0
-0.01749003 -0.764685 -0.644167 0
0.6592177 -0.4932192 0.5675977 0
-0.3150149 0.4558531 -0.2756429 1

-0.5366741 -0.6356734 0.5548882 0
-0.1142701 -0.5968027 -0.7942097 0
0.8360164 -0.4896388 0.24765 0
-0.3506539 0.4273457 -0.1722575 1

0.132146 0.6658587 -0.7342818 0
0.2839742 -0.7351591 -0.6155485 0
-0.9496821 -0.1271746 -0.286235 0
0.3851766 0.4638533 -0.1293667 1

-0.3126982 0.8150937 -0.4876908 0
-0.3290285 -0.5746008 -0.7493827 0
-0.8910443 -0.07386637 0.4478656 0
0.4103092 0.4715881 -0.2245096 1

-0.3191237 0.8083711 -0.4946679 0
-0.1530241 -0.5590621 -0.8148823 0
-0.9352772 -0.1843522 0.3021103 0
0.4292217 0.4500066 -0.2091177 1

-0.346464 0.7770862 -0.525452 0
-0.4231585 -0.6293847 -0.651776 0
-0.8371974 -0.003467351 0.5468898 0
0.3986299 0.4910384 -0.2357551 1

-0.3819565 0.8010782 -0.4608503 0
-0.598938 -0.5943308 -0.5366974 0
-0.7038339 0.07102574 0.7068048 0
0.385518 0.5134061 -0.2366771 1

-0.7143721 -0.5030807 0.4863979 0
-0.03168434 -0.671119 -0.7406724 0
0.6990486 -0.5445268 0.4634889 0
-0.3550399 0.3963355 -0.3044456 1

-0.7082908 -0.5072768 0.4909123 0
-0.1024304 -0.6142072 -0.7824692 0
0.69845 -0.6044998 0.3830768 0
-0.3793927 0.3828428 -0.2879417 1

-0.7522427 -0.4295522 0.4996162 0
0.009554371 -0.7653052 -0.643597 0
0.658817 -0.4793675 0.5797994 0
-0.3153559 0.4267708 -0.3005181 1

-0.7301265 -0.4674102 0.4984408 0
-0.01609061 -0.7174853 -0.6963879 0
0.6831225 -0.5164714 0.5163342 0
-0.330085 0.4073422 -0.3073358 1

-0.4935606 -0.4062853 0.7689806 0
-0.4912727 -0.5993674 -0.6319889 0
0.7176693 -0.6897038 0.09622724 0
-0.3557929 0.39905 -0.2108542 1

-0.3125716 0.815194 -0.487604 0
-0.3377067 -0.5751558 -0.7450839 0
-0.8878361 -0.06822488 0.455074 0
0.3958191 0.4460431 -0.2575512 1

-0.3184726 0.808856 -0.4942947 0
-0.2147464 -0.5694507 -0.7934795 0
-0.923287 -0.1465535 0.3550536 0
0.4231113 0.427041 -0.2420487 1

-0.3474808 0.7755439 -0.5270566 0
-0.4096383 -0.6311603 -0.6586601 0
-0.8434771 -0.01296911 0.5370085 0
0.3810582 0.4649097 -0.26282 1

-0.3638556 0.8187384 -0.4441582 0
-0.6055194 -0.5702487 -0.555124 0
-0.707782 0.0669615 0.7032504 0
0.3632695 0.4920532 -0.2566865 1

0.2616375 0.4258197 -0.8661544 0
0.5972644 -0.7763798 -0.2012703 0
-0.7581695 -0.4646634 -0.4574572 0
0.3984881 0.4281305 -0.15766 1

0.9968888 -0.07191078 0.03227448 0
0.03997755 0.8141744 0.5792424 0
-0.06793083 -0.57615 0.8145162 0
-0.01814969 0.6368773 -0.1827555 1

0.9984998 -0.01357631 0.05304545 0
-0.02406403 0.7613972 0.6478388 0
-0.04918392 -0.6481435 0.7599284 0
-0.01313817 0.7315001 -0.1267212 1

-0.9937485 -0.09495538 -0.05871566 0
-0.01600197 -0.3993489 0.9166595 0
-0.1104898 0.9118685 0.3953327 0
-0.1132205 0.5933111 -0.2202926 1

-0.9812921 -0.1879766 -0.04160199 0
0.03439037 -0.3837557 0.9227941 0
-0.1894287 0.9040998 0.383041 0
0.07165185 0.5777756 -0.2112154 1

0.9962606 0.002470151 0.08636311 0
-0.06204933 0.7160324 0.6953039 0
-0.06012129 -0.6980627 0.7135082 0
-0.01622873 0.8292871 -0.04351869 1

-0.9988614 -0.04760347 0.003174189 0
0.04079924 -0.8867863 -0.4603755 0
0.02473031 -0.4597219 0.8877186 0
-0.1198261 0.4284602 0.1581039 1

-0.9995001 0.004064634 -0.03135448 0
0.01159545 -0.8754748 -0.4831248 0
-0.02941377 -0.4832468 0.8749901 0
0.08585531 0.4192818 0.169905 1

0.995519 -0.01158868 0.09384817 0
-0.05447449 0.7409498 0.6693474 0
-0.07729363 -0.6714604 0.7369984 0
-0.02533624 0.9343852 0.05853693 1

-0.9984802 -0.02859884 -0.04711292 0
-0.02119134 -0.589898 0.8071999 0
-0.05087677 0.8069714 0.5883952 0
-0.1056196 0.1196755 -0.002201855 1

-0.9870542 0.03361101 -0.1568264 0
-0.1461413 -0.5913457 0.7930657 0
-0.06608288 0.8057176 0.588602 0
0.08988334 0.1151583 0.002076447 1

0.1349045 0.6883008 -0.7127712 0
0.8811583 -0.4123286 -0.2313981 0
-0.4531674 -0.5968476 -0.6621271 0
0.03601382 1.039002 0.1576947 1

0.1420485 -0.5948982 0.7911502 0
-0.7837834 -0.5557533 -0.2771677 0
0.6045708 -0.5807191 -0.5452152 0
-0.1016808 1.040833 0.1445006 1

-0.9996291 0.01011185 -0.02528729 0
-0.02520967 0.007731212 0.9996524 0
0.01030381 0.9999191 -0.007473588 0
-0.109778 0.003917098 0.1561988 1

-0.9854953 0.01373833 -0.1691465 0
-0.1691831 -0.001538125 0.9855834 0
0.01328012 0.9999046 0.003840021 0
0.06259942 0.004756629 0.1501384 1

0.9965245 -0.07110894 0.04338476 0
-0.0002525067 0.5182508 0.8552285 0
-0.08329859 -0.8522673 0.5164319 0
-0.03433136 1.056735 0.1690632 1

0.5508507 0.1891641 -0.8128842 0
0.2429424 -0.9681419 -0.06066376 0
-0.7984626 -0.1640673 -0.5792576 0
0.1640617 0.9790832 0.1240685 1

0.2317375 -0.0504008 0.9714719 0
-0.09812348 -0.9947746 -0.02820287 0
0.9678168 -0.08878843 -0.2354722 0
-0.2155784 0.9600722 0.1042232 1

0.9943681 -0.01593732 0.1047753 0
-0.05505189 0.7671064 0.6391533 0
-0.09056018 -0.6413219 0.7619089 0
-0.03626416 1.073736 0.2413242 1

0.5681263 0.09858873 -0.8170146 0
0.1848911 -0.9827084 0.009984808 0
-0.8019026 -0.1567314 -0.5765306 0
0.2151522 0.7754841 0.111311 1

0.233049 -0.004842952 0.9724529 0
-0.08364229 -0.9963815 0.01508282 0
0.9688612 -0.0848532 -0.2326111 0
-0.2362106 0.7509043 0.09829308 1

-0.2283775 -0.3444243 0.9106129 0
-0.09825479 -0.9224018 -0.3735252 0
0.9686019 -0.1747767 0.1768144 0
-0.262005 0.4436302 0.1029445 1

0.2922681 0.4488241 -0.844474 0
0.3731533 -0.8665571 -0.3314143 0
-0.8805315 -0.2182564 -0.4207471 0
0.2721717 0.4724218 0.1143903 1

-0.3158223 -0.2384412 0.9183695 0
0.06561774 -0.9710799 -0.229561 0
0.9465467 -0.012239 0.3223346 0
-0.2689565 0.3770527 0.03469324 1

-0.05674701 0.1023735 0.9931262 0
-0.002491593 -0.9947404 0.1023975 0
0.9983855 0.00333634 0.05670366 0
-0.2612229 0.4013705 0.1293988 1

-0.2723153 -0.2593733 0.9265906 0
0.05623497 -0.9656274 -0.2537737 0
0.9605634 -0.01699967 0.277541 0
-0.2729959 0.3549515 0.04864089 1

-0.2415087 -0.2669167 0.932968 0
-0.04682248 -0.9571024 -0.2859419 0
0.9692683 -0.1127413 0.2186508 0
-0.2801405 0.3428959 0.07218258 1

0.2928418 0.4711134 -0.8320432 0
-0.02064066 -0.8668742 -0.4980995 0
-0.955938 0.1630383 -0.244133 0
0.3116338 0.3764506 0.09079297 1

0.1957519 0.4800801 -0.8551051 0
-0.1307068 -0.8514218 -0.5079338 0
-0.9719038 0.211197 -0.1039177 0
0.3234536 0.4128906 0.05607128 1

0.7343809 -0.1029746 -0.6708807 0
-0.01978125 -0.9912516 0.1304955 0
-0.6784492 -0.08256257 -0.7299933 0
0.2607286 0.4276038 0.131214 1

-0.2312401 -0.2634968 0.936535 0
-0.03171325 -0.9600722 -0.2779492 0
0.9723797 -0.09397356 0.2136508 0
-0.2877763 0.331607 0.1015547 1

0.2499829 0.4254747 -0.8697587 0
-0.1167613 -0.8784766 -0.4632984 0
-0.9611845 0.2173709 -0.1699251 0
0.3202081 0.3928983 0.06913625 1

0.2941445 0.4582692 -0.8387301 0
0.1333014 -0.8886456 -0.4387931 0
-0.9464192 0.01726464 -0.3224783 0
0.3051706 0.361545 0.1171707 1

-0.2391241 -0.3031141 0.922465 0
0.1715071 -0.9482741 -0.267136 0
0.9557223 0.09433063 0.2787413 0
-0.2822215 0.2997922 0.05918242 1

-0.2297252 -0.2963584 0.9270374 0
0.1222778 -0.9537526 -0.2745975 0
0.9655437 0.05027418 0.255339 0
-0.2890855 0.2892135 0.08886681 1

-0.266538 -0.2944302 0.9177518 0
0.257693 -0.939303 -0.2265038 0
0.9287368 0.1761264 0.3262325 0
-0.2705184 0.3124088 0.03746068 1

-0.312543 -0.2587131 0.9139938 0
0.2399043 -0.9525023 -0.1875773 0
0.9191098 0.160645 0.3597642 0
-0.266084 0.3329749 0.02458473 1

-0.005450733 -0.2745738 0.9615508 0
0.05139691 -0.9603709 -0.2739456 0
0.9986634 0.04792761 0.01934687 0
-0.2614415 0.3619604 0.1355665 1

0.7417203 0.09215686 -0.6643479 0
0.03234308 -0.9942774 -0.101814 0
-0.6699291 0.05403049 -0.7404565 0
0.257899 0.3889585 0.1382148 1

0.3011732 0.5145924 -0.8028009 0
-0.2971676 -0.7493157 -0.5917919 0
-0.9060827 0.4167982 -0.07275368 0
0.3108096 0.3385295 0.0686966 1

0.2945075 0.5060325 -0.8106766 0
-0.144593 -0.8149378 -0.5612211 0
-0.9446471 0.2825019 -0.1668366 0
0.3111507 0.3224697 0.09752779 1

0.2669789 0.4760739 -0.8378996 0
-0.4219842 -0.7239221 -0.545771 0
-0.8664013 0.4992897 0.007623674 0
0.3148302 0.3524366 0.04779699 1

0.2323831 0.5586613 -0.7961758 0
-0.5808757 -0.5768493 -0.5743067 0
-0.7801163 0.5959381 0.1904626 0
0.3175335 0.3744593 0.03333429 1

-0.2400771 -0.2973758 0.9240838 0
0.150851 -0.9517885 -0.2671003 0
0.9589614 0.07527431 0.273362 0
-0.274804 0.2585756 0.04769856 1

-0.2310872 -0.2893188 0.9289206 0
0.04095181 -0.9568094 -0.2878174 0
0.972071 -0.02846991 0.2329545 0
-0.2841603 0.2504771 0.07786943 1

-0.3089988 -0.2746482 0.9105429 0
0.2490371 -0.9473558 -0.20124 0
0.9178783 0.1645759 0.3611294 0
-0.2567667 0.2966368 0.0170074 1

-0.2697495 -0.280453 0.9211848 0
0.1775037 -0.9547355 -0.2386891 0
0.9464288 0.09912744 0.3073207 0
-0.259808 0.2733691 0.02804624 1

-0.04051022 0.02649656 0.9988278 0
-0.2294703 -0.9731756 0.01650938 0
0.9724723 -0.2285325 0.04550373 0
-0.2589642 0.3159241 0.1217359 1

0.2994317 0.5101192 -0.8062996 0
-0.2674664 -0.7663115 -0.5841478 0
-0.9158615 0.3905704 -0.09301811 0
0.2976195 0.3053141 0.04267719 1

0.2946971 0.5045689 -0.8115198 0
-0.190582 -0.8011388 -0.5673228 0
-0.9363932 0.3218493 -0.1399315 0
0.3051832 0.2892114 0.0750003 1

0.2625258 0.4677122 -0.8439938 0
-0.3685711 -0.7597457 -0.5356694 0
-0.8917599 0.4516987 -0.02706761 0
0.2973103 0.322381 0.02513187 1

0.2429825 0.5700668 -0.7848462 0
-0.5341653 -0.5967374 -0.5988088 0
-0.8097079 0.5647375 0.1595131 0
0.296326 0.3536001 0.01173665 1

0.7545615 -0.1930419 -0.6271937 0
0.09716365 -0.9123538 0.3977055 0
-0.6489964 -0.3610337 -0.6696705 0
0.2585053 0.3416567 0.1342148 1

0.9976717 -0.06231264 0.02771711 0
0.04306176 0.8907252 0.4524979 0
-0.05288467 -0.4502508 0.8913347 0
-0.0170937 0.6453834 -0.1833645 1

0.9992915 0.002094839 0.0375767 0
-0.02103223 0.8590697 0.5114262 0
-0.03120965 -0.5118542 0.8585052 0
-0.01188253 0.7472432 -0.1419418 1

-0.9946376 -0.08772729 -0.05477323 0
-0.01328092 -0.41688 0.9088646 0
-0.1025661 0.9047184 0.4134792 0
-0.1124106 0.5963792 -0.2126696 1

-0.9781994 -0.1985061 -0.06100637 0
0.02404425 -0.4000517 0.9161773 0
-0.2062725 0.894737 0.396103 0
0.07266413 0.5831027 -0.2041479 1

0.9978017 0.01896866 0.0634979 0
-0.05195274 0.8187475 0.5717984 0
-0.0411425 -0.5738403 0.8179331 0
-0.01458371 0.8575743 -0.07625885 1

-0.9992256 -0.03904755 0.004858579 0
0.0319836 -0.8779063 -0.4777638 0
0.02292087 -0.4772384 0.8784751 0
-0.117893 0.4242914 0.1625091 1

-0.999347 -0.004291799 -0.03588343 0
0.02144673 -0.8696066 -0.4932796 0
-0.0290874 -0.493727 0.8691306 0
0.08259457 0.4178786 0.1742396 1

0.9976569 0.001642816 0.06839508 0
-0.03897835 0.8352398 0.5485027 0
-0.0562252 -0.5498834 0.8333467 0
-0.02220926 0.9777488 0.007668838 1

-0.9985651 -0.02268927 -0.04851032 0
-0.02583306 -0.5893924 0.8074341 0
-0.0469117 0.8075284 0.5879604 0
-0.1067561 0.1185989 -0.00385125 1

-0.9865136 0.03380289 -0.1601521 0
-0.1490953 -0.5893281 0.7940173 0
-0.06754203 0.8071866 0.5864198 0
0.09004475 0.1157936 0.002883524 1

0.1370559 0.5502438 -0.8236792 0
0.8818306 -0.4465429 -0.1515729 0
-0.4512101 -0.7055714 -0.5464231 0
0.04142636 1.096301 0.08789809 1

0.1895586 -0.4653274 0.8646029 0
-0.8130817 -0.5680274 -0.1274482 0
0.5504232 -0.6788338 -0.4860236 0
-0.09657018 1.096266 0.07819198 1

-0.999522 0.01563946 -0.02667114 0
-0.02659528 0.005040403 0.9996338 0
0.01576811 0.9998654 -0.004622054 0
-0.1118254 0.002939641 0.1545953 1

-0.9849246 0.01404882 -0.1724145 0
-0.1724352 -0.0002705911 0.985021 0
0.01379173 0.9999015 0.002688949 0
0.06220931 0.005768657 0.1511231 1

0.9974613 -0.0655004 0.0279411 0
0.01973232 0.6312343 0.7753412 0
-0.06842254 -0.7728215 0.6309241 0
-0.02864558 1.115668 0.09824057 1

0.5792223 -0.3608046 -0.7309731 0
0.1751122 -0.8207057 0.5438547 0
-0.7961391 -0.443015 -0.4121898 0
0.169572 1.03141 0.06587189 1

0.3282568 0.4239037 0.8441287 0
-0.2109486 -0.8381792 0.5029477 0
0.9207325 -0.3431637 -0.185716 0
-0.2147254 1.013722 0.05967149 1

0.9955514 -0.01980355 0.09211565 0
-0.03882542 0.8045736 0.5925824 0
-0.08584906 -0.5935226 0.8002254 0
-0.02882523 1.142474 0.1674928 1

0.5916764 -0.4473943 -0.6706399 0
0.1055048 -0.7817512 0.6146005 0
-0.7992422 -0.4344 -0.4153413 0
0.2063978 0.8588166 0.1802439 1

0.3719384 0.6758891 0.6362672 0
-0.06661405 -0.6642408 0.7445448 0
0.9258643 -0.3193092 -0.2020328 0
-0.2590809 0.8374804 0.1654246 1

0.2202115 0.33554 0.9159257 0
-0.1847913 -0.9076225 0.3769265 0
0.9577888 -0.2522587 -0.1378639 0
-0.279624 0.6326352 0.3950347 1

0.668381 -0.08345287 -0.739123 0
0.2334864 -0.9199216 0.3150053 0
-0.7062232 -0.3831187 -0.5953729 0
0.2389349 0.6177284 0.3697836 1

0.1332296 0.4171129 0.8990365 0
0.05601469 -0.9088425 0.4133615 0
0.9895011 -0.004712697 -0.1444491 0
-0.3109587 0.5423191 0.3945684 1

0.366191 0.725393 0.5828459 0
0.1547239 -0.6650978 0.7305514 0
0.9175865 -0.1773412 -0.3557882 0
-0.2642364 0.6159668 0.4394386 1

0.1800063 0.4094787 0.8943852 0
0.04233815 -0.91162 0.4088481 0
0.982754 -0.03572864 -0.1814338 0
-0.3068459 0.5347003 0.4195555 1

0.2121083 0.4164545 0.8840677 0
-0.06799316 -0.8961707 0.438469 0
0.9748778 -0.1531134 -0.1617691 0
-0.3020345 0.5412492 0.4457195 1

0.6677099 -0.06890899 -0.7412255 0
0.002921641 -0.9954562 0.09517538 0
-0.7444158 -0.06571507 -0.6644746 0
0.2585898 0.522936 0.4139726 1

0.5936673 -0.05893857 -0.8025494 0
-0.05596828 -0.9979232 0.03188518 0
-0.802762 0.02598813 -0.595733 0
0.2904216 0.5346786 0.3749595 1

0.9076545 -0.4123779 -0.07815463 0
-0.2899332 -0.7506636 0.5936689 0
-0.3034838 -0.5161866 -0.8009051 0
0.2115032 0.5893058 0.3991483 1

0.2232406 0.4221083 0.8786285 0
-0.03993248 -0.8966593 0.4409165 0
0.9739451 -0.1335163 -0.1833149 0
-0.2951596 0.5519973 0.47548 1

0.6353616 -0.12728 -0.761653 0
-0.09656878 -0.9916761 0.0851626 0
-0.7661527 0.01944282 -0.6423643 0
0.2779495 0.5249271 0.3931326 1

0.6681982 -0.08906599 -0.738633 0
0.122524 -0.9660788 0.2273321 0
-0.7338251 -0.242403 -0.6346191 0
0.2399002 0.5247145 0.4386151 1

0.2135112 0.3812216 0.8994904 0
0.1395808 -0.9231799 0.3581291 0
0.966918 0.0490871 -0.2503203 0
-0.3051245 0.500809 0.4653741 1

0.2243086 0.3902157 0.8929824 0
0.1038801 -0.9206855 0.3762278 0
0.9689658 0.00837199 -0.2470531 0
-0.2970188 0.5121304 0.4946391 1

0.1850107 0.3760514 0.9079406 0
0.2310663 -0.9146351 0.3317396 0
0.9551855 0.1484192 -0.25611 0
-0.3049805 0.4945372 0.4375685 1

0.1358292 0.4004566 0.9061927 0
0.2173125 -0.9044374 0.3671081 0
0.9666054 0.1470629 -0.2098731 0
-0.308378 0.5012707 0.4135859 1

0.4512122 0.4264609 0.7839252 0
0.03082368 -0.8853528 0.4638968 0
0.8918844 -0.1851525 -0.412627 0
-0.2573029 0.5909983 0.4697659 1

0.9535767 -0.2552036 -0.1598838 0
-0.155827 -0.8724462 0.4632009 0
-0.2577005 -0.4167833 -0.8717121 0
0.1975784 0.5609748 0.4226843 1

0.6721322 -0.01820474 -0.7402071 0
-0.1804497 -0.9735825 -0.1399101 0
-0.718106 0.2276084 -0.6576613 0
0.2589042 0.4792204 0.4179437 1

0.6670286 -0.03176172 -0.7443549 0
-0.08110447 -0.9962489 -0.03016905 0
-0.7406045 0.08049428 -0.6671025 0
0.245527 0.4820423 0.4484079 1

0.6468915 -0.07081928 -0.7592868 0
-0.2982297 -0.9398741 -0.1664207 0
-0.7018481 0.3340979 -0.6291166 0
0.2735019 0.4792514 0.397055 1

0.6161853 0.04193845 -0.7864839 0
-0.3912133 -0.8503847 -0.3518491 0
-0.6835701 0.5244872 -0.5075878 0
0.2878018 0.4897382 0.3765291 1

0.2124697 0.3890272 0.8963897 0
0.1061612 -0.9210948 0.3745857 0
0.9713838 0.01557387 -0.2370043 0
-0.2990364 0.4607686 0.4810389 1

0.2227868 0.4008779 0.8886299 0
-0.002382666 -0.9113129 0.4117079 0
0.9748642 -0.09384041 -0.2020732 0
-0.2927703 0.4748407 0.5100386 1

0.1384377 0.3870662 0.9116001 0
0.2106241 -0.9109131 0.3547887 0
0.967715 0.1428889 -0.2076301 0
-0.300121 0.4664842 0.4272389 1

0.181399 0.3944981 0.9008138 0
0.1277018 -0.9177045 0.3761795 0
0.9750828 0.04679704 -0.2168486 0
-0.295377 0.4565224 0.4513559 1

0.4078243 0.6685954 0.6218198 0
-0.09465671 -0.6463992 0.7571051 0
0.9081408 -0.3676252 -0.2003301 0
-0.2561226 0.5481015 0.4915655 1

0.6702788 -0.02875361 -0.7415521 0
-0.1371914 -0.9868267 -0.08574147 0
-0.7293181 0.1592054 -0.6653935 0
0.2508085 0.4361847 0.4118894 1

0.6669623 -0.03579195 -0.7442313 0
-0.1060416 -0.9932376 -0.04726475 0
-0.7375071 0.1104436 -0.6662475 0
0.2420168 0.4415956 0.4474247 1

0.6424813 -0.0863502 -0.7614207 0
-0.2429187 -0.9653345 -0.09549767 0
-0.7267796 0.2463189 -0.6411854 0
0.2611223 0.4402266 0.3901412 1

0.6204424 0.05260684 -0.7824857 0
-0.325893 -0.8902289 -0.318255 0
-0.713334 0.4524656 -0.5351915 0
0.273801 0.4585078 0.3631141 1

0.8886024 -0.4585112 0.01238386 0
-0.2827153 -0.526247 0.8019576 0
-0.3611894 -0.7161226 -0.5972524 0
0.1889892 0.5198898 0.444867 1

0.9984809 -0.0522044 0.01762571 0
0.04334303 0.9416718 0.3337298 0
-0.0340198 -0.3324589 0.942504 0
-0.016006 0.6641214 -0.1839196 1

0.9997831 0.01341826 0.01592553 0
-0.01841399 0.926791 0.3751259 0
-0.009726103 -0.3753378 0.9268371 0
-0.01093784 0.7704843 -0.155997 1

-0.9950646 -0.08369327 -0.05331051 0
-0.009812813 -0.4516144 0.8921593 0
-0.09874352 0.8882791 0.4485642 0
-0.1113966 0.6111861 -0.2049908 1

-0.9762502 -0.2010568 -0.08069574 0
0.01646668 -0.440262 0.8977184 0
-0.2160197 0.875069 0.4331165 0
0.07389979 0.6002328 -0.1981494 1

0.9989523 0.02915915 0.03526962 0
-0.04186868 0.893456 0.4471951 0
-0.01847202 -0.4482033 0.8937408 0
-0.01330276 0.8895129 -0.1078192 1

-0.9995475 -0.02934163 0.006623536 0
0.02266067 -0.8793316 -0.4756705 0
0.01978123 -0.4753051 0.8795987 0
-0.1154473 0.42476 0.163292 1

-0.9982629 0.003415201 -0.0588184 0
0.0257747 -0.8724059 -0.4881022 0
-0.05298045 -0.4887705 0.8708023 0
0.08070064 0.4184015 0.1726145 1

0.9991852 0.009318192 0.03926833 0
-0.0253809 0.9015739 0.4318798 0
-0.03137897 -0.4325245 0.901076 0
-0.01944818 1.020653 -0.0421806 1

-0.9985062 -0.0216606 -0.05016001 0
-0.02828404 -0.5805501 0.8137333 0
-0.04674637 0.8139365 0.5790703 0
-0.1075567 0.1185712 -0.002339453 1

-0.9857078 0.03626468 -0.1645153 0
-0.1542592 -0.58679 0.79491 0
-0.06770875 0.8089268 0.5839974 0
0.0896543 0.115344 0.003056988 1

0.09588407 0.4021651 -0.9105324 0
0.9208178 -0.3832327 -0.07229955 0
-0.3780222 -0.8315022 -0.4070668 0
0.04615678 1.148835 0.01951398 1

0.1862958 -0.3530285 0.9168779 0
-0.8805785 -0.4738872 -0.003542021 0
0.4357471 -0.8067229 -0.3991523 0
-0.09205855 1.147703 0.01381305 1

-0.9994404 0.01708242 -0.02875639 0
-0.02845889 0.01741087 0.9994437 0
0.01757357 0.9997026 -0.01691509 0
-0.1131071 0.004647076 0.1573432 1

-0.9841226 0.01656019 -0.1767164 0
-0.1767056 0.002123785 0.9842616 0
0.01667483 0.9998608 0.0008360479 0
0.06085477 0.005792916 0.1514632 1

0.9979367 -0.06386916 0.006559374 0
0.04258061 0.7348285 0.6769149 0
-0.04805399 -0.6752388 0.7360321 0
-0.02363922 1.169526 0.02913372 1

0.7529507 -0.5197922 -0.4035859 0
0.232544 -0.3635553 0.9020816 0
-0.6156206 -0.7730742 -0.1528646 0
0.1799679 1.093144 0.009007558 1

0.5314838 0.6196091 0.5775892 0
-0.4652101 -0.3563204 0.8103182 0
0.7078875 -0.6993713 0.09887004 0
-0.2200222 1.078839 0.01329835 1

0.997695 -0.01415246 0.06636676 0
-0.02072756 0.8677122 0.4966346 0
-0.06461586 -0.4968654 0.8654187 0
-0.02173728 1.20589 0.09385227 1

0.7734182 -0.563201 -0.2909108 0
0.1323833 -0.3052979 0.9430101 0
-0.6199186 -0.7678527 -0.1615646 0
0.2288717 1.016689 0.1987143 1

0.6896406 0.7204545 -0.07308261 0
0.02010798 0.08183079 0.9964433 0
0.7238724 -0.6886573 0.04194706 0
-0.3178404 1.003917 0.1836812 1

0.5376405 0.6871124 0.4886913 0
-0.3497907 -0.3456009 0.8707505 0
0.7671956 -0.6390903 0.05453655 0
-0.3116393 1.029153 0.4909744 1

0.7988682 -0.3472399 -0.4911558 0
0.2705072 -0.5219157 0.8089685 0
-0.5372481 -0.7791203 -0.323011 0
0.2696981 0.9225365 0.4895338 1

0.4692198 0.7602332 0.4493085 0
-0.0863423 -0.4668633 0.8801044 0
0.8788504 -0.4517568 -0.1534212 0
-0.3680059 0.9776039 0.5484602 1

0.6924778 0.7180005 -0.07035396 0
0.1857658 -0.08322806 0.9790629 0
0.6971123 -0.6910486 -0.1910134 0
-0.2912737 1.03736 0.5357428 1

0.5131645 0.7378206 0.438501 0
-0.09341633 -0.4598522 0.8830682 0
0.8531914 -0.4941224 -0.1670552 0
-0.3601824 0.9852688 0.57253 1

0.5454112 0.7296019 0.4125623 0
-0.1809466 -0.3781181 0.9079016 0
0.8184039 -0.5698313 -0.0742107 0
-0.3471058 1.003342 0.5884347 1

0.796404 -0.3438581 -0.4974962 0
0.1314597 -0.704526 0.6973963 0
-0.5903041 -0.6208098 -0.5158839 0
0.2910965 0.8744146 0.5820053 1

0.7322469 -0.3779516 -0.5665396 0
0.111848 -0.753841 0.6474672 0
-0.6717919 -0.5374723 -0.5097248 0
0.3281256 0.8684503 0.546418 1

0.9576949 -0.1850905 0.2203673 0
-0.2674896 -0.2900445 0.9188709 0
-0.1061578 -0.9389439 -0.327284 0
0.2405838 0.9105282 0.5273598 1

0.5566576 0.7270873 0.4018409 0
-0.1463861 -0.390294 0.9089784 0
0.8177429 -0.5648137 -0.1108245 0
-0.329941 1.02567 0.6044125 1

0.7775669 -0.406156 -0.4800283 0
0.03870671 -0.731039 0.6812369 0
-0.6276077 -0.5482876 -0.5527108 0
0.3136468 0.8682333 0.5656855 1

0.79963 -0.3609339 -0.4799154 0
0.2211466 -0.5660285 0.79417 0
-0.5582886 -0.7411738 -0.372794 0
0.268082 0.8858866 0.5992812 1

0.5415865 0.7111706 0.4482415 0
-0.008096036 -0.5287742 0.8487241 0
0.8406061 -0.4632863 -0.2806193 0
-0.355327 0.9862122 0.6293033 1

