MeshAnim
1
95
52
30
0.9997081 0.02415006 -0.0006443565 0
-0.02415272 0.9996981 -0.004507711 0
0.0005353005 0.004521959 0.9999896 0
-0.0006684141 0.8218538 -0.007879036 1

0.9999323 0.01138528 0.002354581 0
-0.01162617 0.9797403 0.1999341 0
-3.057066E-05 -0.199948 0.9798065 0
-0.003322836 0.9314762 -0.01758998 1

-0.8997522 0.3209525 -0.2956949 0
-0.4307753 -0.7616434 0.4840787 0
-0.0698478 0.5629289 0.8235486 0
-0.09202078 0.75862 -0.006559901 1

-0.8925517 -0.2011152 0.4036139 0
0.3946859 -0.7813218 0.4834866 0
0.2181159 0.5908375 0.7767475 0
0.09363435 0.7631219 -0.002893768 1

0.9999811 -0.006130805 -0.0003912974 0
0.00542392 0.8511846 0.5248384 0
-0.002884616 -0.5248306 0.8512018 0
-0.004815994 1.057305 0.008087733 1

-0.9596738 0.1233597 -0.2526037 0
-0.03758328 -0.9468094 -0.3195933 0
-0.2785924 -0.2972115 0.9132643 0
-0.2698445 0.4442141 0.1932674 1

-0.9387457 -0.1831313 0.2919239 0
0.0781436 -0.9381672 -0.337248 0
0.335634 -0.2937781 0.8950108 0
0.2566424 0.4404306 0.1967895 1

0.999732 -0.02154824 -0.008453308 0
0.02133309 0.7160262 0.6977473 0
-0.008982431 -0.6977409 0.7162941 0
-0.00401988 1.182241 0.08512269 1

-0.9996659 -0.02522268 -0.00566039 0
0.009490065 -0.5617706 0.8272389 0
-0.02404498 0.8269086 0.5618222 0
-0.2829313 0.1145291 0.08198306 1

-0.9912819 0.023085 0.1297198 0
0.09118665 -0.5904576 0.8019007 0
0.09510599 0.8067386 0.5832049 0
0.283788 0.1145288 0.0796359 1

0.2314527 0.8594947 -0.45574 0
0.9432308 -0.3129681 -0.111206 0
-0.2382129 -0.4041288 -0.8831391 0
0.06814554 1.282716 0.1812355 1

0.2678772 -0.8699738 0.4139895 0
-0.9431415 -0.3245535 -0.07175785 0
0.1967893 -0.3712283 -0.9074491 0
-0.07015115 1.285932 0.1822006 1

-0.9710758 0.0009720512 0.2387695 0
0.2386212 0.03941338 0.9703128 0
-0.008467501 0.9992228 -0.03850529 0
-0.281069 0.004290104 0.244316 1

-0.9912992 0.1145164 -0.06489959 0
-0.04878863 0.1382691 0.9891922 0
0.1222524 0.983752 -0.1314789 0
0.3008122 0.004293144 0.2293473 1

0.999746 -0.01031874 -0.02003346 0
0.02214228 0.6150125 0.7882065 0
0.004187524 -0.7884498 0.6150848 0
-0.0004972426 1.300475 0.2003386 1

0.3859564 0.5140589 -0.7660167 0
0.5253059 -0.8050524 -0.2755804 0
-0.7583479 -0.2960308 -0.5807532 0
0.2052137 1.237236 0.1650753 1

0.5451533 -0.4247503 0.7227691 0
-0.5396389 -0.8375751 -0.08519228 0
0.6415588 -0.3435914 -0.6858187 0
-0.2072063 1.238769 0.1717729 1

0.9991403 -0.01521201 0.03856504 0
-0.006290742 0.8638421 0.5037233 0
-0.04097676 -0.5035329 0.8630037 0
0.001162515 1.325776 0.270135 1

0.4518969 -0.5649911 -0.6903439 0
-0.3515822 -0.8240299 0.4442579 0
-0.8198652 0.04195397 -0.5710174 0
0.3156849 1.067934 0.107121 1

0.8043638 0.3484145 0.4812549 0
0.3180586 -0.9366794 0.1465292 0
0.5018341 0.03520448 -0.8642473 0
-0.3206744 1.062655 0.1538598 1

0.661897 0.1029175 0.7424962 0
0.3697175 -0.9064874 -0.2039358 0
0.6520746 0.4094983 -0.6380515 0
-0.2225883 0.7737922 0.1990479 1

0.3170759 -0.4529549 -0.8332438 0
-0.5626481 -0.7971053 0.2192044 0
-0.7634724 0.3993186 -0.5075971 0
0.2072587 0.8138077 0.2441279 1

0.4045035 -0.004545319 0.9145253 0
0.8004265 -0.4819478 -0.3564318 0
0.4423734 0.8761882 -0.1913114 0
-0.219786 0.6875881 0.1578155 1

0.6770507 0.674047 0.2954037 0
0.6293394 -0.3222181 -0.7071829 0
-0.3814901 0.6647077 -0.6423623 0
-0.1780373 0.756693 0.2135098 1

0.5011269 -0.235935 0.8325905 0
0.6290621 -0.5613838 -0.5377076 0
0.5942665 0.7932107 -0.1329067 0
-0.198397 0.6766462 0.1688653 1

0.6204002 -0.09284309 0.7787707 0
0.613801 -0.560639 -0.5558169 0
0.4882129 0.8228391 -0.2908335 0
-0.1796839 0.6764356 0.1888744 1

0.2987094 -0.2726683 -0.9145629 0
-0.8634233 -0.4854437 -0.137276 0
-0.4065378 0.8306604 -0.3804348 0
0.1470554 0.7332592 0.2789427 1

0.02806044 -0.3004991 -0.9533695 0
-0.9478749 -0.3108412 0.07007756 0
-0.3174049 0.9017084 -0.2935577 0
0.1743089 0.7219889 0.2364761 1

0.4117109 -0.8780802 -0.2438636 0
-0.8804108 -0.3141484 -0.3552288 0
0.23531 0.3609518 -0.9024099 0
0.1692467 0.8128628 0.2753821 1

0.8343169 0.244803 0.4939501 0
0.5398116 -0.5446235 -0.6418636 0
0.1118866 0.8021576 -0.5865362 0
-0.1583313 0.6795 0.2130227 1

0.1944899 -0.1097941 -0.9747407 0
-0.8699566 -0.4783807 -0.1196979 0
-0.4531548 0.8712623 -0.1885562 0
0.1597185 0.7227764 0.2556442 1

0.5430555 -0.5746201 -0.6122932 0
-0.8214978 -0.5145579 -0.2457058 0
-0.1738726 0.6364294 -0.7514827 0
0.1379249 0.7449696 0.3061316 1

0.6987588 -0.1158782 0.7059096 0
0.714207 0.1689437 -0.6792396 0
-0.04055003 0.9787905 0.2008119 0
-0.1520954 0.6511793 0.1637299 1

0.7481639 0.297999 0.5928302 0
0.6201728 0.003553682 -0.7844574 0
-0.2358741 0.9545596 -0.1821522 0
-0.134776 0.6552899 0.1844059 1

0.5993299 -0.2632646 0.7559734 0
0.8000044 0.1636783 -0.5772371 0
0.02822961 0.950737 0.3087101 0
-0.1706823 0.6519132 0.1451758 1

0.4841612 -0.02708121 0.8745598 0
0.8749505 0.02304038 -0.483664 0
-0.007051963 0.9993678 0.03484999 0
-0.1833879 0.6657486 0.141957 1

0.8526246 0.5219536 -0.02440673 0
0.4070695 -0.6927931 -0.5952584 0
-0.3276061 0.4975966 -0.8031639 0
-0.1515437 0.7452751 0.1859605 1

0.7254944 -0.6855688 -0.06044753 0
-0.6821746 -0.7047101 -0.1949914 0
0.09108207 0.1827009 -0.978941 0
0.1335161 0.8029785 0.2621115 1

0.4117536 -0.2525198 -0.8756102 0
-0.8668422 0.1879015 -0.46182 0
0.2811469 0.949172 -0.1415259 0
0.109238 0.7118742 0.272662 1

0.4262328 -0.6234863 -0.6554319 0
-0.8468096 -0.02015598 -0.5315141 0
0.3181806 0.7815747 -0.5365654 0
0.1018414 0.7220688 0.2950857 1

0.3302088 -0.09100326 -0.9395112 0
-0.9103336 0.2324017 -0.3424649 0
0.2495092 0.9683535 -0.00610227 0
0.1196491 0.7007425 0.2501309 1

0.1373798 -0.2890459 -0.947407 0
-0.9715411 0.147011 -0.1857312 0
0.1929639 0.9459603 -0.2606236 0
0.1316083 0.7080374 0.2397914 1

0.7299151 -0.09982833 0.6762087 0
0.6250108 0.4979972 -0.6011323 0
-0.2767401 0.8614134 0.4258896 0
-0.1209931 0.6585009 0.1343233 1

0.6131501 0.2315169 0.7552794 0
0.7041539 0.2731927 -0.6553876 0
-0.35807 0.933684 0.004484531 0
-0.1095026 0.6554798 0.1526737 1

0.6098397 0.02916301 0.7919883 0
0.5797922 0.664881 -0.4709291 0
-0.5403116 0.7463799 0.3885622 0
-0.1501161 0.6666422 0.123066 1

0.6561409 -0.2355438 0.7169368 0
0.6927785 0.5647196 -0.4484973 0
-0.2992275 0.7909558 0.5337154 0
-0.1374324 0.6587162 0.121184 1

0.8942919 0.3238193 -0.3088419 0
0.224625 -0.921771 -0.3160415 0
-0.3870218 0.2132597 -0.8970701 0
-0.1325252 0.7115816 0.1573283 1

0.4519061 -0.2711881 -0.8498464 0
-0.6970701 0.4871334 -0.5261129 0
0.5566638 0.8301556 0.03110142 0
0.07084498 0.7202253 0.2524011 1

0.2476111 -0.5625805 -0.7887918 0
-0.8327525 0.292533 -0.4700508 0
0.4951887 0.7732581 -0.3960561 0
0.06731459 0.7214528 0.2737142 1

0.3981954 -0.1265651 -0.9085277 0
-0.6937315 0.6064458 -0.3885361 0
0.6001475 0.7849875 0.1536816 0
0.08185282 0.7103917 0.2359067 1

0.304942 -0.3754014 -0.8752629 0
-0.5768946 0.6584273 -0.4833908 0
0.7577617 0.6523401 -0.01578495 0
0.09598348 0.7132635 0.2323831 1

0.8408806 -0.5288861 0.1148893 0
-0.5382035 -0.8395193 0.07446407 0
0.05706894 -0.1244491 -0.9905838 0
0.1002331 0.7703927 0.2529334 1

0.9996556 0.02607544 -0.002958047 0
-0.02607432 0.9996599 0.0004177403 0
0.002967934 -0.0003404673 0.9999955 0
-0.001203746 0.8219144 -0.008284399 1

0.999864 0.01464617 -0.007572018 0
-0.01272321 0.977483 0.2106301 0
0.01048644 -0.2105051 0.9775366 0
-0.004091381 0.9315774 -0.01745509 1

-0.9005538 0.3216058 -0.2925285 0
-0.4295805 -0.7616848 0.4850743 0
-0.06681187 0.5624999 0.8240935 0
-0.0924316 0.7584993 -0.007050946 1

-0.8922451 -0.2009889 0.4043545 0
0.3951117 -0.7810123 0.4836392 0
0.2185996 0.5912898 0.7762671 0
0.093223 0.7633405 -0.00381446 1

0.9999357 -0.003157033 -0.0108948 0
0.008493755 0.8449947 0.5347071 0
0.007517954 -0.5347653 0.8449672 0
-0.005725434 1.057117 0.009596312 1

-0.9595234 0.1247302 -0.2525026 0
-0.03855417 -0.9463121 -0.3209473 0
-0.278978 -0.2982215 0.9128173 0
-0.2697622 0.4440763 0.1931874 1

-0.9387416 -0.182973 0.2920367 0
0.07887263 -0.938989 -0.3347819 0
0.3354753 -0.2912402 0.8958994 0
0.2564069 0.440777 0.1959319 1

0.9996377 -0.01832747 -0.01971316 0
0.02689839 0.70714 0.7065617 0
0.000990469 -0.7068361 0.7073767 0
-0.004478734 1.181144 0.0880798 1

-0.9996564 -0.02550486 -0.006076192 0
0.009305382 -0.5617975 0.8272227 0
-0.02451181 0.8268818 0.5618417 0
-0.2831869 0.1145645 0.08143152 1

-0.9913055 0.0224362 0.1296549 0
0.09145097 -0.5909919 0.8014772 0
0.09460694 0.8063657 0.5838013 0
0.2838058 0.1145898 0.07963487 1

0.2235866 0.8662868 -0.4467174 0
0.9423366 -0.3092209 -0.1280007 0
-0.2490197 -0.3923388 -0.8854714 0
0.06844329 1.28061 0.1846696 1

0.2741823 -0.8763823 0.3959521 0
-0.9459211 -0.3199965 -0.05324975 0
0.1733704 -0.3599393 -0.9167261 0
-0.06984331 1.283383 0.1871953 1

-0.9711753 0.0006892607 0.2383663 0
0.2382073 0.03944629 0.9704132 0
-0.008733789 0.9992217 -0.03847344 0
-0.281361 0.004320264 0.2437613 1

-0.9913579 0.1140097 -0.06489788 0
-0.04894728 0.1375194 0.989289 0
0.1217132 0.9839161 -0.1307506 0
0.3008792 0.004254162 0.2292671 1

0.9993455 -0.009356838 -0.03494322 0
0.03346259 0.6060605 0.7947142 0
0.0137417 -0.7953635 0.6059771 0
-3.71245E-05 1.29791 0.2047511 1

0.3692403 0.520774 -0.7697116 0
0.5334792 -0.7969598 -0.2832929 0
-0.760961 -0.306022 -0.5720918 0
0.2053815 1.235675 0.1660688 1

0.5663285 -0.4309106 0.7025582 0
-0.5368739 -0.8396463 -0.08222184 0
0.6253308 -0.3306205 -0.7068602 0
-0.2073024 1.236882 0.1794572 1

0.9996032 -0.01686252 0.02255762 0
0.003236778 0.8644248 0.5027518 0
-0.02797702 -0.5024794 0.8641364 0
0.002641617 1.32242 0.2747978 1

0.4577333 -0.5567175 -0.6932142 0
-0.3363498 -0.8301728 0.4446145 0
-0.8230122 0.02964754 -0.5672495 0
0.3175716 1.068075 0.1064926 1

0.816168 0.3467767 0.4621859 0
0.3251023 -0.9368623 0.1288311 0
0.4776801 0.04510995 -0.877375 0
-0.3201891 1.060332 0.1621687 1

0.6843742 0.108441 0.7210219 0
0.3704123 -0.9034747 -0.2157035 0
0.6280339 0.4146975 -0.658483 0
-0.2199308 0.7714136 0.201899 1

0.310301 -0.4452965 -0.8398954 0
-0.5436166 -0.8079137 0.2275002 0
-0.7798681 0.3859877 -0.4927671 0
0.213843 0.8120537 0.2436094 1

0.4422646 -0.01074576 0.8968203 0
0.7878318 -0.4732203 -0.3941874 0
0.4286292 0.8808789 -0.2008228 0
-0.2177412 0.6852282 0.1605903 1

0.6777493 0.6812646 0.2766489 0
0.6150338 -0.3190468 -0.7210704 0
-0.4029757 0.6588534 -0.6352345 0
-0.1748032 0.7546808 0.2149313 1

0.5319407 -0.2319932 0.8143822 0
0.6159497 -0.5539481 -0.5601314 0
0.5810722 0.7995752 -0.1517716 0
-0.1959222 0.674463 0.1709515 1

0.6452103 -0.0871671 0.7590163 0
0.598208 -0.5603341 -0.5728636 0
0.4752375 0.823667 -0.3093894 0
-0.1765794 0.6744086 0.1903536 1

0.295669 -0.2635988 -0.9182023 0
-0.8502141 -0.5108593 -0.1271181 0
-0.435564 0.8182532 -0.3751607 0
0.1557937 0.7303253 0.2793212 1

0.03733211 -0.2702512 -0.9620658 0
-0.9460444 -0.3196599 0.05308428 0
-0.32188 0.9081749 -0.2676031 0
0.1824778 0.7196506 0.2363422 1

0.423684 -0.8697376 -0.2530781 0
-0.880611 -0.3300505 -0.3399869 0
0.2121708 0.3669103 -0.9057376 0
0.1764284 0.8103365 0.2755443 1

0.8466681 0.2515417 0.4689136 0
0.5239385 -0.5480236 -0.6520418 0
0.09296007 0.7977449 -0.5957866 0
-0.1544935 0.6776512 0.2138091 1

0.1850539 -0.1046882 -0.9771364 0
-0.8672414 -0.4850645 -0.1122729 0
-0.4622205 0.8681896 -0.1805529 0
0.1682253 0.7201272 0.255773 1

0.5409353 -0.5645194 -0.6234635 0
-0.8172343 -0.5279924 -0.2309821 0
-0.1987902 0.6344621 -0.7469541 0
0.1469411 0.7418091 0.3066979 1

0.7216451 -0.1100797 0.6834552 0
0.6910678 0.1725509 -0.7018914 0
-0.04066687 0.9788303 0.2005929 0
-0.1496967 0.6491653 0.1644433 1

0.7630692 0.3052526 0.5696896 0
0.5984372 -0.0007575005 -0.8011693 0
-0.2441274 0.9522711 -0.1832526 0
-0.1316458 0.6532878 0.1847519 1

0.6277235 -0.258177 0.734376 0
0.7778966 0.1729184 -0.6041327 0
0.02898606 0.9504967 0.3093798 0
-0.1687852 0.6500576 0.146274 1

0.5221386 -0.03240423 0.8522447 0
0.8526206 0.04354197 -0.5207133 0
-0.02023503 0.9985259 0.05036349 0
-0.1819017 0.6637822 0.1430154 1

0.8469489 0.5296119 -0.04678642 0
0.398948 -0.6912214 -0.6025392 0
-0.3514515 0.4916545 -0.7967167 0
-0.1488779 0.7434045 0.1867894 1

0.7371584 -0.6715628 -0.07484172 0
-0.6720923 -0.7172273 -0.1840576 0
0.0699276 0.1859802 -0.980062 0
0.1406565 0.7998044 0.2628981 1

0.4085284 -0.2401064 -0.8805984 0
-0.8775156 0.1621381 -0.4513071 0
0.2511402 0.9571105 -0.1444589 0
0.1185552 0.7078272 0.2734853 1

0.4240288 -0.6153156 -0.6645194 0
-0.8562956 -0.03347924 -0.5154004 0
0.2948863 0.7875698 -0.541088 0
0.1110451 0.7183186 0.2962982 1

0.3167791 -0.09666026 -0.9435614 0
-0.915866 0.227526 -0.3307892 0
0.246659 0.9689629 -0.01645227 0
0.128281 0.6977856 0.2506016 1

0.1465167 -0.2582086 -0.9549142 0
-0.9712004 0.1458067 -0.1884416 0
0.1878901 0.9550229 -0.2294092 0
0.1398581 0.7052968 0.2388935 1

0.7517365 -0.09386875 0.6527487 0
0.6021885 0.5011859 -0.6214356 0
-0.2688151 0.8602334 0.4332863 0
-0.1195964 0.6566443 0.1340502 1

0.6416752 0.2253012 0.7331388 0
0.6789976 0.2776487 -0.6796129 0
-0.3566725 0.9338901 0.02518118 0
-0.1072519 0.6533039 0.1523383 1

0.6432671 0.02697353 0.7651665 0
0.5488412 0.6805619 -0.4853957 0
-0.5338361 0.7321937 0.4229789 0
-0.149501 0.6654627 0.1227163 1

0.682872 -0.229798 0.6934543 0
0.6709921 0.5726656 -0.4709818 0
-0.2888869 0.7869223 0.5452499 0
-0.136454 0.6572446 0.1211643 1

0.8846562 0.3275649 -0.3317903 0
0.220073 -0.920729 -0.3222204 0
-0.4110369 0.2120361 -0.8866169 0
-0.1302465 0.7097814 0.1578218 1

0.4495247 -0.2575783 -0.855325 0
-0.7174712 0.4662955 -0.5174975 0
0.5321302 0.846299 0.02480623 0
0.07969101 0.7150372 0.2536899 1

0.2435531 -0.5577313 -0.7934845 0
-0.8389765 0.2893245 -0.4608795 0
0.4866214 0.7779635 -0.3974575 0
0.07613377 0.7171588 0.2755841 1

0.3779102 -0.127508 -0.9170199 0
-0.7033738 0.6045231 -0.3739218 0
0.6020378 0.7863167 0.1387696 0
0.09025498 0.7072322 0.2368622 1

0.3141743 -0.3455824 -0.8842327 0
-0.5781534 0.6691148 -0.4669306 0
0.7530162 0.6579196 0.01041899 0
0.1042514 0.7104975 0.2313809 1

0.8527598 -0.512871 0.09881478 0
-0.5206445 -0.8497666 0.0826221 0
0.04159494 -0.1219041 -0.99167 0
0.1078374 0.766607 0.2542568 1

0.9995677 0.02860592 -0.006790638 0
-0.02856888 0.9995767 0.005490572 0
0.006944827 -0.005294197 0.9999619 0
-0.001738431 0.8219735 -0.008689388 1

0.9996648 0.01772427 -0.01886855 0
-0.01308244 0.9748238 0.2225923 0
0.0223388 -0.2222708 0.974729 0
-0.004936367 0.9316731 -0.0173033 1

-0.9014513 0.3231829 -0.2879909 0
-0.4283284 -0.7621661 0.4854254 0
-0.06261565 0.560942 0.8254837 0
-0.092802 0.7583237 -0.007409613 1

-0.8914368 -0.2006184 0.4063165 0
0.3960876 -0.7805392 0.4836046 0
0.2201259 0.5920398 0.7752635 0
0.09285132 0.763616 -0.004884995 1

0.9997433 -0.0003952552 -0.02265347 0
0.01268556 0.8382005 0.5452145 0
0.01877265 -0.5453621 0.8379903 0
-0.006616556 1.056871 0.01128442 1

-0.9592271 0.1272375 -0.2523773 0
-0.04010502 -0.945177 -0.3240868 0
-0.2797772 -0.3007514 0.911742 0
-0.2696157 0.443702 0.1929737 1

-0.9387903 -0.1821904 0.2923695 0
0.0791496 -0.9400728 -0.3316602 0
0.3352739 -0.2882185 0.8969513 0
0.2564382 0.4412479 0.1948471 1

0.9993535 -0.01500112 -0.03267073 0
0.03387013 0.697513 0.7157711 0
0.0120509 -0.716415 0.6975701 0
-0.004754588 1.1799 0.09131017 1

-0.9996329 -0.02618096 -0.007002879 0
0.008925394 -0.5620161 0.8270785 0
-0.02558935 0.8267123 0.562043 0
-0.2835805 0.1145853 0.0801246 1

-0.9913529 0.02109914 0.129517 0
0.0919874 -0.5921533 0.8005581 0
0.09358492 0.8055493 0.5850918 0
0.2839333 0.1146842 0.07963452 1

0.2150471 0.8733774 -0.4369972 0
0.9415198 -0.3042675 -0.1447818 0
-0.2594132 -0.3803067 -0.8877341 0
0.06910653 1.278262 0.1883167 1

0.2806742 -0.8827071 0.3768957 0
-0.9481529 -0.3159928 -0.03398022 0
0.149091 -0.3478173 -0.9256322 0
-0.06914403 1.280578 0.1926383 1

-0.9713944 -3.399514E-05 0.2374727 0
0.2372876 0.03934402 0.9706426 0
-0.009376023 0.999226 -0.03821071 0
-0.2818291 0.004298329 0.2424261 1

-0.9914762 0.11298 -0.06489072 0
-0.04927529 0.1358991 0.9894966 0
0.1206118 0.9842598 -0.1291738 0
0.301107 0.004131734 0.2290952 1

0.9986877 -0.007777849 -0.05061841 0
0.04525624 0.5966671 0.8012118 0
0.02397063 -0.8024514 0.596236 0
0.0008382327 1.295078 0.2095022 1

0.350587 0.5289835 -0.7728294 0
0.5422649 -0.7874621 -0.2930058 0
-0.7635691 -0.3163541 -0.5629229 0
0.205926 1.234047 0.1672774 1

0.5911685 -0.4321803 0.6809847 0
-0.5291787 -0.8450187 -0.07689834 0
0.6086787 -0.3149028 -0.7282491 0
-0.2069274 1.234659 0.1877004 1

0.9998299 -0.01745097 0.005969099 0
0.01212367 0.8657486 0.5003325 0
-0.01389902 -0.5001752 0.8658128 0
0.004584891 1.318761 0.2797836 1

0.4651911 -0.5456826 -0.6970134 0
-0.3196812 -0.8378204 0.4425615 0
-0.8254704 0.01694642 -0.564191 0
0.3199637 1.068444 0.1056586 1

0.8282797 0.3484623 0.4387787 0
0.3347239 -0.9357247 0.1112626 0
0.449347 0.05471308 -0.8916803 0
-0.3181961 1.056979 0.1715312 1

0.7093595 0.1150161 0.6953993 0
0.3714903 -0.8994504 -0.2301827 0
0.5990025 0.4216165 -0.680761 0
-0.2149706 0.7684114 0.2058435 1

0.3017574 -0.4361073 -0.8477929 0
-0.5227352 -0.8193457 0.2354154 0
-0.797302 0.3721327 -0.4752123 0
0.2213757 0.8100647 0.2421423 1

0.4840806 -0.01638204 0.8748701 0
0.771925 -0.4628414 -0.4357861 0
0.4120651 0.8862897 -0.2114068 0
-0.2134189 0.6822815 0.1643905 1

0.6775396 0.6897218 0.2553904 0
0.5976535 -0.3139267 -0.7377401 0
-0.4286615 0.652483 -0.6249122 0
-0.1692228 0.7521371 0.2171844 1

0.5665379 -0.2272264 0.7920876 0
0.5999386 -0.5452096 -0.5855085 0
0.5648968 0.8069168 -0.17256 0
-0.1911226 0.6717352 0.1739282 1

0.6731398 -0.08047478 0.7351234 0
0.5801417 -0.5589943 -0.5924194 0
0.4586047 0.825257 -0.3295946 0
-0.1710775 0.6718676 0.1926036 1

0.2906547 -0.2524576 -0.9229222 0
-0.835614 -0.5368634 -0.1163044 0
-0.4661214 0.8050109 -0.3669989 0
0.1657004 0.7270746 0.2787144 1

0.04497208 -0.2374887 -0.9703487 0
-0.9436463 -0.3289075 0.03676431 0
-0.3278861 0.9140125 -0.238897 0
0.1917032 0.7170824 0.2351577 1

0.4356754 -0.8602434 -0.2648929 0
-0.8806215 -0.3464711 -0.3232082 0
0.18626 0.3740844 -0.9084979 0
0.1846655 0.8074929 0.2748285 1

0.8598161 0.2599007 0.4395088 0
0.5058858 -0.5503547 -0.664221 0
0.06925437 0.793449 -0.6046837 0
-0.1481758 0.6753223 0.2152318 1

0.1735972 -0.0980069 -0.9799279 0
-0.8641549 -0.4923955 -0.1038409 0
-0.4723349 0.8648359 -0.1701715 0
0.1778458 0.7172078 0.2548775 1

0.5375538 -0.5528724 -0.6366854 0
-0.812356 -0.5419909 -0.2152294 0
-0.2260834 0.6329124 -0.7404782 0
0.1571858 0.7382846 0.306311 1

0.7473227 -0.1030972 0.6564143 0
0.663116 0.1785546 -0.7269082 0
-0.04226357 0.9785137 0.2018033 0
-0.1450125 0.6466838 0.1658148 1

0.7791858 0.3139589 0.5424938 0
0.5724386 -0.003900398 -0.8199382 0
-0.2553109 0.9494286 -0.1827613 0
-0.1261327 0.6508522 0.1856475 1

0.6593871 -0.2520711 0.7082858 0
0.7512159 0.1836679 -0.6339881 0
0.02972069 0.9501191 0.310468 0
-0.164691 0.647715 0.1481327 1

0.5639043 -0.03692543 0.8250142 0
0.8251151 0.0670417 -0.5609729 0
-0.03459619 0.9970667 0.06827287 0
-0.1782868 0.661304 0.1449237 1

0.839093 0.5391452 -0.07242758 0
0.389372 -0.68823 -0.6121513 0
-0.379885 0.4854505 -0.7874167 0
-0.1439904 0.7410825 0.1883338 1

0.7488078 -0.6563323 -0.09227869 0
-0.6611806 -0.730027 -0.1729192 0
0.04612658 0.1904962 -0.9806037 0
0.1488596 0.7962891 0.2628744 1

0.4032606 -0.2255339 -0.886857 0
-0.8884442 0.1356549 -0.43848 0
0.2191986 0.9647447 -0.14567 0
0.1291014 0.7034382 0.2733519 1

0.4206232 -0.6056877 -0.6754395 0
-0.8663853 -0.04728303 -0.4971326 0
0.2691703 0.7942963 -0.5446473 0
0.121504 0.71418 0.2966024 1

0.3017185 -0.1009402 -0.9480386 0
-0.9220208 0.2221122 -0.3170871 0
0.2425776 0.9697821 -0.02605369 0
0.1380436 0.6945285 0.2500945 1

0.1540112 -0.22481 -0.9621545 0
-0.9713016 0.1441865 -0.1891649 0
0.1812557 0.9636757 -0.1961519 0
0.1491903 0.7023068 0.2369752 1

0.7761248 -0.08661357 0.6246025 0
0.5741766 0.5065418 -0.6432236 0
-0.2606755 0.8578542 0.4428712 0
-0.1161227 0.6544245 0.134332 1

0.6725999 0.2200174 0.7065422 0
0.6488326 0.2837841 -0.7060332 0
-0.3558449 0.9333054 0.04811865 0
-0.1027909 0.6507422 0.1524682 1

0.679601 0.0260141 0.7331207 0
0.5126067 0.6980542 -0.4999549 0
-0.5247638 0.7155724 0.4610634 0
-0.1469569 0.6638857 0.1230957 1

0.7125433 -0.2229185 0.6652738 0
0.6447766 0.5819345 -0.4955962 0
-0.2766683 0.7820868 0.5583863 0
-0.1334688 0.6553488 0.1217822 1

0.8720673 0.3333763 -0.3582725 0
0.2156529 -0.9189541 -0.3301778 0
-0.4393094 0.2106747 -0.873283 0
-0.1258146 0.707597 0.1589208 1

0.4451389 -0.2417752 -0.8622043 0
-0.7388607 0.4448103 -0.5061905 0
0.5059018 0.862374 0.01936434 0
0.08975506 0.7094748 0.2541248 1

0.2381279 -0.5515463 -0.7994323 0
-0.8463286 0.2859652 -0.4493908 0
0.4764695 0.7835947 -0.398693 0
0.08618405 0.7124566 0.2766337 1

0.3557211 -0.1270024 -0.925923 0
-0.7139551 0.6023958 -0.3569137 0
0.6031011 0.7880291 0.123611 0
0.0997619 0.7037504 0.236924 1

0.3219875 -0.3131478 -0.8934555 0
-0.5810465 0.6797128 -0.4476332 0
0.7474685 0.6632714 0.03690559 0
0.1135845 0.7074684 0.2294316 1

0.8647833 -0.4957893 0.07964302 0
-0.501582 -0.860391 0.09023925 0
0.02378447 -0.1179848 -0.9927306 0
0.1165438 0.7624654 0.2547834 1

0.9993899 0.03180947 -0.01441817 0
-0.031646 0.9994338 0.01142807 0
0.01477353 -0.01096482 0.9998307 0
-0.002535509 0.8219836 -0.009140138 1

0.9992663 0.02093224 -0.03207067 0
-0.01276228 0.9715539 0.2364744 0
0.03610832 -0.2358916 0.9711083 0
-0.006143149 0.9317198 -0.01710151 1

-0.9032972 0.3252576 -0.2797529 0
-0.4254124 -0.7634158 0.4860254 0
-0.05548425 0.5580357 0.8279599 0
-0.09338712 0.7580395 -0.007514519 1

-0.8893927 -0.1995592 0.4112868 0
0.3983059 -0.779815 0.4829503 0
0.2243505 0.5933504 0.7730473 0
0.09226283 0.7639052 -0.006406887 1

0.9993362 0.002554873 -0.03634036 0
0.01812459 0.8304499 0.5567984 0
0.0316014 -0.5570875 0.8298523 0
-0.00778222 1.056497 0.01326911 1

-0.9588724 0.1311063 -0.2517437 0
-0.04259327 -0.9433497 -0.3290552 0
-0.2806235 -0.3047993 0.910136 0
-0.2689971 0.4429019 0.1931165 1

-0.9389898 -0.1798997 0.2931457 0
0.07849043 -0.9418939 -0.3266115 0
0.3348695 -0.2836758 0.8985491 0
0.2567659 0.4418362 0.1930549 1

0.9987903 -0.01119585 -0.04788012 0
0.04248588 0.6867067 0.7256919 0
0.02475487 -0.7268484 0.6863517 0
-0.005121922 1.178389 0.09499511 1

-0.9996047 -0.02696453 -0.00795774 0
0.008595981 -0.5626258 0.826667 0
-0.02676787 0.826272 0.5626352 0
-0.2838283 0.1144215 0.07853734 1

-0.9913926 0.01995876 0.129394 0
0.09242861 -0.5932691 0.7996806 0
0.09272607 0.8047569 0.5863175 0
0.284032 0.1146399 0.07959618 1

0.2051072 0.8808718 -0.4266098 0
0.9416528 -0.2964534 -0.1593905 0
-0.2668724 -0.3690262 -0.8902802 0
0.06988689 1.275516 0.1923654 1

0.2872968 -0.888922 0.3567603 0
-0.9498082 -0.3125268 -0.01383314 0
0.1237938 -0.3348798 -0.9340934 0
-0.06828948 1.277308 0.1987947 1

-0.9716154 -0.0009777769 0.2365636 0
0.2363486 0.03880704 0.9708931 0
-0.01012959 0.9992464 -0.03747436 0
-0.2821415 0.00401485 0.2407581 1

-0.9915735 0.1121319 -0.06487522 0
-0.04955775 0.1343631 0.9896923 0
0.1196928 0.9845675 -0.1276738 0
0.301288 0.003879189 0.2288931 1

0.9976918 -0.005218931 -0.06770711 0
0.05790715 0.5861907 0.8081009 0
0.03547187 -0.8101563 0.5851398 0
0.001893578 1.291782 0.2148254 1

0.3273541 0.5434172 -0.7730054 0
0.5530341 -0.7735106 -0.3095722 0
-0.7661544 -0.3261585 -0.5537401 0
0.2067257 1.232436 0.1692031 1

0.6148174 -0.4348453 0.6579582 0
-0.5231378 -0.8491689 -0.07237986 0
0.5901918 -0.2997024 -0.7495679 0
-0.2063134 1.231892 0.1967845 1

0.9997882 -0.01678328 -0.01191238 0
0.02048849 0.8664827 0.4987862 0
0.001950614 -0.4989246 0.8666431 0
0.006797939 1.314549 0.2853382 1

0.482071 -0.5251917 -0.7012712 0
-0.3018128 -0.8509723 0.4298316 0
-0.8225064 0.004443461 -0.5687386 0
0.3230282 1.069767 0.1041005 1

0.8393552 0.3520482 0.4141797 0
0.3460176 -0.9336684 0.09238634 0
0.419231 0.06576867 -0.9054941 0
-0.3163118 1.05334 0.1815654 1

0.7353398 0.1210542 0.6667992 0
0.3711086 -0.89521 -0.2467339 0
0.567057 0.4288883 -0.7032077 0
-0.2096035 0.7654065 0.2100565 1

0.2875132 -0.4230792 -0.8592674 0
-0.4981184 -0.8323225 0.2431407 0
-0.8180552 0.3581108 -0.4500472 0
0.2299507 0.8073316 0.2366583 1

0.5277357 -0.02245952 0.8491116 0
0.7519938 -0.4524763 -0.4793437 0
0.3949687 0.8914938 -0.2218986 0
-0.2088341 0.6793687 0.1683909 1

0.6772516 0.6978436 0.2331197 0
0.5777058 -0.308166 -0.755837 0
-0.4556164 0.6465666 -0.611854 0
-0.1632771 0.7495808 0.2195291 1

0.602438 -0.2228848 0.7664141 0
0.5806555 -0.5364423 -0.6124284 0
0.547638 0.8139729 -0.1937542 0
-0.1860692 0.6690344 0.1770093 1

0.7021741 -0.07427709 0.7081203 0
0.5593436 -0.5578271 -0.6131588 0
0.4405524 0.8266268 -0.3501452 0
-0.1652973 0.6693391 0.1948706 1

0.2792047 -0.2367622 -0.9305851 0
-0.819575 -0.5637343 -0.1024712 0
-0.5003416 0.7912947 -0.3514415 0
0.1771235 0.7228729 0.2740829 1

0.04610002 -0.1998739 -0.9787367 0
-0.9403723 -0.3392282 0.02498301 0
-0.3370086 0.9192252 -0.2035944 0
0.2021188 0.7137766 0.2297469 1

0.446271 -0.8485256 -0.2843357 0
-0.8817786 -0.3627363 -0.3014784 0
0.1526732 0.385262 -0.9100902 0
0.1942255 0.8037137 0.2703221 1

0.8730718 0.2679316 0.4073797 0
0.4856322 -0.5526528 -0.6773008 0
0.04366925 0.789169 -0.6126218 0
-0.141547 0.6729884 0.2165748 1

0.1557576 -0.08699523 -0.9839572 0
-0.8602562 -0.5015234 -0.09183467 0
-0.4854885 0.8607592 -0.1529542 0
0.1888141 0.7134519 0.2498416 1

0.5301741 -0.5371042 -0.6560753 0
-0.8070037 -0.5570294 -0.1961201 0
-0.2601162 0.633433 -0.7287676 0
0.1691364 0.7336882 0.3019928 1

0.773817 -0.09659758 0.6260002 0
0.6319236 0.1853843 -0.7525324 0
-0.04335774 0.9779068 0.2044957 0
-0.1401731 0.6442072 0.1671503 1

0.7957616 0.3223353 0.5127019 0
0.5436132 -0.007050309 -0.8393063 0
-0.2669233 0.9465994 -0.1808362 0
-0.120406 0.6484134 0.1864246 1

0.6919052 -0.2463969 0.6786427 0
0.7212809 0.1942937 -0.6648336 0
0.0319569 0.949494 0.3121541 0
-0.1604871 0.6454002 0.1500278 1

0.6071609 -0.04179809 0.793479 0
0.7931598 0.09154101 -0.6020944 0
-0.0474693 0.9949238 0.08873262 0
-0.1745911 0.6588589 0.1469421 1

0.8301272 0.5486332 -0.09945025 0
0.3778092 -0.6846445 -0.6233153 0
-0.4100595 0.479858 -0.7756208 0
-0.1388398 0.7387727 0.1899107 1

0.7594386 -0.6395932 -0.119054 0
-0.650416 -0.7423311 -0.1609452 0
0.014562 0.1996627 -0.9797568 0
0.1583445 0.7918384 0.2592759 1

0.3916091 -0.2063225 -0.8967016 0
-0.9015599 0.1087726 -0.4187584 0
0.1839357 0.9724196 -0.1434158 0
0.1412254 0.6980612 0.2693254 1

0.4136029 -0.5919901 -0.6917231 0
-0.8791264 -0.06207962 -0.4725283 0
0.2367899 0.8035508 -0.5461105 0
0.1336884 0.7089248 0.2931214 1

0.2811079 -0.1008134 -0.9543663 0
-0.9303512 0.2153333 -0.2967807 0
0.2354261 0.971323 -0.03326007 0
0.1491915 0.6903522 0.2456116 1

0.1550211 -0.1864573 -0.9701558 0
-0.9728796 0.1418441 -0.1827177 0
0.1716798 0.9721698 -0.1594117 0
0.1597532 0.6985295 0.2310352 1

0.8011926 -0.079799 0.5930619 0
0.5432253 0.5126751 -0.6648839 0
-0.2509911 0.8548664 0.4541002 0
-0.1126345 0.6522452 0.134551 1

0.7045986 0.2141957 0.6765066 0
0.6154276 0.2901424 -0.7328482 0
-0.3532561 0.9327046 0.07261182 0
-0.09823108 0.6481768 0.1524551 1

0.7168181 0.02483934 0.6968175 0
0.4737061 0.7159705 -0.5128247 0
-0.5116389 0.6976886 0.501454 0
-0.144503 0.6623803 0.1235543 1

0.7428627 -0.2164724 0.6334781 0
0.6161469 0.5910922 -0.5205507 0
-0.2617592 0.7770135 0.5724791 0
-0.1305091 0.6534756 0.1223953 1

0.8576794 0.3393043 -0.3863401 0
0.2097854 -0.9168977 -0.3395418 0
-0.4694423 0.2101695 -0.8575854 0
-0.1212144 0.7054535 0.1599787 1

0.4345238 -0.2213206 -0.8730444 0
-0.7637497 0.4232186 -0.4874144 0
0.4773633 0.8785804 0.01486498 0
0.1013012 0.7029063 0.2509718 1

0.2286399 -0.5416822 -0.808891 0
-0.8575435 0.2812379 -0.4307258 0
0.4608071 0.79214 -0.4002138 0
0.0978534 0.7065961 0.2741571 1

0.328212 -0.1221169 -0.9366772 0
-0.7279758 0.5991904 -0.3332006 0
0.6019371 0.7912388 0.107763 0
0.1105639 0.6992925 0.2332842 1

0.3239275 -0.2757128 -0.9050161 0
-0.5881397 0.6906037 -0.4209018 0
0.7410551 0.6686172 0.06154773 0
0.1240899 0.7036287 0.2237237 1

0.876675 -0.4784105 0.05064328 0
-0.4810797 -0.8713868 0.09616446 0
-0.00187605 -0.1086683 -0.9940765 0
0.1265263 0.7574097 0.2517868 1

0.9989637 0.03579551 -0.02810948 0
-0.03527017 0.9991978 0.0189677 0
0.02876588 -0.01795661 0.9994249 0
-0.004091418 0.8221003 -0.0096675 1

0.9985595 0.02455917 -0.04770255 0
-0.01171069 0.9674153 0.2529235 0
0.05235977 -0.2520006 0.9663095 0
-0.008225583 0.9318751 -0.01679805 1

-0.9068459 0.3273555 -0.2654605 0
-0.4191994 -0.765765 0.4877255 0
-0.04362076 0.5535726 0.8316577 0
-0.09466856 0.7577935 -0.007231018 1

-0.8853076 -0.1973918 0.421031 0
0.4024923 -0.7787238 0.4812373 0
0.2328745 0.5955047 0.7688587 0
0.09095521 0.7643731 -0.008667496 1

0.9985965 0.006078096 -0.05261239 0
0.02502483 0.8213567 0.5698656 0
0.04667724 -0.5703824 0.820052 0
-0.009729596 1.056121 0.01568513 1

-0.958539 0.1365719 -0.2501028 0
-0.04641068 -0.9407722 -0.3358482 0
-0.2811573 -0.3103163 0.908105 0
-0.2677138 0.4416862 0.1941017 1

-0.9394129 -0.1752959 0.2945757 0
0.07650407 -0.9448938 -0.3183125 0
0.3341416 -0.2764906 0.9010563 0
0.2571873 0.4427548 0.1900868 1

0.9978063 -0.006554659 -0.06587662 0
0.05306006 0.6742533 0.7365916 0
0.03958942 -0.738471 0.6731221 0
-0.006056489 1.176678 0.09932912 1

-0.9995852 -0.02754358 -0.008446801 0
0.008556444 -0.5637947 0.8258709 0
-0.02750965 0.8254558 0.5637962 0
-0.2838743 0.1141034 0.07715724 1

-0.9913983 0.01980273 0.1293729 0
0.09246197 -0.5936272 0.7994108 0
0.0926298 0.8044965 0.58669 0
0.2837634 0.1145164 0.07951105 1

0.1930931 0.8888505 -0.4155236 0
0.9436195 -0.2842805 -0.1696084 0
-0.2688816 -0.359346 -0.8936294 0
0.07034208 1.272398 0.1970117 1

0.2939512 -0.8950081 0.3354893 0
-0.9508557 -0.3095479 0.007324344 0
0.09729461 -0.3211547 -0.9420158 0
-0.06770247 1.273551 0.2059351 1

-0.9717215 -0.001887731 0.2361237 0
0.2358885 0.03756733 0.9710538 0
-0.01070356 0.9992925 -0.03605975 0
-0.2821952 0.003467321 0.2392217 1

-0.9915824 0.1120651 -0.06485399 0
-0.04960096 0.1339035 0.9897524 0
0.1196008 0.9846377 -0.1272178 0
0.3010256 0.003688753 0.2287575 1

0.9962215 -0.001328245 -0.08683868 0
0.07186997 0.5739649 0.81572 0
0.04875888 -0.8188788 0.5718918 0
0.00270508 1.288015 0.2209591 1

0.2967369 0.5683783 -0.7673939 0
0.566576 -0.7516589 -0.3376398 0
-0.7687254 -0.3345966 -0.5450746 0
0.2074667 1.231086 0.1723646 1

0.6326045 -0.4453721 0.6336049 0
-0.5258284 -0.8476374 -0.07082126 0
0.5686091 -0.2883654 -0.7704085 0
-0.2058786 1.228568 0.2069994 1

0.9993867 -0.01467044 -0.03179537 0
0.02862329 0.8653038 0.5004297 0
0.02017114 -0.5010329 0.8651934 0
0.008900821 1.309718 0.2917054 1

0.5094224 -0.4918475 -0.7060984 0
-0.280055 -0.8706421 0.404415 0
-0.8136695 -0.00827162 -0.581269 0
0.3266171 1.073013 0.1013593 1

0.8485212 0.3559062 0.3915905 0
0.3578778 -0.9310831 0.07076604 0
0.3897893 0.08009508 -0.9174145 0
-0.3164428 1.050339 0.192108 1

0.7611284 0.1248179 0.636478 0
0.3674448 -0.8916256 -0.2645526 0
0.5344793 0.435229 -0.7245053 0
-0.2060769 0.763202 0.2139316 1

0.2660643 -0.4088037 -0.8729775 0
-0.4666511 -0.8470524 0.2544385 0
-0.843473 0.3396788 -0.4161391 0
0.2402495 0.8045118 0.2260789 1

0.5711939 -0.03023137 0.8202584 0
0.7276488 -0.4437746 -0.52306 0
0.3798226 0.8956286 -0.2314834 0
-0.2063654 0.677291 0.171999 1

0.6780503 0.7040473 0.2111053 0
0.555747 -0.3031078 -0.774126 0
-0.4810337 0.6422173 -0.5967945 0
-0.1592825 0.7477062 0.2214478 1

0.6374185 -0.2204206 0.7383174 0
0.5578732 -0.5289266 -0.6395423 0
0.5314838 0.8195434 -0.2141807 0
-0.1831887 0.6671078 0.1796446 1

0.7305968 -0.07024922 0.6791859 0
0.5355814 -0.5580318 -0.6338401 0
0.4235342 0.8268408 -0.3700721 0
-0.1617047 0.6675217 0.1966404 1

0.2591377 -0.2194027 -0.9405904 0
-0.8003547 -0.5938965 -0.08196962 0
-0.5406292 0.7740474 -0.329501 0
0.1910963 0.7184016 0.2647256 1

0.03808873 -0.1611484 -0.9861951 0
-0.9354313 -0.352852 0.02152942 0
-0.3514504 0.9216977 -0.1641829 0
0.2146404 0.7103065 0.219412 1

0.4557256 -0.8343388 -0.3101504 0
-0.8835772 -0.3818563 -0.2710665 0
0.1077284 0.3975733 -0.9112247 0
0.2059197 0.7996936 0.2610201 1

0.8861079 0.2735814 0.3741205 0
0.4630831 -0.5559607 -0.6902622 0
0.01915339 0.7848954 -0.6193323 0
-0.1371127 0.6712921 0.2173642 1

0.1293845 -0.07484249 -0.9887663 0
-0.8536327 -0.5157825 -0.07266084 0
-0.5045503 0.8534439 -0.1306222 0
0.2021122 0.7094774 0.2399857 1

0.5179731 -0.5177063 -0.6809438 0
-0.7993539 -0.5763524 -0.1698564 0
-0.3045278 0.6322961 -0.7123657 0
0.1838813 0.7287902 0.2930056 1

0.7994664 -0.09241209 0.5935603 0
0.5992514 0.191531 -0.7773121 0
-0.04185199 0.9771264 0.2085006 0
-0.1376548 0.6423801 0.1679915 1

0.8124124 0.3284949 0.4817441 0
0.5134082 -0.01135291 -0.8580696 0
-0.2764021 0.9444374 -0.1778753 0
-0.1169751 0.6465682 0.1866539 1

0.7231485 -0.2428025 0.6466092 0
0.6896825 0.2032253 -0.6950091 0
0.03734269 0.9485497 0.3144187 0
-0.1586103 0.6438048 0.1514684 1

0.6498301 -0.04844038 0.7585346 0
0.7579971 0.1151234 -0.6420178 0
-0.05622544 0.9921696 0.1115283 0
-0.1732117 0.657173 0.1485601 1

0.8214451 0.5561405 -0.1262359 0
0.3636779 -0.6813529 -0.6352136 0
-0.4392793 0.4758839 -0.7619505 0
-0.1357183 0.7371128 0.1910545 1

0.7687964 -0.6202317 -0.1557716 0
-0.6388741 -0.7556374 -0.1444024 0
-0.02814388 0.210534 -0.9771814 0
0.1699417 0.7870277 0.2512404 1

0.371318 -0.184932 -0.9099032 0
-0.9175051 0.07732338 -0.3901358 0
0.1425051 0.9797047 -0.1409644 0
0.1560362 0.6922709 0.2608654 1

0.4027423 -0.5750919 -0.7120874 0
-0.894704 -0.08318482 -0.4388454 0
0.1931415 0.8138489 -0.5480391 0
0.148767 0.7031804 0.2852852 1

0.2532485 -0.0987739 -0.9623458 0
-0.9416962 0.2026237 -0.2686115 0
0.2215257 0.9742624 -0.04170058 0
0.1627946 0.6857209 0.2366387 1

0.1469082 -0.1465766 -0.97823 0
-0.9766211 0.1354136 -0.1669567 0
0.1569372 0.9798869 -0.1232562 0
0.1724987 0.6944394 0.2205459 1

0.8253751 -0.07532214 0.5595379 0
0.5117884 0.5182782 -0.6851718 0
-0.2383876 0.8518886 0.4663229 0
-0.1115318 0.6506855 0.1343119 1

0.7365755 0.2061699 0.6441666 0
0.5807617 0.2953545 -0.7586054 0
-0.346659 0.9328771 0.09781511 0
-0.09602302 0.6461581 0.1519184 1

0.7531899 0.02176214 0.6574432 0
0.4350903 0.7331156 -0.5227219 0
-0.4933572 0.6797557 0.5427068 0
-0.1444879 0.6615998 0.1236598 1

0.771846 -0.2122197 0.5993471 0
0.5873986 0.5987934 -0.5444351 0
-0.2433451 0.7722755 0.5868337 0
-0.1299456 0.6522515 0.1225818 1

0.8428838 0.3433689 -0.4143002 0
0.2008303 -0.9150455 -0.3497984 0
-0.4992135 0.2116353 -0.8402361 0
-0.1187672 0.7039469 0.1605677 1

0.4154871 -0.198457 -0.8876857 0
-0.7938322 0.3973319 -0.4603887 0
0.4440731 0.8959588 0.007544915 0
0.1154108 0.6957217 0.2437793 1

0.2149777 -0.5303814 -0.8200492 0
-0.8744124 0.2694378 -0.4034929 0
0.4349571 0.8038026 -0.4058489 0
0.1123028 0.6999892 0.2676954 1

0.2941058 -0.1152866 -0.9487946 0
-0.7478786 0.5903634 -0.3035602 0
0.5951296 0.7988617 0.08740923 0
0.1236957 0.6941336 0.2254809 1

0.3176913 -0.2359557 -0.918367 0
-0.6018618 0.6982329 -0.3875993 0
0.7326902 0.6758667 0.07980994 0
0.136693 0.6993267 0.2138088 1

0.8882002 -0.4593488 0.009961322 0
-0.4578239 -0.8830096 0.1033993 0
-0.03870028 -0.09639989 -0.9945904 0
0.1386595 0.7519433 0.2445824 1

0.9979121 0.04074095 -0.05011588 0
-0.03932763 0.9988092 0.02887134 0
0.05123244 -0.02684012 0.998326 0
-0.00596098 0.8225812 -0.01005797 1

0.9973843 0.02884956 -0.0662742 0
-0.009716887 0.962087 0.2725695 0
0.07162505 -0.2712125 0.9598508 0
-0.0107473 0.9323952 -0.01609199 1

-0.9126351 0.3289241 -0.2427057 0
-0.4079984 -0.7695495 0.4912543 0
-0.02518869 0.5473595 0.8365185 0
-0.09617079 0.7578303 -0.006183458 1

-0.8782191 -0.1937399 0.4372598 0
0.4094269 -0.777099 0.4780029 0
0.2471859 0.5988172 0.7617854 0
0.08934274 0.7652946 -0.01171084 1

0.9973416 0.01052536 -0.07210424 0
0.03372386 0.8104925 0.5847775 0
0.06459493 -0.5856544 0.8079829 0
-0.01199525 1.055957 0.01891435 1

-0.9582899 0.1438895 -0.246934 0
-0.05200522 -0.9373825 -0.3443973 0
-0.2810268 -0.3171906 0.905767 0
-0.2645923 0.4401608 0.196606 1

-0.9400805 -0.1677305 0.2968421 0
0.07298617 -0.9494425 -0.3053392 0
0.3330492 -0.265378 0.9047943 0
0.2584389 0.4443473 0.1857076 1

0.9961932 -0.0007555485 -0.08716922 0
0.06601058 0.6596494 0.7486691 0
0.05693547 -0.7515731 0.6571881 0
-0.007045314 1.17492 0.1047471 1

-0.9995883 -0.02756713 -0.007955823 0
0.00903656 -0.5656453 0.8245993 0
-0.02723198 0.8241879 0.5656613 0
-0.2827007 0.1137581 0.07668468 1

-0.9913481 0.02122626 0.1295321 0
0.09189223 -0.5924348 0.8003605 0
0.09372795 0.8053387 0.5853584 0
0.2837929 0.1145288 0.07963856 1

0.1785049 0.8970003 -0.404384 0
0.9464377 -0.2689136 -0.1787207 0
-0.2690568 -0.3508218 -0.8969573 0
0.0710287 1.269012 0.2026847 1

0.3004692 -0.9009614 0.3130288 0
-0.9512651 -0.3069465 0.0296427 0
0.06937604 -0.3066798 -0.9492811 0
-0.06679777 1.269367 0.2145589 1

-0.9715905 -0.002458669 0.2366561 0
0.2364239 0.0353995 0.9710049 0
-0.01076486 0.9993702 -0.03381243 0
-0.2809275 0.002758861 0.2384997 1

-0.9914573 0.1131717 -0.06484507 0
-0.04924393 0.1355787 0.9895419 0
0.1207797 0.9842818 -0.1288476 0
0.3009488 0.003923833 0.2290623 1

0.9940752 0.004212745 -0.1086128 0
0.08769549 0.5592857 0.8243234 0
0.06421824 -0.8289643 0.5556027 0
0.003854714 1.283845 0.2283714 1

0.2578414 0.6045355 -0.753694 0
0.5797113 -0.7208542 -0.3798736 0
-0.7729506 -0.3389776 -0.5363222 0
0.2085629 1.229934 0.1767135 1

0.6442901 -0.4636637 0.6081991 0
-0.5374083 -0.8403019 -0.0713101 0
0.5441347 -0.2809067 -0.7905751 0
-0.2050334 1.224763 0.2188665 1

0.9984607 -0.01095185 -0.05437308 0
0.03708109 0.8608321 0.5075362 0
0.04124764 -0.5087711 0.8599131 0
0.01152332 1.304279 0.2993507 1

0.5210789 -0.4476636 -0.7266872 0
-0.24226 -0.8939694 0.377 0
-0.8184052 -0.02039948 -0.5742794 0
0.3304755 1.07834 0.09682646 1

0.8524133 0.3684247 0.3710187 0
0.3794402 -0.9240792 0.04585697 0
0.3597455 0.1016905 -0.9274925 0
-0.3180324 1.048075 0.2038723 1

0.7846552 0.1369069 0.6046265 0
0.3714337 -0.8846911 -0.2817063 0
0.4963401 0.445621 -0.7450293 0
-0.2010169 0.7630986 0.2180142 1

0.2450731 -0.3936556 -0.885988 0
-0.4260373 -0.8646203 0.2663156 0
-0.8708797 0.3121972 -0.379607 0
0.2557638 0.802644 0.2130914 1

0.614081 -0.0309561 0.7886357 0
0.7045195 -0.4288986 -0.5654185 0
0.3557479 0.9028221 -0.2415694 0
-0.2015681 0.6772656 0.1759248 1

0.6711566 0.7169659 0.1884376 0
0.5358189 -0.2935106 -0.7916754 0
-0.5122958 0.6323065 -0.5811555 0
-0.1536907 0.7484025 0.223544 1

0.6735422 -0.2105047 0.7085401 0
0.5383741 -0.5170932 -0.6654081 0
0.5064527 0.8296399 -0.2349538 0
-0.1779218 0.6674722 0.1825772 1

0.758703 -0.05807146 0.6488433 0
0.5160626 -0.5542642 -0.6530472 0
0.3975542 0.8303124 -0.3905535 0
-0.1557605 0.6682295 0.1986674 1

0.2377278 -0.2008472 -0.9503399 0
-0.7738711 -0.6304622 -0.06034058 0
-0.5870342 0.7497852 -0.305308 0
0.2112538 0.7146071 0.2530033 1

0.02794948 -0.1227688 -0.9920418 0
-0.9273053 -0.3737643 0.02012915 0
-0.373261 0.919363 -0.1242905 0
0.2332333 0.7076344 0.2067274 1

0.4683582 -0.8160526 -0.3386724 0
-0.8817638 -0.4074299 -0.2376838 0
0.05597737 0.4099501 -0.9103885 0
0.2230519 0.7963946 0.2493338 1

0.8952067 0.2884077 0.3397442 0
0.4454455 -0.5559182 -0.7018071 0
-0.01353662 0.7795998 -0.6261318 0
-0.1303972 0.6723902 0.2183614 1

0.1020886 -0.06237529 -0.9928179 0
-0.8403815 -0.5394445 -0.05252252 0
-0.5322943 0.8397077 -0.10749 0
0.2215762 0.7062335 0.2277765 1

0.5072834 -0.4929609 -0.7068616 0
-0.7844641 -0.6037101 -0.1419514 0
-0.3567629 0.6265171 -0.6929622 0
0.204817 0.7245566 0.2816269 1

0.8248529 -0.07954635 0.5597233 0
0.5631607 0.2026073 -0.8011244 0
-0.04967726 0.9760239 0.2119185 0
-0.1325938 0.6432561 0.1691565 1

0.8246869 0.3432987 0.4494861 0
0.4824446 -0.01219683 -0.8758417 0
-0.295193 0.9391472 -0.1756812 0
-0.1110442 0.6476623 0.1871541 1

0.7554984 -0.231094 0.6130399 0
0.6542644 0.2174781 -0.7243213 0
0.03406368 0.9483137 0.3155009 0
-0.1542025 0.6446905 0.1532615 1

0.6917127 -0.04725723 0.720625 0
0.7185025 0.1455085 -0.6801333 0
-0.07271583 0.9882278 0.1346046 0
-0.1694488 0.6578215 0.1505565 1

