MeshAnim
1
77
65
30
0.9498129 0.01672173 -0.3123714 0
0.06102966 0.9694765 0.2374675 0
0.3068076 -0.2446136 0.9198006 0
-0.1290834 0.8931855 -0.0314242 1

0.9589475 0.05503961 -0.2781914 0
0.03186286 0.953861 0.2985533 0
0.2817882 -0.2951609 0.9129488 0
-0.1228691 0.9919018 -0.007244218 1

-0.8241634 -0.3340462 0.4573489 0
0.5203753 -0.7653626 0.3787212 0
0.2235273 0.5501211 0.8046131 0
-0.05989712 0.8326064 -0.08705312 1

-0.9729497 0.2288238 -0.03176272 0
-0.1830972 -0.6799657 0.7100156 0
0.1408708 0.6966251 0.7034693 0
-0.2158144 0.829861 -0.0357756 1

0.9659165 0.06976949 -0.2492742 0
0.05294322 0.8893858 0.4540813 0
0.2533819 -0.451802 0.8553786 0
-0.1196819 1.087313 0.0226191 1

-0.8393375 -0.3497292 0.4161755 0
0.103545 -0.8544143 -0.5091707 0
0.5336581 -0.3842731 0.7533545 0
0.171001 0.4930038 0.08099101 1

-0.9710214 0.2196845 0.09410988 0
-0.2364121 -0.9406487 -0.2434945 0
0.0350323 -0.258687 0.9653257 0
-0.2970572 0.5281508 0.2792682 1

0.973776 0.07645606 -0.2142773 0
0.0740497 0.7840452 0.6162708 0
0.2151207 -0.6159769 0.757823 0
-0.1147465 1.170223 0.06494898 1

-0.8584161 0.04650049 0.5108421 0
0.3915816 -0.5838791 0.7111602 0
0.3313393 0.8105078 0.4830025 0
0.2171074 0.1125519 -0.1457316 1

-0.9922866 -0.1134778 0.04990396 0
0.1102477 -0.6237411 0.7738167 0
-0.05668393 0.7733496 0.6314405 0
-0.4023264 0.1093002 0.1708453 1

0.9739125 0.1635748 -0.1572824 0
-0.03562675 0.7947288 0.6059182 0
0.2241098 -0.5845078 0.7798239 0
-0.1022578 1.302455 0.1688851 1

-0.3088508 0.7359176 -0.6025251 0
0.9223534 0.07714696 -0.3785664 0
-0.2321107 -0.6726617 -0.702603 0
-0.06368997 1.266466 0.1180404 1

-0.03769536 -0.7472942 0.6634235 0
-0.9898386 -0.06316757 -0.1273954 0
0.1371086 -0.6614843 -0.7373195 0
-0.1526973 1.259476 0.1376251 1

-0.8584161 0.0465006 0.510842 0
0.5128705 0.05983086 0.8563786 0
0.009257939 0.9971249 -0.07520857 0
0.2712117 0.03187805 -0.04747148 1

-0.9922866 -0.1134778 0.04990414 0
0.04936609 0.007547953 0.9987521 0
-0.113713 0.9935121 -0.001887657 0
-0.3870936 0.02311873 0.2777625 1

0.9299183 0.1028405 -0.3530948 0
-0.1680487 0.9728329 -0.1592348 0
0.3271264 0.2074126 0.9219373 0
-0.09921896 1.360091 0.2476446 1

0.2986093 0.4213748 -0.8563151 0
0.1761199 -0.9061717 -0.3844927 0
-0.9379843 -0.03600098 -0.3448038 0
0.03627633 1.274827 0.07701075 1

0.5195388 -0.3696509 0.7703493 0
-0.5124511 -0.8562337 -0.06525524 0
0.6837205 -0.3608634 -0.6342746 0
-0.2599731 1.25263 0.1238183 1

-0.8579699 0.06963587 0.5089584 0
0.5128705 0.05983086 0.8563786 0
0.02918318 0.9957768 -0.08704735 0
0.3187964 0.03742939 0.03198434 1

-0.9893079 -0.1370285 0.04993489 0
0.04936609 0.007547953 0.9987521 0
-0.1372345 0.9905384 -0.0007026494 0
-0.3825134 0.02381915 0.3704281 1

0.2922997 -0.9344587 -0.2033421 0
-0.4888802 -0.3287537 0.8080329 0
-0.8219228 -0.1367778 -0.552933 0
0.08531073 1.022535 -0.03003785 1

0.5848444 0.8051943 -0.09808168 0
0.6537414 -0.3963142 0.6446375 0
0.4801871 -0.4411323 -0.7581708 0
-0.4026473 1.014242 0.1056503 1

0.9299183 0.1028405 -0.3530948 0
-0.1680487 0.9728329 -0.1592348 0
0.3271264 0.2074126 0.9219373 0
-0.1013319 1.58502 0.3075916 1

0.3192875 -0.9356182 -0.1505801 0
-0.4041692 -0.2781648 0.8713619 0
-0.8571481 -0.2173552 -0.4669624 0
-0.05318346 0.9294034 0.1988685 1

0.7783077 0.4034998 -0.4810672 0
0.536582 -0.02955936 0.8433305 0
0.3260633 -0.9145025 -0.2395169 0
-0.2174499 0.9019703 0.2882685 1

-0.06492452 -0.9861456 0.1526504 0
-0.7842302 0.1450167 0.6032853 0
-0.617064 -0.08054489 -0.7827801 0
-0.08519965 0.9442179 0.2170343 1

0.338547 -0.9236522 -0.1795905 0
-0.6297759 -0.364232 0.6860883 0
-0.6991197 -0.1191714 -0.7050034 0
-0.1016505 0.9240852 0.2792192 1

0.3385471 -0.9236521 -0.1795908 0
-0.6297753 -0.3642322 0.6860889 0
-0.6991202 -0.1191716 -0.7050029 0
-0.09171116 0.902887 0.2819309 1

0.3385468 -0.9236522 -0.1795901 0
-0.6297758 -0.3642316 0.6860887 0
-0.6991199 -0.1191717 -0.7050033 0
-0.0843914 0.8865362 0.2751841 1

0.3385472 -0.9236519 -0.1795912 0
-0.6297758 -0.3642327 0.6860881 0
-0.6991197 -0.1191711 -0.7050035 0
-0.07784571 0.8702669 0.2612413 1

0.4558336 0.5681876 -0.6851126 0
0.8817533 -0.1833225 0.4346309 0
0.1213552 -0.8022195 -0.5845658 0
-0.1782056 0.8976479 0.2923901 1

0.7846161 0.4026286 -0.4714532 0
0.556255 -0.1213618 0.8221025 0
0.2737853 -0.9072828 -0.3191863 0
-0.1492932 0.9036588 0.3529779 1

0.7845982 0.4026327 -0.4714797 0
0.5562041 -0.1210968 0.822176 0
0.2739399 -0.9073163 -0.3189581 0
-0.1662952 0.8991528 0.3686665 1

0.7846165 0.4026286 -0.471453 0
0.5562545 -0.1213619 0.8221028 0
0.2737853 -0.9072828 -0.3191863 0
-0.1829724 0.89136 0.3739191 1

0.8218946 0.3933263 -0.4120487 0
0.4969313 -0.1414482 0.8561846 0
0.278476 -0.9084533 -0.3117115 0
-0.2021429 0.8797718 0.3735356 1

0.152415 -0.9668086 -0.2050627 0
-0.6952885 -0.25235 0.6729733 0
-0.7023843 0.04000657 -0.7106729 0
-0.1180509 0.9502927 0.2423058 1

0.3623509 -0.9105638 -0.1989364 0
-0.7841477 -0.4132012 0.4630087 0
-0.5037997 -0.01177609 -0.8637402 0
-0.1249523 0.9106086 0.3046046 1

0.362351 -0.9105635 -0.1989366 0
-0.7841474 -0.4132014 0.4630095 0
-0.5038004 -0.0117762 -0.8637398 0
-0.1150128 0.8894105 0.3073161 1

0.362351 -0.9105636 -0.1989364 0
-0.7841476 -0.4132013 0.463009 0
-0.5038 -0.01177633 -0.86374 0
-0.1056733 0.8742279 0.2983689 1

0.362351 -0.9105635 -0.198937 0
-0.7841477 -0.4132015 0.4630085 0
-0.5037999 -0.01177564 -0.8637401 0
-0.1005176 0.8571544 0.2859405 1

0.5861444 0.5327842 -0.6103905 0
0.7985296 -0.2524405 0.5464657 0
0.1370607 -0.8077222 -0.5734102 0
-0.1412857 0.8899719 0.3105885 1

0.791122 0.4007039 -0.4621285 0
0.5707741 -0.2120405 0.7932567 0
0.219871 -0.8913337 -0.3964612 0
-0.1287118 0.8991683 0.3833958 1

0.7911229 0.4007041 -0.4621271 0
0.5707728 -0.2120413 0.7932574 0
0.2198711 -0.8913333 -0.3964616 0
-0.1457157 0.8946722 0.399087 1

0.7911227 0.4007039 -0.4621274 0
0.5707728 -0.2120402 0.7932575 0
0.2198716 -0.8913337 -0.3964607 0
-0.1654504 0.8875371 0.3998153 1

0.7911233 0.4007038 -0.4621267 0
0.5707724 -0.2120411 0.793258 0
0.2198713 -0.8913338 -0.3964612 0
-0.1842534 0.8746797 0.4043581 1

0.1749018 -0.9310561 -0.3202249 0
-0.6172692 -0.3570746 0.7010539 0
-0.7670648 0.07504939 -0.6371651 0
-0.1418039 0.9416717 0.2652964 1

0.3759537 -0.9035328 -0.2056396 0
-0.8395519 -0.4260525 0.3370932 0
-0.3921881 0.04591357 -0.9187385 0
-0.1473005 0.8988324 0.3178003 1

0.3759536 -0.9035326 -0.2056398 0
-0.8395517 -0.4260527 0.337094 0
-0.3921888 0.04591352 -0.9187384 0
-0.1381452 0.877221 0.3209749 1

0.3759531 -0.9035332 -0.2056391 0
-0.8395521 -0.4260519 0.3370938 0
-0.3921884 0.04591318 -0.9187385 0
-0.1283326 0.8622877 0.3117484 1

0.3759531 -0.903533 -0.2056398 0
-0.8395522 -0.4260521 0.3370934 0
-0.3921883 0.04591394 -0.9187386 0
-0.1169848 0.8484772 0.2956637 1

0.6016153 0.5269843 -0.6002893 0
0.7793534 -0.2224921 0.5857525 0
0.1751225 -0.820235 -0.5445614 0
-0.1139889 0.8813425 0.3292689 1

0.7944303 0.3993519 -0.4576012 0
0.5760568 -0.2566954 0.7760584 0
0.192456 -0.8801283 -0.4339758 0
-0.1124447 0.8931252 0.4060036 1

0.7944315 0.3993517 -0.4575994 0
0.5760548 -0.2566952 0.7760598 0
0.192457 -0.8801286 -0.4339752 0
-0.1288779 0.8884169 0.4224881 1

0.794431 0.3993518 -0.4576002 0
0.5760554 -0.2566947 0.7760596 0
0.192457 -0.8801287 -0.4339748 0
-0.1486126 0.8812819 0.4232165 1

0.7944314 0.3993516 -0.4575996 0
0.5760551 -0.2566956 0.7760594 0
0.1924567 -0.8801286 -0.4339755 0
-0.1722672 0.8702269 0.4210166 1

0.2870914 -0.9533828 -0.09295319 0
-0.6485437 -0.2648709 0.7136065 0
-0.7049607 -0.1445861 -0.6943524 0
-0.1576984 0.9324771 0.2833484 1

0.3753126 -0.9033645 -0.2075402 0
-0.8394866 -0.4262099 0.3370572 0
-0.3929413 0.04772541 -0.9183244 0
-0.1705745 0.8870214 0.3271451 1

0.3755039 -0.903304 -0.2074581 0
-0.8394265 -0.4263532 0.337025 0
-0.3928864 0.0475918 -0.9183547 0
-0.1628836 0.8646668 0.3309078 1

0.3744959 -0.9041995 -0.2053684 0
-0.8401518 -0.4246069 0.3374225 0
-0.3922983 0.04617727 -0.9186784 0
-0.1504869 0.851045 0.3206438 1

0.3746508 -0.9034195 -0.2084947 0
-0.8395831 -0.4259775 0.3371107 0
-0.3933664 0.04874984 -0.9180884 0
-0.1347478 0.8394629 0.3027959 1

0.5585892 0.3287454 -0.7615151 0
0.8291199 -0.1956111 0.5237335 0
0.02321395 -0.923939 -0.3818355 0
-0.093877 0.8756009 0.3443847 1

0.7942998 0.4000097 -0.4572531 0
0.576036 -0.2567059 0.7760702 0
0.1930558 -0.8798266 -0.4343213 0
-0.09645995 0.8860022 0.4275381 1

0.7940035 0.4011681 -0.4567531 0
0.5760993 -0.2566727 0.7760343 0
0.1940838 -0.8793087 -0.4349115 0
-0.1118678 0.8808371 0.4454041 1

0.7946022 0.3984912 -0.4580532 0
0.5760807 -0.2566814 0.776045 0
0.1916732 -0.8805224 -0.4335226 0
-0.1333797 0.8744942 0.4437378 1

0.7944691 0.4005785 -0.4564606 0
0.5755858 -0.2569323 0.7763295 0
0.1937011 -0.8795017 -0.4346918 0
-0.160023 0.8647707 0.437512 1

0.9517416 0.01859339 -0.3063368 0
0.05891719 0.9685277 0.2418324 0
0.3011922 -0.2482104 0.9206926 0
-0.126872 0.8976442 -0.03245929 1

0.9625055 0.05615354 -0.2653862 0
0.02711857 0.9535187 0.3001107 0
0.269903 -0.2960551 0.9162443 0
-0.1208728 0.9962639 -0.007834859 1

-0.8237954 -0.3313473 0.4599675 0
0.5176665 -0.7704023 0.3721579 0
0.2310465 0.5446917 0.8061814 0
-0.05729949 0.8373373 -0.08790196 1

-0.9720793 0.2305547 -0.04366177 0
-0.194351 -0.6867984 0.7003825 0
0.1314897 0.6893129 0.712431 0
-0.2135334 0.8342847 -0.03761506 1

0.9703094 0.07002944 -0.2315071 0
0.04401001 0.8900681 0.453698 0
0.2378293 -0.4504161 0.8605595 0
-0.1181602 1.091641 0.02218424 1

-0.8383176 -0.3440795 0.4228865 0
0.1007452 -0.8600908 -0.5000944 0
0.5357929 -0.3766341 0.7556935 0
0.1723967 0.4954986 0.07722995 1

-0.9722738 0.2171561 0.08675623 0
-0.23158 -0.9456504 -0.2282896 0
0.03246662 -0.242051 0.9697201 0
-0.2997696 0.5295427 0.2731544 1

0.9785013 0.07533316 -0.1919905 0
0.06001045 0.7866263 0.6145062 0
0.1973174 -0.6128165 0.7651939 0
-0.1140576 1.174614 0.06447838 1

-0.8536549 0.06211089 0.5171224 0
0.3901986 -0.581382 0.7139609 0
0.3449903 0.8112567 0.472064 0
0.2172563 0.112519 -0.1454512 1

-0.9921247 -0.1167907 0.04525903 0
0.1086769 -0.6230147 0.7746238 0
-0.06227177 0.7734421 0.6308009 0
-0.4028872 0.1084651 0.1715019 1

0.9768033 0.1643302 -0.1372988 0
-0.04969536 0.7976231 0.6011053 0
0.2082925 -0.5803385 0.7872874 0
-0.1039366 1.307281 0.1681168 1

-0.2888609 0.7353817 -0.6130037 0
0.9330153 0.07272696 -0.3524113 0
-0.2145747 -0.6737393 -0.7071304 0
-0.06421331 1.27107 0.1183313 1

-0.05089492 -0.7438424 0.6664143 0
-0.9877906 -0.06088457 -0.1433974 0
0.1472394 -0.665576 -0.7316619 0
-0.1536525 1.264182 0.1358789 1

-0.8536547 0.06211083 0.5171228 0
0.5204517 0.06341501 0.8515332 0
0.02009609 0.9960527 -0.08646023 0
0.2711696 0.03219014 -0.04680412 1

-0.9921247 -0.1167908 0.04525922 0
0.04467499 0.007617422 0.9989727 0
-0.1170155 0.9931273 -0.002339799 0
-0.3878715 0.02238393 0.2785307 1

0.9328628 0.1054787 -0.344443 0
-0.1715301 0.9708788 -0.1672471 0
0.3167714 0.2151009 0.9237897 0
-0.1026614 1.365307 0.2466388 1

0.3223456 0.4185759 -0.8490512 0
0.173451 -0.9078587 -0.3817165 0
-0.9305958 -0.02422397 -0.3652466 0
0.03690852 1.278952 0.08013639 1

0.5296891 -0.3718638 0.7623297 0
-0.5077972 -0.8589327 -0.06615426 0
0.6793905 -0.3520676 -0.6437988 0
-0.2607064 1.257584 0.1203379 1

-0.8529582 0.08521704 0.5149764 0
0.5204517 0.06341501 0.8515332 0
0.03990793 0.9943424 -0.0984416 0
0.3194577 0.03807396 0.03220217 1

-0.9890677 -0.1403314 0.04530203 0
0.04467499 0.007617422 0.9989727 0
-0.1405323 0.9900754 -0.001264904 0
-0.3837265 0.0230906 0.3712167 1

0.2937381 -0.9305141 -0.2187734 0
-0.5036841 -0.3451891 0.7919263 0
-0.8124167 -0.122426 -0.5700802 0
0.08519989 1.02619 -0.02613927 1

0.5837953 0.8067114 -0.09165106 0
0.6577505 -0.4037532 0.6358833 0
0.47597 -0.4315093 -0.7663239 0
-0.4020848 1.018444 0.1019195 1

0.9328628 0.1054787 -0.344443 0
-0.1715301 0.9708788 -0.1672471 0
0.3167714 0.2151009 0.9237897 0
-0.1065524 1.590605 0.3050938 1

0.3584788 -0.9213989 -0.150059 0
-0.4159176 -0.3015427 0.857954 0
-0.8357667 -0.2451459 -0.4913225 0
-0.05748806 0.9284023 0.1982043 1

0.7757699 0.4060224 -0.4830394 0
0.54738 -0.05216142 0.8352572 0
0.3139369 -0.9123734 -0.2627136 0
-0.2157518 0.9040651 0.2820579 1

-0.03124776 -0.9893301 0.1423018 0
-0.8046355 0.109359 0.5836122 0
-0.5929468 -0.09626424 -0.7994671 0
-0.09050831 0.9418219 0.2156422 1

0.378108 -0.9083826 -0.1785388 0
-0.633886 -0.3945919 0.6651966 0
-0.6747026 -0.1383426 -0.7250088 0
-0.1078001 0.9204895 0.2771959 1

0.378108 -0.9083824 -0.1785392 0
-0.6338852 -0.394592 0.665197 0
-0.6747031 -0.1383428 -0.7250084 0
-0.09713566 0.8996574 0.2799885 1

0.3781078 -0.9083826 -0.1785385 0
-0.6338857 -0.3945915 0.6651968 0
-0.6747028 -0.138343 -0.7250085 0
-0.08902539 0.8836601 0.2732985 1

0.3781082 -0.9083822 -0.1785395 0
-0.6338856 -0.3945928 0.6651963 0
-0.6747027 -0.1383424 -0.725009 0
-0.0815034 0.8677835 0.2593955 1

0.4522446 0.5779622 -0.6792899 0
0.8855984 -0.2006586 0.4188697 0
0.1057854 -0.7910094 -0.6025891 0
-0.1765003 0.8992864 0.2855619 1

0.7821962 0.4048919 -0.473531 0
0.5658745 -0.1436849 0.8118749 0
0.2606823 -0.9030046 -0.3415077 0
-0.1467316 0.9037627 0.3458671 1

0.7821779 0.4048968 -0.4735571 0
0.5658271 -0.1434211 0.8119545 0
0.2608396 -0.9030445 -0.3412823 0
-0.1635677 0.8990928 0.3616862 1

0.7821964 0.4048919 -0.4735307 0
0.5658741 -0.143685 0.8118752 0
0.2606823 -0.9030046 -0.3415076 0
-0.1802491 0.8913508 0.3670001 1

0.820165 0.3940043 -0.4148375 0
0.5068141 -0.1639128 0.8463287 0
0.2654599 -0.9043747 -0.3341224 0
-0.199535 0.8799552 0.3666347 1

0.1944412 -0.9583101 -0.2093678 0
-0.7024593 -0.2850114 0.6521655 0
-0.6846489 0.02026474 -0.7285917 0
-0.1242144 0.9464029 0.2400896 1

0.4020031 -0.8941613 -0.1971536 0
-0.7805776 -0.4472213 0.4366828 0
-0.4786361 -0.0216541 -0.8777466 0
-0.131254 0.9058896 0.3018081 1

0.4020032 -0.894161 -0.1971538 0
-0.7805774 -0.4472215 0.4366833 0
-0.4786367 -0.02165418 -0.8777463 0
-0.1205895 0.8850575 0.3046008 1

0.4020032 -0.8941612 -0.1971535 0
-0.7805775 -0.4472215 0.4366833 0
-0.4786364 -0.02165439 -0.8777464 0
-0.1104461 0.8703259 0.2957773 1

0.4020033 -0.8941611 -0.1971542 0
-0.7805775 -0.4472217 0.4366826 0
-0.4786362 -0.02165368 -0.8777466 0
-0.1043233 0.8535782 0.2833426 1

0.5831815 0.5397809 -0.6070717 0
0.8031917 -0.2712949 0.5303603 0
0.1215828 -0.7968913 -0.5917615 0
-0.1394195 0.8908846 0.3031003 1

0.7888058 0.4027124 -0.4643362 0
0.5791261 -0.233878 0.7809699 0
0.2059082 -0.8849429 -0.4177055 0
-0.1257943 0.8984464 0.3759064 1

0.7888067 0.4027123 -0.4643347 0
0.579125 -0.2338789 0.7809706 0
0.2059084 -0.8849427 -0.4177059 0
-0.1426321 0.8937862 0.3917286 1

0.7888066 0.4027123 -0.4643351 0
0.579125 -0.2338777 0.7809708 0
0.2059088 -0.8849431 -0.4177049 0
-0.162424 0.8868248 0.3925742 1

0.7888072 0.4027121 -0.4643345 0
0.5791245 -0.2338786 0.7809711 0
0.2059087 -0.8849429 -0.4177054 0
-0.1812897 0.8740544 0.3971025 1

0.2185412 -0.9206169 -0.3235811 0
-0.6212628 -0.3869735 0.6813841 0
-0.7525109 0.05211862 -0.6565147 0
-0.1482123 0.9366661 0.2623694 1

0.4155556 -0.8865298 -0.2034182 0
-0.8320475 -0.4608548 0.3087232 0
-0.3674384 0.04096207 -0.9291457 0
-0.1535004 0.8931438 0.3142536 1

0.4155555 -0.8865296 -0.2034184 0
-0.8320473 -0.4608549 0.3087239 0
-0.3674392 0.04096194 -0.9291455 0
-0.1436165 0.8718644 0.317483 1

0.4155549 -0.8865301 -0.2034177 0
-0.8320478 -0.4608541 0.3087238 0
-0.3674387 0.04096169 -0.9291456 0
-0.1330023 0.8574026 0.3083961 1

0.4155549 -0.88653 -0.2034183 0
-0.8320478 -0.4608544 0.3087232 0
-0.3674385 0.04096237 -0.9291456 0
-0.1207154 0.8441865 0.292513 1

0.5987273 0.5336261 -0.5973014 0
0.78483 -0.2419893 0.5705115 0
0.1598991 -0.8103608 -0.5636911 0
-0.1119632 0.8816107 0.3212301 1

0.7921604 0.4012352 -0.4598828 0
0.5837454 -0.2782138 0.7627833 0
0.1781097 -0.8727013 -0.454609 0
-0.1092892 0.8917808 0.3981641 1

0.7921618 0.4012351 -0.4598809 0
0.5837435 -0.2782136 0.7627848 0
0.1781109 -0.8727013 -0.4546084 0
-0.1255479 0.8868868 0.4147672 1

0.7921612 0.4012351 -0.4598817 0
0.583744 -0.278213 0.7627845 0
0.1781108 -0.8727016 -0.4546081 0
-0.1453399 0.8799253 0.4156129 1

0.7921617 0.401235 -0.4598812 0
0.5837438 -0.278214 0.7627846 0
0.1781104 -0.8727015 -0.4546087 0
-0.1691281 0.8691429 0.413503 1

0.3255422 -0.9408804 -0.09362966 0
-0.6563454 -0.2961462 0.6939082 0
-0.6806128 -0.1644429 -0.7139504 0
-0.1642097 0.9267017 0.2799149 1

0.4149627 -0.8863657 -0.2053348 0
-0.8319754 -0.4610091 0.3086874 0
-0.3682711 0.04273969 -0.928736 0
-0.1765663 0.8803681 0.322812 1

0.415149 -0.8862987 -0.2052468 0
-0.8319093 -0.4611499 0.3086555 0
-0.3682104 0.04260867 -0.928766 0
-0.1681338 0.8582848 0.3265799 1

0.4141169 -0.8872538 -0.2031954 0
-0.8327109 -0.4594365 0.3090492 0
-0.3675601 0.04122059 -0.9290861 0
-0.1549585 0.8452415 0.3165427 1

0.4143308 -0.886435 -0.2063083 0
-0.832082 -0.4607811 0.3087403 0
-0.3687411 0.04374495 -0.9285026 0
-0.1383197 0.8344359 0.2990448 1

0.5516417 0.3391973 -0.7619953 0
0.834031 -0.2142975 0.5083982 0
0.009153537 -0.9159814 -0.4011164 0
-0.09171007 0.875366 0.3359526 1

0.7920411 0.4018868 -0.4595193 0
0.5837247 -0.2782242 0.7627952 0
0.1787079 -0.8723979 -0.4549563 0
-0.09309103 0.8840607 0.4193303 1

0.7917626 0.4030374 -0.4589915 0
0.5837878 -0.278191 0.762759 0
0.1797331 -0.8718778 -0.4555495 0
-0.1083107 0.8786715 0.4372911 1

0.7923177 0.4003826 -0.4603545 0
0.5837694 -0.2781997 0.7627699 0
0.1773293 -0.8730972 -0.4541537 0
-0.1299037 0.8725686 0.4357832 1

0.7922263 0.4024374 -0.4587176 0
0.583276 -0.2784518 0.7630557 0
0.1793514 -0.8720717 -0.4553287 0
-0.1567204 0.8632294 0.4297162 1

0.9528326 0.01863855 -0.3029234 0
0.0586277 0.9680086 0.2439715 0
0.2977797 -0.2502237 0.9212575 0
-0.1242193 0.901919 -0.03399433 1

0.9658964 0.05339956 -0.2533627 0
0.02521237 0.9544569 0.2972818 0
0.2576985 -0.2935313 0.9205601 0
-0.1182495 1.000486 -0.009152088 1

-0.8225721 -0.3287867 0.4639771 0
0.5160182 -0.7744197 0.3660595 0
0.2389574 0.5405309 0.8066759 0
-0.05448598 0.8416815 -0.08931024 1

-0.9709156 0.2329335 -0.05536261 0
-0.205733 -0.6934124 0.6905457 0
0.1224621 0.6818515 0.7211668 0
-0.210899 0.8386215 -0.03958368 1

0.9747304 0.06567097 -0.2135136 0
0.03784928 0.8934392 0.4475867 0
0.2201549 -0.4443576 0.8683767 0
-0.1157276 1.095957 0.02058404 1

-0.837765 -0.3372667 0.4294198 0
0.09731077 -0.8660678 -0.4903647 0
0.5372902 -0.3690232 0.7583808 0
0.1744788 0.4980602 0.07311572 1

-0.9731473 0.216533 0.07808918 0
-0.2284194 -0.9503419 -0.2113647 0
0.02844399 -0.2235262 0.9742829 0
-0.3021856 0.5309447 0.2668211 1

0.9832981 0.06869863 -0.1685383 0
0.04842322 0.7938988 0.6061187 0
0.175442 -0.6041566 0.7773126 0
-0.1121993 1.179244 0.06230849 1

-0.8483867 0.07776222 0.5236348 0
0.3899428 -0.5771871 0.7174956 0
0.3580292 0.8129013 0.4593549 0
0.2178092 0.1124191 -0.145233 1

-0.9919246 -0.1205902 0.03928995 0
0.1063712 -0.6222872 0.7755283 0
-0.06907143 0.7734448 0.6300892 0
-0.4038958 0.107778 0.1727049 1

0.979978 0.1620912 -0.115627 0
-0.06322831 0.8040202 0.5912308 0
0.1887997 -0.5720822 0.7981708 0
-0.1040325 1.313138 0.1645323 1

-0.2585053 0.7317384 -0.6306616 0
0.9462894 0.06057558 -0.3175955 0
-0.1941942 -0.6788884 -0.7080954 0
-0.06325663 1.276141 0.1161964 1

-0.0680113 -0.7343023 0.6754069 0
-0.9858782 -0.05437464 -0.1583907 0
0.1530318 -0.6766413 -0.7202345 0
-0.1531343 1.26986 0.1316003 1

-0.8483862 0.07776213 0.5236356 0
0.5285354 0.06863464 0.8461322 0
0.0298575 0.9946069 -0.09932872 0
0.2716871 0.0326699 -0.04609752 1

-0.9919247 -0.1205903 0.03929022 0
0.03858095 0.008211663 0.9992219 0
-0.120819 0.9926687 -0.00349295 0
-0.3891987 0.0217973 0.2798586 1

0.9350359 0.1040407 -0.3389445 0
-0.1726593 0.9685804 -0.1789993 0
0.3096718 0.2258929 0.9236211 0
-0.1045754 1.371996 0.242441 1

0.3536571 0.4044811 -0.8433989 0
0.1746233 -0.9143676 -0.3652928 0
-0.9189305 -0.01808874 -0.3940043 0
0.03930388 1.282706 0.08177482 1

0.54394 -0.36709 0.7545688 0
-0.5081908 -0.8596799 -0.05189019 0
0.6677363 -0.3552397 -0.654166 0
-0.2599808 1.263967 0.1144344 1

-0.8474644 0.1008305 0.5211887 0
0.5285354 0.06863464 0.8461322 0
0.04954435 0.9925337 -0.1114578 0
0.3207252 0.039038 0.03240766 1

-0.9887774 -0.1441189 0.03936207 0
0.03858095 0.008211663 0.9992219 0
-0.14433 0.9895265 -0.002559315 0
-0.3856191 0.02255929 0.3725678 1

0.3044393 -0.9237623 -0.2323361 0
-0.5207773 -0.3656503 0.7714211 0
-0.7975637 -0.1138555 -0.5923929 0
0.08792166 1.028132 -0.01992824 1

0.5833702 0.8054777 -0.1043298 0
0.667649 -0.4024202 0.6263409 0
0.4625193 -0.4350444 -0.7725363 0
-0.4014689 1.024619 0.09998736 1

0.9350359 0.1040407 -0.3389445 0
-0.1726593 0.9685804 -0.1789993 0
0.3096718 0.2258929 0.9236211 0
-0.1094217 1.597904 0.2984153 1

0.4099219 -0.9009798 -0.1421243 0
-0.4304665 -0.328469 0.8407179 0
-0.8041533 -0.2834489 -0.5224884 0
-0.0596086 0.924548 0.1986064 1

0.7672001 0.3913833 -0.5081567 0
0.5750268 -0.06870101 0.815245 0
0.2841624 -0.9176599 -0.2777633 0
-0.2123317 0.9106179 0.2774225 1

0.01417105 -0.9907166 0.1352018 0
-0.829378 0.06388019 0.5550237 0
-0.558508 -0.1199987 -0.8207734 0
-0.09386951 0.9361534 0.2149162 1

0.4300971 -0.8866258 -0.170033 0
-0.638119 -0.4317969 0.63746 0
-0.6386083 -0.1656684 -0.7514874 0
-0.1122447 0.9135229 0.2756875 1

0.4300972 -0.8866257 -0.1700333 0
-0.6381183 -0.4317971 0.6374606 0
-0.6386088 -0.1656688 -0.7514868 0
-0.100643 0.8932364 0.2787476 1

0.4300969 -0.8866259 -0.1700327 0
-0.638119 -0.4317966 0.6374605 0
-0.6386086 -0.1656689 -0.7514871 0
-0.09149731 0.877719 0.272266 1

0.4300976 -0.8866255 -0.1700338 0
-0.6381185 -0.4317979 0.63746 0
-0.6386083 -0.1656683 -0.7514873 0
-0.08268709 0.8623453 0.2585559 1

0.4408991 0.5714698 -0.6921204 0
0.8950545 -0.2223948 0.3865467 0
0.06697582 -0.7899135 -0.60955 0
-0.1730975 0.9049554 0.2795221 1

0.7739292 0.3900605 -0.4988855 0
0.59065 -0.1604838 0.7908082 0
0.2283999 -0.9066961 -0.3545923 0
-0.141141 0.9084507 0.3387631 1

0.7739102 0.3900657 -0.4989108 0
0.5906114 -0.1602196 0.7908907 0
0.228564 -0.9067407 -0.3543727 0
-0.1575119 0.9040688 0.355143 1

0.7739295 0.3900605 -0.4988852 0
0.5906496 -0.1604839 0.7908086 0
0.2283999 -0.9066962 -0.3545921 0
-0.1741649 0.8966686 0.3610046 1

0.8136805 0.3780233 -0.4416137 0
0.5323983 -0.1795876 0.8272246 0
0.2334018 -0.908211 -0.3473859 0
-0.1937005 0.8857035 0.3612656 1

0.2503315 -0.9455622 -0.2079575 0
-0.7097381 -0.3253218 0.6248499 0
-0.6584876 -0.008824173 -0.7525398 0
-0.1286121 0.9388294 0.238166 1

0.4541618 -0.8709163 -0.187728 0
-0.7740293 -0.4900537 0.400906 0
-0.4411525 -0.03676925 -0.8966787 0
-0.1358551 0.8975465 0.2992734 1

0.4541618 -0.8709161 -0.1877283 0
-0.774029 -0.4900539 0.4009067 0
-0.4411533 -0.0367694 -0.8966783 0
-0.1242534 0.8772599 0.3023337 1

0.4541619 -0.8709163 -0.187728 0
-0.7740292 -0.4900538 0.4009065 0
-0.4411529 -0.03676951 -0.8966784 0
-0.1130611 0.8631274 0.2938077 1

0.4541619 -0.8709161 -0.1877286 0
-0.7740291 -0.4900541 0.400906 0
-0.4411527 -0.03676873 -0.8966783 0
-0.1056593 0.8468006 0.2815044 1

0.5734053 0.5300218 -0.6247268 0
0.8150561 -0.2917911 0.5005418 0
0.08300826 -0.7962003 -0.5993118 0
-0.1356207 0.8956435 0.2957072 1

0.7808071 0.3876863 -0.4899388 0
0.6008006 -0.2507807 0.7590441 0
0.1714038 -0.8870224 -0.4287334 0
-0.1192869 0.9025127 0.368023 1

0.780808 0.3876864 -0.4899375 0
0.6007995 -0.2507816 0.7590447 0
0.1714039 -0.8870221 -0.4287338 0
-0.1356593 0.8981407 0.3844059 1

0.7808077 0.3876862 -0.4899378 0
0.6007996 -0.2507804 0.7590449 0
0.1714043 -0.8870226 -0.4287328 0
-0.1555595 0.8916133 0.3859152 1

0.7808083 0.387686 -0.489937 0
0.6007991 -0.2507812 0.7590453 0
0.1714041 -0.8870224 -0.4287333 0
-0.1745341 0.8792383 0.3910456 1

0.27652 -0.9058099 -0.321007 0
-0.6245401 -0.4232589 0.6563545 0
-0.7304015 0.01898665 -0.6827542 0
-0.1528586 0.9277155 0.2595126 1

0.4676601 -0.8624889 -0.1934087 0
-0.8198358 -0.5050392 0.2698234 0
-0.3303987 0.03237768 -0.9432859 0
-0.157915 0.8835799 0.3106993 1

0.4676601 -0.8624889 -0.1934089 0
-0.8198355 -0.5050392 0.2698241 0
-0.3303995 0.03237748 -0.9432856 0
-0.1470873 0.8628033 0.3141603 1

0.4676595 -0.8624893 -0.1934084 0
-0.8198361 -0.5050383 0.2698241 0
-0.3303991 0.03237724 -0.9432859 0
-0.1354281 0.8489665 0.3053926 1

0.4676595 -0.8624893 -0.1934089 0
-0.8198361 -0.5050386 0.2698235 0
-0.3303988 0.03237791 -0.9432859 0
-0.121914 0.8365095 0.2899235 1

0.5891434 0.5234731 -0.6155373 0
0.798769 -0.2623027 0.5414474 0
0.121976 -0.8106624 -0.5726681 0
-0.107759 0.885669 0.3128176 1

0.7842818 0.3861116 -0.4856129 0
0.6037922 -0.2951096 0.7405034 0
0.1426079 -0.8739727 -0.4645802 0
-0.1021642 0.8953655 0.3896558 1

0.7842832 0.3861115 -0.4856111 0
0.6037905 -0.2951095 0.7405051 0
0.142609 -0.873973 -0.4645795 0
-0.1179357 0.8907426 0.4067977 1

0.7842828 0.3861115 -0.4856118 0
0.6037909 -0.2951089 0.7405047 0
0.1426089 -0.873973 -0.4645793 0
-0.1378359 0.8842153 0.408307 1

0.784283 0.3861114 -0.4856113 0
0.6037906 -0.2951098 0.7405048 0
0.1426086 -0.873973 -0.4645799 0
-0.1619174 0.8739719 0.4069856 1

0.3761816 -0.922406 -0.08749124 0
-0.6646277 -0.3344277 0.6681526 0
-0.6455676 -0.1931977 -0.738862 0
-0.1689404 0.9168167 0.2764136 1

0.4671393 -0.8623342 -0.195347 0
-0.8197545 -0.5051893 0.2697893 0
-0.3313359 0.03410722 -0.9428962 0
-0.1806424 0.8695793 0.3181793 1

0.4673183 -0.862259 -0.1952506 0
-0.81968 -0.5053261 0.2697592 0
-0.3312677 0.03397961 -0.9429246 0
-0.1712448 0.8479217 0.3221111 1

0.4662518 -0.863286 -0.1932524 0
-0.8205823 -0.503659 0.2701332 0
-0.3305357 0.03262923 -0.9432293 0
-0.157062 0.8356394 0.3125127 1

0.4665524 -0.862425 -0.1963465 0
-0.8198745 -0.5049673 0.2698398 0
-0.3318651 0.03508494 -0.942674 0
-0.1392599 0.8258239 0.2956323 1

0.5320002 0.3310156 -0.7793617 0
0.8463666 -0.2353715 0.4777698 0
-0.02529032 -0.9137995 -0.4053782 0
-0.0871461 0.8789001 0.3267902 1

0.7841897 0.3867638 -0.4852425 0
0.6037717 -0.2951197 0.7405161 0
0.1432001 -0.8736809 -0.4649468 0
-0.08540972 0.8871766 0.4102038 1

0.7839555 0.3879174 -0.4847 0
0.6038343 -0.2950877 0.740478 0
0.1442152 -0.8731802 -0.4655732 0
-0.1001066 0.8820285 0.4286638 1

0.7844036 0.3852582 -0.4860938 0
0.6038162 -0.295096 0.7404894 0
0.1418353 -0.8743539 -0.4640994 0
-0.1218695 0.8764117 0.4278882 1

0.7844154 0.3873059 -0.4844453 0
0.6033274 -0.2953386 0.7407911 0
0.1438373 -0.8733668 -0.4653401 0
-0.1490836 0.8676993 0.4227253 1

0.9520007 0.01615319 -0.3056695 0
0.06106206 0.9685133 0.2413577 0
0.2999436 -0.2484375 0.9210389 0
-0.1201616 0.9059257 -0.03677501 1

0.967682 0.04692338 -0.2477695 0
0.02720079 0.9573804 0.2875464 0
0.2507023 -0.284993 0.9251634 0
-0.113944 1.004544 -0.01219891 1

-0.8191263 -0.3254714 0.472335 0
0.5165892 -0.7764995 0.3608104 0
0.2493344 0.5395525 0.8041862 0
-0.05069414 0.845423 -0.09213601 1

-0.9695587 0.2366447 -0.06288904 0
-0.2149914 -0.6998091 0.6812091 0
0.1171943 0.673993 0.7293826 0
-0.2069706 0.842771 -0.04195866 1

0.9776264 0.05727673 -0.2024005 0
0.0369285 0.9005358 0.4332106 0
0.2070818 -0.4309925 0.8782725 0
-0.1112232 1.100308 0.01656342 1

-0.8382167 -0.3272941 0.4362008 0
0.09066306 -0.8723785 -0.48035 0
0.537748 -0.3630902 0.7609157 0
0.178524 0.5008788 0.0679608 1

-0.9733612 0.2185917 0.0691787 0
-0.2281161 -0.9536247 -0.1963753 0
0.02304453 -0.2069248 0.9780855 0
-0.3023652 0.5322559 0.2603033 1

0.9866212 0.05789428 -0.1524041 0
0.04355592 0.8072379 0.5886169 0
0.1571039 -0.58738 0.7939163 0
-0.1077806 1.184256 0.05694772 1

-0.843897 0.09420932 0.528169 0
0.3884441 -0.571763 0.7226326 0
0.3700662 0.8149918 0.4459139 0
0.2188943 0.1124278 -0.1459285 1

-0.991851 -0.123191 0.03248769 0
0.1026779 -0.6219758 0.7762753 0
-0.07542346 0.7732853 0.6295565 0
-0.4039404 0.1076274 0.1728617 1

0.9824106 0.1596308 -0.09689042 0
-0.07566188 0.814648 0.5749991 0
0.1707191 -0.5575541 0.8123967 0
-0.1004348 1.3204 0.1562199 1

-0.2212349 0.7223366 -0.6551985 0
0.9595445 0.04125368 -0.2785194 0
-0.1741554 -0.6903101 -0.7022409 0
-0.05908314 1.282017 0.1094796 1

-0.08375925 -0.7173362 0.6916744 0
-0.9844968 -0.04777947 -0.1687707 0
0.1541129 -0.6950871 -0.7022133 0
-0.1492645 1.276724 0.1234088 1

-0.8438963 0.09420905 0.5281702 0
0.5350327 0.07486353 0.8415076 0
0.03973693 0.9927337 -0.1135819 0
0.2725651 0.03342801 -0.04608329 1

-0.991851 -0.1231911 0.03248796 0
0.03164047 0.008830139 0.9994603 0
-0.1234114 0.9923437 -0.004860234 0
-0.3897536 0.02168971 0.2801185 1

0.9376804 0.1021205 -0.332155 0
-0.1732105 0.9659918 -0.1919844 0
0.3012535 0.2375527 0.92348 0
-0.1026529 1.380663 0.2330164 1

0.3904814 0.3700502 -0.8429635 0
0.1762913 -0.9287677 -0.326055 0
-0.9035741 -0.02128856 -0.4279032 0
0.04491398 1.286488 0.07929312 1

0.5682592 -0.3524985 0.7435229 0
-0.5143273 -0.8574891 -0.01343964 0
0.6423001 -0.3747768 -0.6685758 0
-0.2559614 1.271546 0.1051179 1

-0.8427464 0.1172296 0.5253912 0
0.5350327 0.07486353 0.8415076 0
0.05931694 0.9902791 -0.1258127 0
0.3222061 0.04037398 0.03199277 1

-0.9886421 -0.1467113 0.03259417 0
0.03164047 0.008830139 0.9994603 0
-0.1469199 0.98914 -0.00408778 0
-0.3868179 0.0225091 0.3728498 1

0.3344994 -0.9059601 -0.2595123 0
-0.5278767 -0.4082428 0.7447712 0
-0.7806771 -0.1121349 -0.6147922 0
0.09399614 1.027905 -0.01148554 1

0.5818654 0.8000427 -0.1461683 0
0.6888707 -0.3892925 0.611481 0
0.4323084 -0.4564904 -0.7776417 0
-0.3991579 1.032808 0.1013761 1

0.9376804 0.1021205 -0.332155 0
-0.1732105 0.9659918 -0.1919844 0
0.3012535 0.2375527 0.92348 0
-0.1084669 1.607209 0.2862543 1

0.4856866 -0.8628593 -0.1399374 0
-0.4357202 -0.3777543 0.816976 0
-0.7577974 -0.3358207 -0.5594356 0
-0.05554532 0.912255 0.1994995 1

0.7479171 0.352324 -0.5625733 0
0.6261467 -0.09310362 0.7741272 0
0.2203656 -0.9312358 -0.2902402 0
-0.2040089 0.9225255 0.2746015 1

0.08808434 -0.9889912 0.1189023 0
-0.8528566 -0.01320414 0.5219787 0
-0.5146623 -0.1473846 -0.8446306 0
-0.09123798 0.920799 0.2145839 1

0.5060414 -0.8461771 -0.1670527 0
-0.6284127 -0.4943767 0.6005743 0
-0.5907791 -0.1989372 -0.7819235 0
-0.110132 0.8956082 0.2741773 1

0.5060415 -0.8461769 -0.167053 0
-0.6284121 -0.4943767 0.6005746 0
-0.5907795 -0.1989375 -0.7819232 0
-0.09708052 0.8762453 0.2773776 1

0.5060413 -0.8461775 -0.1670525 0
-0.6284128 -0.4943763 0.6005745 0
-0.5907793 -0.1989375 -0.7819234 0
-0.08647917 0.8616278 0.2710227 1

0.5060419 -0.8461766 -0.1670534 0
-0.6284124 -0.4943775 0.6005739 0
-0.5907791 -0.198937 -0.7819237 0
-0.07593866 0.8472678 0.2574349 1

0.4185891 0.5471332 -0.724865 0
0.9080839 -0.2635323 0.3254766 0
-0.01294665 -0.7944787 -0.6071545 0
-0.1650367 0.9149998 0.2740313 1

0.755201 0.3507152 -0.5537789 0
0.6356655 -0.1856192 0.7493166 0
0.1600043 -0.9179024 -0.3631174 0
-0.1289279 0.9171824 0.3309022 1

0.7551807 0.3507215 -0.553803 0
0.6356454 -0.1853531 0.7493997 0
0.1601809 -0.9179538 -0.3629094 0
-0.1443157 0.91365 0.3484021 1

0.7552013 0.3507153 -0.5537785 0
0.6356652 -0.1856193 0.7493169 0
0.1600043 -0.9179022 -0.3631174 0
-0.1608557 0.9070771 0.3554497 1

0.7982035 0.337003 -0.4993007 0
0.5792321 -0.2017777 0.7897953 0
0.1654151 -0.9196278 -0.3562624 0
-0.180825 0.8970605 0.3571338 1

0.333088 -0.9183833 -0.2135987 0
-0.7052846 -0.3930234 0.5900056 0
-0.6258007 -0.04587576 -0.7786329 0
-0.126964 0.9202458 0.2364495 1

0.5298063 -0.828027 -0.1835127 0
-0.7501068 -0.5584533 0.3542173 0
-0.3957849 -0.05001242 -0.9169807 0
-0.1333833 0.8773164 0.2963985 1

0.5298063 -0.8280269 -0.1835129 0
-0.7501066 -0.5584534 0.3542179 0
-0.3957855 -0.05001252 -0.9169804 0
-0.1203318 0.8579533 0.2995988 1

0.5298064 -0.828027 -0.1835127 0
-0.7501068 -0.5584534 0.3542176 0
-0.395785 -0.0500126 -0.9169805 0
-0.107715 0.8449214 0.2913177 1

0.5298064 -0.8280267 -0.1835131 0
-0.7501065 -0.5584536 0.3542171 0
-0.3957849 -0.05001207 -0.9169806 0
-0.09856152 0.8294702 0.2790555 1

0.5533231 0.4996429 -0.6664771 0
0.8329601 -0.3285955 0.4451998 0
0.003439263 -0.8014876 -0.5980018 0
-0.1270144 0.9039654 0.2876592 1

0.7625609 0.3480481 -0.5453111 0
0.6392949 -0.276416 0.7175631 0
0.09901322 -0.8957997 -0.4332893 0
-0.1054082 0.9103144 0.358627 1

0.7625619 0.348048 -0.5453098 0
0.6392938 -0.2764169 0.7175639 0
0.09901332 -0.8957995 -0.4332898 0
-0.1207968 0.906792 0.3761298 1

0.7625617 0.3480479 -0.5453102 0
0.6392938 -0.2764158 0.7175642 0
0.09901381 -0.8957999 -0.4332889 0
-0.1408322 0.90123 0.3790532 1

0.7625624 0.3480477 -0.5453095 0
0.6392934 -0.2764166 0.7175645 0
0.09901361 -0.8957998 -0.4332893 0
-0.1599726 0.8897965 0.3855663 1

0.3604045 -0.8744195 -0.3248069 0
-0.6138201 -0.4845128 0.6232754 0
-0.7023773 -0.02525813 -0.7113569 0
-0.1510585 0.9068191 0.2566057 1

0.5429679 -0.8183424 -0.1884198 0
-0.7888986 -0.573976 0.2195232 0
-0.2877937 0.02945005 -0.9572397 0
-0.1547613 0.8614004 0.3064937 1

0.5429677 -0.8183424 -0.18842 0
-0.7888985 -0.573976 0.2195238 0
-0.2877943 0.02944979 -0.9572396 0
-0.1424599 0.841479 0.3100482 1

0.5429673 -0.818343 -0.1884194 0
-0.788899 -0.5739756 0.2195237 0
-0.2877937 0.02944971 -0.9572397 0
-0.1293907 0.8287839 0.3015536 1

0.5429673 -0.8183428 -0.1884198 0
-0.7888991 -0.5739757 0.2195231 0
-0.2877936 0.02945024 -0.9572397 0
-0.1143138 0.8177426 0.2864941 1

0.5693305 0.4923829 -0.6583486 0
0.8209616 -0.2982094 0.486923 0
0.04342632 -0.8176984 -0.5740068 0
-0.09854062 0.8927328 0.3028778 1

0.7662482 0.3463251 -0.5412241 0
0.638888 -0.3209062 0.6991723 0
0.06845833 -0.8815205 -0.4671566 0
-0.0871883 0.9024366 0.3790775 1

0.7662495 0.3463248 -0.5412225 0
0.6388863 -0.3209059 0.699174 0
0.06845943 -0.8815208 -0.467156 0
-0.1019376 0.8986377 0.397298 1

0.766249 0.3463249 -0.5412232 0
0.6388869 -0.3209054 0.6991735 0
0.06845938 -0.8815209 -0.4671558 0
-0.1219731 0.8930758 0.4002214 1

0.7662495 0.3463247 -0.5412226 0
0.6388865 -0.3209062 0.6991735 0
0.06845897 -0.8815207 -0.4671563 0
-0.1465475 0.8839917 0.4006352 1

0.4518852 -0.8877489 -0.08776027 0
-0.6613144 -0.3993929 0.6349399 0
-0.598718 -0.2288827 -0.7675608 0
-0.1668642 0.894343 0.2726549 1

0.542527 -0.8181816 -0.1903772 0
-0.7888042 -0.5741185 0.2194901 0
-0.2888817 0.03109116 -0.9568599 0
-0.1766311 0.8454887 0.3125793 1

0.5426949 -0.8180953 -0.1902709 0
-0.7887179 -0.5742484 0.2194606 0
-0.2888025 0.03096979 -0.9568878 0
-0.1657058 0.824566 0.3165167 1

0.5416213 -0.8192508 -0.1883479 0
-0.789766 -0.5726665 0.2198251 0
-0.2879524 0.02968881 -0.9571847 0
-0.1502083 0.8136377 0.3073464 1

0.5419962 -0.8182937 -0.1914054 0
-0.7889438 -0.5739081 0.219539 0
-0.2894965 0.03201895 -0.9566435 0
-0.1310051 0.8055986 0.2911387 1

0.4919143 0.3022715 -0.8164883 0
0.8652637 -0.2738242 0.4199281 0
-0.09664237 -0.9130458 -0.3962426 0
-0.07735501 0.8850372 0.3154433 1

0.7662129 0.3469822 -0.540853 0
0.638868 -0.3209153 0.6991864 0
0.06903687 -0.8812587 -0.4675652 0
-0.06946006 0.8935319 0.3984786 1

0.766072 0.3481476 -0.5403037 0
0.6389291 -0.3208863 0.6991436 0
0.07002876 -0.8808098 -0.4682637 0
-0.08307216 0.8891618 0.4179436 1

0.7662956 0.345465 -0.5417063 0
0.6389114 -0.3208938 0.6991564 0
0.0677035 -0.8818623 -0.466621 0
-0.1050787 0.88459 0.4187096 1

0.7665185 0.3475158 -0.540077 0
0.6384338 -0.3211116 0.6994929 0
0.06965952 -0.8809771 -0.4680037 0
-0.1329678 0.8771707 0.4154963 1

0.9480237 0.0103495 -0.3180313 0
0.06702708 0.9705503 0.231386 0
0.3110601 -0.2406761 0.9194111 0
-0.1147623 0.9091489 -0.03998751 1

0.9664589 0.03683274 -0.2541661 0
0.0338524 0.9627567 0.2682416 0
0.2545802 -0.2678486 0.929218 0
-0.1079373 1.007975 -0.01642678 1

-0.8119532 -0.3204144 0.4879207 0
0.5205034 -0.7757701 0.3567314 0
0.2642124 0.5436136 0.7966657 0
-0.04619335 0.8479145 -0.09566326 1

-0.9681794 0.2423784 -0.062305 0
-0.2200588 -0.7059788 0.6731778 0
0.1191776 0.6654675 0.7368513 0
-0.2018169 0.8462152 -0.04345664 1

0.9776685 0.04537757 -0.2051957 0
0.04327421 0.9120145 0.4078685 0
0.2056496 -0.4076399 0.8896844 0
-0.1045512 1.104276 0.01040455 1

-0.8401216 -0.3121041 0.4436064 0
0.07822837 -0.8790325 -0.4703005 0
0.5367271 -0.3604071 0.7629095 0
0.1847616 0.503694 0.06262363 1

-0.9726509 0.2241009 0.06106961 0
-0.231694 -0.9546425 -0.1870185 0
0.0163886 -0.1960533 0.9804565 0
-0.2994601 0.5329626 0.2552417 1

0.9873919 0.04415653 -0.1520115 0
0.04910327 0.8274944 0.5593227 0
0.1504864 -0.5597349 0.8148931 0
-0.1005171 1.189295 0.04842644 1

-0.8414704 0.1121554 0.5285347 0
0.3833756 -0.5653617 0.7303352 0
0.3807241 0.8171827 0.4327373 0
0.219595 0.1122801 -0.1467909 1

-0.992092 -0.1229484 0.02525157 0
0.0969072 -0.6224537 0.7766343 0
-0.07976806 0.7729396 0.6294457 0
-0.4026284 0.1078809 0.1719664 1

0.9833419 0.1601468 -0.08597559 0
-0.08697401 0.829899 0.5510928 0
0.1596068 -0.534435 0.830003 0
-0.09223568 1.328854 0.142758 1

-0.18123 0.7039278 -0.6867616 0
0.9707696 0.01631059 -0.2394587 0
-0.1573601 -0.7100843 -0.6863077 0
-0.05110993 1.288473 0.09752727 1

-0.09227158 -0.6913567 0.7165976 0
-0.9842622 -0.04559869 -0.1707296 0
0.1507109 -0.7210733 -0.6762688 0
-0.1413618 1.284435 0.1114207 1

-0.8414693 0.1121551 0.5285361 0
0.5379003 0.08170846 0.8390394 0
0.0509165 0.9903259 -0.1290834 0
0.2725655 0.03416473 -0.04588141 1

-0.992092 -0.1229486 0.02525175 0
0.02432421 0.009039089 0.9996634 0
-0.1231355 0.9923722 -0.005976953 0
-0.3892389 0.02187723 0.2792729 1

0.9417146 0.1043004 -0.3198359 0
-0.175879 0.9630882 -0.2037838 0
0.2867754 0.2481586 0.9252984 0
-0.09582624 1.391199 0.2178214 1

0.4304518 0.3056222 -0.8492976 0
0.1743284 -0.9513652 -0.2539962 0
-0.8856189 -0.03872354 -0.4627954 0
0.05410376 1.290241 0.0715743 1

0.6085707 -0.3332414 0.7201334 0
-0.5296209 -0.8463902 0.05590567 0
0.5908837 -0.4154203 -0.6915797 0
-0.2480332 1.279493 0.09291748 1

-0.8400607 0.1351149 0.5253971 0
0.5379003 0.08170846 0.8390394 0
0.07043716 0.9874554 -0.1413184 0
0.3224726 0.04174572 0.03196568 1

-0.9888896 -0.1464695 0.02538648 0
0.02432421 0.009039089 0.9996634 0
-0.1466497 0.9891741 -0.005375862 0
-0.3869821 0.02271587 0.3720231 1

0.3906434 -0.8672809 -0.30858 0
-0.5103439 -0.4830246 0.7115029 0
-0.7661245 -0.1204619 -0.6313019 0
0.1026395 1.025366 0.0008578897 1

0.5786834 0.7840403 -0.2245146 0
0.7258919 -0.3696733 0.5800197 0
0.3717616 -0.498621 -0.7830521 0
-0.3954878 1.043845 0.1084825 1

0.9417146 0.1043004 -0.3198359 0
-0.175879 0.9630882 -0.2037838 0
0.2867754 0.2481586 0.9252984 0
-0.1036653 1.61821 0.26877 1

0.5928071 -0.7914127 -0.1491497 0
-0.4163086 -0.4596761 0.784465 0
-0.689396 -0.402944 -0.6019711 0
-0.04193518 0.8885309 0.2024184 1

0.7140081 0.2981859 -0.6334649 0
0.6849089 -0.1097983 0.7203085 0
0.1452324 -0.9481719 -0.282627 0
-0.1898511 0.9391211 0.2727953 1

0.2047643 -0.9748865 0.08756746 0
-0.8633921 -0.137749 0.485365 0
-0.4611134 -0.1749904 -0.8699157 0
-0.07894555 0.892083 0.2162791 1

0.6122655 -0.7710228 -0.1750846 0
-0.5869521 -0.591606 0.5527112 0
-0.529734 -0.2356397 -0.8147736 0
-0.09682031 0.8624603 0.2741229 1

0.6122656 -0.7710229 -0.1750849 0
-0.5869515 -0.591606 0.5527117 0
-0.5297344 -0.23564 -0.814773 0
-0.08161993 0.844712 0.2771972 1

0.6122653 -0.771023 -0.1750843 0
-0.5869521 -0.5916057 0.5527115 0
-0.5297341 -0.2356399 -0.8147734 0
-0.06907449 0.8317494 0.2707918 1

0.6122658 -0.7710224 -0.1750853 0
-0.5869516 -0.5916067 0.552711 0
-0.5297341 -0.2356394 -0.8147736 0
-0.05635048 0.8193198 0.2571703 1

0.3825869 0.5070177 -0.7723732 0
0.9176946 -0.3054158 0.254083 0
-0.1070705 -0.8060114 -0.5821353 0
-0.1515233 0.9294649 0.2691166 1

0.7219297 0.296379 -0.6252816 0
0.6873745 -0.2032297 0.6972907 0
0.07958651 -0.9331974 -0.3504408 0
-0.1105727 0.930946 0.3226309 1

0.7219076 0.2963856 -0.625304 0
0.6873755 -0.2029609 0.6973678 0
0.07977755 -0.9332538 -0.3502473 0
-0.1245557 0.928654 0.3414651 1

0.72193 0.2963789 -0.6252812 0
0.6873742 -0.2032298 0.697291 0
0.07958657 -0.9331974 -0.3504408 0
-0.1407477 0.9231551 0.350069 1

0.7686965 0.2815624 -0.5743067 0
0.6338773 -0.2153655 0.7428442 0
0.08547112 -0.9350618 -0.3440267 0
-0.1609956 0.9142857 0.3537156 1

0.4512945 -0.8617455 -0.231793 0
-0.6727772 -0.4992073 0.5460429 0
-0.5862626 -0.09048104 -0.8050525 0
-0.1151129 0.8863128 0.2366109 1

0.6345588 -0.7491848 -0.1898875 0
-0.6906919 -0.659951 0.2956507 0
