MeshAnim
1
39
65
30
0.6905129 -0.06931551 -0.7199912 0
0.01021796 0.9962332 -0.08611047 0
0.7232479 0.05210355 0.6886202 0
0.010589 0.8818881 0.006191535 1

0.778483 -0.04764431 -0.6258549 0
0.001528583 0.9972559 -0.07401651 0
0.6276639 0.05666391 0.7764195 0
0.01162943 0.9833289 -0.002576609 1

-0.3483085 -0.2592551 0.9008154 0
0.5382397 -0.8420961 -0.03424031 0
0.7674498 0.4729284 0.4328504 0
0.05563581 0.8079484 -0.05748606 1

-0.8508258 0.2118107 0.4808655 0
0.149104 -0.7802116 0.6074851 0
0.5038486 0.588563 0.6322422 0
-0.05771583 0.8193265 0.06070471 1

0.7907945 -0.03402126 -0.6111355 0
0.01499222 0.9992312 -0.03622656 0
0.6118981 0.01948549 0.7906967 0
0.01178233 1.083081 -0.009980239 1

-0.2439353 -0.4441 0.8621318 0
-0.3956915 -0.7660438 -0.506562 0
0.8853948 -0.4647067 0.01113838 0
0.2944607 0.434298 -0.07267901 1

-0.7746457 0.2367021 0.5864267 0
-0.4479555 -0.8599371 -0.2446306 0
0.4463854 -0.4521952 0.7721785 0
0.008443676 0.4731358 0.3302543 1

0.8028432 -0.02147238 -0.5958035 0
0.0434662 0.9987998 0.02257447 0
0.5946037 -0.04402108 0.802813 0
0.01317992 1.17623 -0.01335731 1

-0.1650058 -0.1085784 0.980298 0
0.7756226 -0.6282457 0.06096947 0
0.6092478 0.7704016 0.1878799 0
0.1182678 0.09319544 -0.29824 1

-0.7034882 -8.195639E-07 0.7107069 0
0.5382984 -0.6529372 0.5328302 0
0.4640465 0.7574123 0.459334 0
-0.1910212 0.09022433 0.2213255 1

0.9032277 -0.1368057 -0.4067723 0
0.140066 0.9898998 -0.02191029 0
0.4056614 -0.037185 0.9132668 0
0.02051064 1.344681 -0.009550059 1

-0.5632936 0.2049207 -0.8004425 0
0.8209844 0.02954459 -0.5701857 0
-0.09319408 -0.9783326 -0.1848791 0
0.04993976 1.287428 -0.04453369 1

0.3460722 -0.2095348 0.9145104 0
-0.9377042 -0.1091797 0.3298339 0
0.03073424 -0.9716866 -0.2342657 0
-0.0234435 1.289389 0.009925211 1

-0.1650061 -0.1085786 0.9802979 0
0.9861308 -0.0001567714 0.1659705 0
-0.01786727 0.9940883 0.1070985 0
0.2254346 0.006391525 -0.2898159 1

-0.7034881 -9.909272E-07 0.7107072 0
0.7107072 8.845585E-05 0.7034881 0
-6.356463E-05 1 -6.165355E-05 0
-0.1166453 8.881092E-06 0.294946 1

0.9843083 -0.165674 -0.0607394 0
0.1717547 0.978466 0.1144755 0
0.04046592 -0.1231115 0.9915675 0
0.0451205 1.4361 0.01434938 1

0.1566013 -0.5226579 -0.8380365 0
0.4166735 -0.7343376 0.5358464 0
-0.895466 -0.4331019 0.1027793 0
0.1389195 1.29063 -0.1063314 1

0.2420881 0.6637602 0.7076833 0
-0.2714503 -0.6539181 0.7061912 0
0.9315084 -0.3630613 0.02187225 0
-0.1250691 1.277556 0.04567165 1

-0.1653763 -0.08547193 0.98252 0
0.9861308 -0.0001567714 0.1659705 0
-0.01403194 0.9963409 0.08431241 0
0.316929 0.006377041 -0.274417 1

-0.7032883 -0.02373763 0.7105083 0
0.7107072 8.845585E-05 0.7034881 0
-0.01676205 0.9997184 0.01680815 0
-0.05070488 1.704693E-05 0.3602166 1

0.297944 -0.5886544 0.7514756 0
-0.1850038 0.7366951 0.6504263 0
-0.9364845 -0.3328164 0.1105903 0
0.2549277 1.08618 0.04285635 1

0.1308848 0.4627479 -0.8767747 0
0.2255795 0.847284 0.4808573 0
0.9653926 -0.2607193 0.006510168 0
-0.2006451 1.095496 0.242286 1

0.9843083 -0.165674 -0.0607394 0
0.1717547 0.978466 0.1144755 0
0.04046592 -0.1231115 0.9915675 0
0.08522139 1.628752 0.1387224 1

0.07890859 -0.3877172 0.9183948 0
-0.3661273 0.8456118 0.3884482 0
-0.9272133 -0.3669013 -0.07522815 0
0.2025182 1.294877 0.2271144 1

0.1218709 0.3294568 -0.9362724 0
0.5000373 0.7944694 0.3446467 0
0.8573857 -0.5101734 -0.067918 0
-0.136741 1.335521 0.3785073 1

-0.4965461 0.04607619 0.8667865 0
-0.6890589 0.5863495 -0.4259021 0
-0.5278637 -0.808747 -0.2594006 0
0.1767835 1.320343 0.2108749 1

0.08931717 -0.4263482 0.9001387 0
-0.9130228 0.3260979 0.2450509 0
-0.3980103 -0.8437343 -0.3601396 0
0.1625854 1.378759 0.2413516 1

0.08360288 -0.438147 0.895007 0
-0.8658457 0.4126543 0.282892 0
-0.4932767 -0.7985888 -0.3448687 0
0.1676168 1.375485 0.2641434 1

0.1063693 -0.4471868 0.8880932 0
-0.8637418 0.4009084 0.3053244 0
-0.4925809 -0.7995605 -0.3436098 0
0.1702598 1.364469 0.2795741 1

0.06699777 -0.5315773 0.8443559 0
-0.9098698 0.3147289 0.2703386 0
-0.4094489 -0.786366 -0.4625803 0
0.1714379 1.346631 0.2930786 1

-0.481937 0.01373986 -0.8760984 0
0.7812222 0.4595134 -0.4225396 0
0.3967732 -0.8880646 -0.2321902 0
-0.107627 1.355908 0.360828 1

0.1527453 0.3768697 -0.9135855 0
0.9573675 0.1729222 0.2313987 0
0.2451862 -0.9099822 -0.3343896 0
-0.08399541 1.412694 0.3883919 1

0.1470972 0.3891377 -0.9093595 0
0.9263037 0.2682168 0.2646148 0
0.3468769 -0.8812673 -0.3210056 0
-0.08907066 1.411262 0.4113636 1

0.1711454 0.3943982 -0.9028618 0
0.9222938 0.2581774 0.2876089 0
0.3465308 -0.8819268 -0.319565 0
-0.09311905 1.40149 0.4273188 1

0.1490925 0.4860263 -0.861133 0
0.952407 0.1635806 0.2572206 0
0.2658806 -0.8584989 -0.438506 0
-0.09681334 1.384673 0.4416535 1

0.02816322 -0.5032615 0.8636751 0
-0.7563401 0.5541939 0.3475904 0
-0.6535721 -0.6630215 -0.3650291 0
0.1479189 1.344905 0.1930339 1

0.1939739 -0.3841017 0.9026849 0
-0.4198537 -0.8641352 -0.2774781 0
0.8866212 -0.3251724 -0.3288861 0
0.1288035 1.390825 0.2504184 1

0.1969333 -0.3970627 0.8964143 0
-0.3938864 -0.8693287 -0.2985325 0
0.8978145 -0.2942947 -0.3275973 0
0.1355805 1.390753 0.2746104 1

0.2254538 -0.3825429 0.8960088 0
-0.09972267 -0.9239179 -0.3693664 0
0.969137 -0.006077353 -0.2464488 0
0.1410717 1.378016 0.2898917 1

0.1704643 -0.4957063 0.8515968 0
-0.4799501 -0.7965658 -0.3676018 0
0.8605754 -0.3460612 -0.3737004 0
0.1386827 1.357961 0.3028108 1

0.10408 0.451572 -0.8861436 0
0.8390728 0.4384883 0.3220017 0
0.5339702 -0.7770528 -0.3332638 0
-0.07491658 1.375148 0.3431358 1

0.2727839 0.3015171 -0.9136064 0
0.2603261 -0.9373282 -0.2316178 0
-0.9261854 -0.174654 -0.3341808 0
-0.04857268 1.419092 0.3969537 1

0.2781198 0.3133828 -0.9079872 0
0.2337362 -0.9389487 -0.2524744 0
-0.9316742 -0.1420114 -0.334389 0
-0.05479743 1.421186 0.4211544 1

0.3040501 0.2878808 -0.9081181 0
-0.06581877 -0.9446228 -0.3214899 0
-0.9503797 0.1575202 -0.2682648 0
-0.06406678 1.409622 0.4363784 1

0.2690332 0.4185063 -0.8674526 0
0.3308511 -0.8860087 -0.3248479 0
-0.9045214 -0.1996028 -0.3768292 0
-0.06252671 1.390562 0.4509134 1

0.304935 -0.5559498 0.7732623 0
-0.3395975 0.6950861 0.6336634 0
-0.8897686 -0.4558239 0.0231567 0
0.1220803 1.363837 0.2049085 1

0.1933886 -0.3188624 0.927862 0
0.4349764 -0.8198281 -0.3723958 0
0.8794299 0.4756151 -0.01984733 0
0.1168377 1.366197 0.2425103 1

0.1941941 -0.3320952 0.9230393 0
0.4641731 -0.7978383 -0.3847051 0
0.8641946 0.5031574 -0.0007856488 0
0.1239608 1.365108 0.2658037 1

0.1888617 -0.3139609 0.9304622 0
0.8330353 -0.4504994 -0.3210959 0
0.5199843 0.8357508 0.1764587 0
0.13819 1.351318 0.2792182 1

0.09912705 -0.3927144 0.9143028 0
0.9949608 0.0530281 -0.08509484 0
-0.01506582 0.9181308 0.3959922 0
0.1286037 1.341233 0.2950912 1

0.3213492 0.3948407 -0.8607183 0
0.5108385 0.6930522 0.508648 0
0.7973573 -0.6031416 0.02101201 0
-0.0462338 1.390137 0.3541431 1

0.2575286 0.2195135 -0.9410064 0
-0.5739935 -0.7486569 -0.3317297 0
-0.77731 0.6255615 -0.06680149 0
-0.04115353 1.392379 0.3903525 1

0.2602535 0.2320959 -0.93723 0
-0.5989476 -0.722541 -0.3452482 0
-0.7573177 0.6512039 -0.04903057 0
-0.04790216 1.393487 0.4137063 1

0.2434933 0.2090863 -0.9470978 0
-0.9008437 -0.3131197 -0.3007275 0
-0.3594328 0.9264121 0.1121114 0
-0.06600841 1.381756 0.4268945 1

0.157765 0.3030883 -0.9398128 0
-0.9706939 0.2223214 -0.09125075 0
0.1812836 0.9266666 0.3292805 0
-0.05557884 1.371956 0.4440916 1

0.4686754 -0.3638024 0.8049791 0
-0.3874183 0.7342955 0.5574204 0
-0.7938834 -0.5731128 0.2032023 0
0.1133357 1.381736 0.2212252 1

0.1950759 -0.3177652 0.9278852 0
0.4350104 -0.8198832 -0.3722342 0
0.8790404 0.4762536 -0.02170801 0
0.1288961 1.34347 0.2321868 1

0.1956446 -0.3308943 0.9231643 0
0.4642381 -0.7979484 -0.384398 0
0.8638324 0.5037733 -0.002500325 0
0.1376382 1.341598 0.2544679 1

0.1903451 -0.3144364 0.9299991 0
0.8327323 -0.4499974 -0.322583 0
0.5199291 0.8358423 0.1761869 0
0.1601722 1.33943 0.2707451 1

0.09916139 -0.389826 0.915534 0
0.9949528 0.05306025 -0.08517048 0
-0.01537684 0.9193588 0.3931203 0
0.1496549 1.342355 0.2932907 1

0.4613701 0.1769808 -0.8693767 0
0.5514737 0.7103971 0.4372787 0
0.6949926 -0.6811858 0.2301558 0
-0.03305116 1.408022 0.3672692 1

0.2581006 0.2190214 -0.9409643 0
-0.5740003 -0.7486625 -0.3317054 0
-0.7771152 0.6257271 -0.06751192 0
-0.05708104 1.371604 0.3811476 1

0.2618375 0.230802 -0.9371082 0
-0.5989331 -0.7225281 -0.3453006 0
-0.7567831 0.6516777 -0.05095026 0
-0.06558829 1.372151 0.4035116 1

0.2431673 0.2100105 -0.946977 0
-0.9008358 -0.3131135 -0.300758 0
-0.3596735 0.9262051 0.1130459 0
-0.08982947 1.373476 0.4189422 1

0.1569073 0.3017673 -0.9403812 0
-0.9707868 0.2221432 -0.09069517 0
0.1815304 0.9271405 0.3278076 0
-0.07621127 1.376681 0.442152 1

0.6876083 -0.09089287 -0.7203702 0
0.01542726 0.9937387 -0.1106595 0
0.7259179 0.06497709 0.6847051 0
0.01107559 0.886948 0.004926476 1

0.7686278 -0.05909782 -0.6369606 0
-0.0065088 0.9949495 -0.1001666 0
0.6396631 0.0811367 0.764361 0
0.01264646 0.9881349 -0.006341362 1

-0.3428609 -0.2594972 0.9028331 0
0.5348753 -0.8440088 -0.03946477 0
0.77224 0.4693723 0.4281762 0
0.05549087 0.8112115 -0.05706063 1

-0.8393551 0.2113288 0.5008227 0
0.1526563 -0.7926171 0.5903003 0
0.5217079 0.5719252 0.6330264 0
-0.05738398 0.8261317 0.06119238 1

0.7850183 -0.03311172 -0.618587 0
0.01643515 0.9993322 -0.03263522 0
0.6192545 0.01545266 0.7850382 0
0.01199541 1.087656 -0.0163607 1

-0.2448806 -0.4379763 0.8649915 0
-0.3901947 -0.7721979 -0.5014563 0
0.8875706 -0.4603121 0.01820025 0
0.2928228 0.4367124 -0.07457171 1

-0.7711494 0.247825 0.5864398 0
-0.4512024 -0.8625959 -0.2287901 0
0.4491605 -0.4410346 0.7770094 0
0.01035177 0.4744365 0.3231168 1

0.8013043 -0.009096093 -0.5981878 0
0.05328439 0.9969957 0.05621687 0
0.5958793 -0.07692093 0.7993817 0
0.01352751 1.180815 -0.01940298 1

-0.1663918 -0.1067456 0.9802649 0
0.776251 -0.6272218 0.06346095 0
0.6080693 0.771491 0.1872259 0
0.1190777 0.09286964 -0.2978593 1

-0.7034565 -0.000246793 0.7107385 0
0.5386099 -0.652652 0.5328648 0
0.4637333 0.7576579 0.459245 0
-0.190559 0.09034109 0.2212414 1

0.8921411 -0.1061269 -0.4391143 0
0.134251 0.9903844 0.03339544 0
0.4313477 -0.08874503 0.8978103 0
0.02251409 1.348962 -0.009921829 1

-0.5167251 0.2660751 -0.8137562 0
0.8451863 0.006897785 -0.5344275 0
-0.1365847 -0.9639278 -0.2284472 0
0.05130596 1.292642 -0.0468941 1

0.3644481 -0.2320855 0.9018393 0
-0.9312191 -0.08776952 0.3537339 0
-0.002942607 -0.9687275 -0.2481099 0
-0.02193667 1.293471 0.007782674 1

-0.166392 -0.1067457 0.9802648 0
0.9858733 0.001325265 0.1674883 0
-0.01917771 0.9942856 0.1050172 0
0.2263313 0.006207049 -0.2890909 1

-0.7034562 -0.0002469495 0.7107388 0
0.7107385 0.0004648837 0.7034561 0
-0.0005042255 1 -0.0001515001 0
-0.1161399 0.0001650453 0.2948667 1

0.9859139 -0.1518584 -0.07009414 0
0.1621396 0.9706322 0.1777184 0
0.04104769 -0.1865802 0.9815819 0
0.04731048 1.438961 0.0187051 1

0.1808463 -0.4854562 -0.855352 0
0.4488716 -0.7330912 0.5109714 0
-0.875105 -0.4763506 0.08533075 0
0.1429087 1.29339 -0.1048163 1

0.3093083 0.5902897 0.7455782 0
-0.2647012 -0.6995977 0.6636992 0
0.9133795 -0.4026429 -0.06014094 0
-0.1228594 1.283959 0.04611931 1

-0.1667924 -0.08363498 0.9824386 0
0.9858733 0.001325265 0.1674883 0
-0.01530982 0.9964958 0.08223252 0
0.3178017 0.006330132 -0.2735512 1

-0.7032462 -0.02398358 0.7105422 0
0.7107385 0.0004648837 0.7034561 0
-0.01720179 0.9997123 0.01671905 0
-0.05019668 0.0002081394 0.3601343 1

0.3209894 -0.5945386 0.7372177 0
-0.2215337 0.70968 0.6687877 0
-0.9208087 -0.3779923 0.09608963 0
0.2678814 1.089286 0.03744591 1

0.101928 0.5193814 -0.8484423 0
0.291039 0.7999982 0.5246901 0
0.9512661 -0.3004101 -0.06961799 0
-0.1965563 1.08918 0.2309032 1

0.9859139 -0.1518584 -0.07009414 0
0.1621396 0.9706322 0.1777184 0
0.04104769 -0.1865802 0.9815819 0
0.08545468 1.623545 0.1553247 1

0.05161232 -0.4303667 0.9011776 0
-0.3939929 0.8204114 0.4143606 0
-0.9176633 -0.3764436 -0.1272178 0
0.2051233 1.29033 0.2269055 1

0.01326451 0.4233344 -0.9058768 0
0.533121 0.7634535 0.3645835 0
0.8459352 -0.4877777 -0.2155616 0
-0.1141083 1.315811 0.3795418 1

-0.5286395 -0.00310009 0.848841 0
-0.6825758 0.5960138 -0.4229167 0
-0.5046093 -0.8029686 -0.3171921 0
0.1795842 1.316168 0.2109481 1

0.06331778 -0.4679148 0.8815026 0
-0.9266336 0.3004321 0.2260334 0
-0.3705959 -0.8311419 -0.4145627 0
0.1633188 1.372832 0.2436227 1

0.05799046 -0.479535 0.8756046 0
-0.8823067 0.3857468 0.2696931 0
-0.4670888 -0.7881917 -0.4007272 0
0.1675656 1.368536 0.2664046 1

0.08114082 -0.4878951 0.8691233 0
-0.8808321 0.3729646 0.2916031 0
-0.4664235 -0.7892124 -0.3994907 0
0.1698233 1.356828 0.2813806 1

0.04479331 -0.5706474 0.819973 0
-0.9242218 0.287904 0.2508506 0
-0.3792203 -0.7690728 -0.5145082 0
0.1708 1.338379 0.2940543 1

-0.5786064 0.09407797 -0.8101631 0
0.7263439 0.5112739 -0.4593738 0
0.3709978 -0.8542535 -0.3641592 0
-0.08727147 1.338303 0.3608422 1

0.04634789 0.4686999 -0.8821411 0
0.9768509 0.163358 0.1381192 0
0.2088411 -0.8681216 -0.4502784 0
-0.06086272 1.392396 0.3911647 1

0.04117283 0.4803962 -0.876085 0
0.9494232 0.2543677 0.1841005 0
0.3112888 -0.8393551 -0.4456262 0
-0.06328405 1.388594 0.4142989 1

0.06578526 0.4853432 -0.8718456 0
0.9480941 0.2420174 0.206266 0
0.3111113 -0.8401605 -0.4442298 0
-0.06545358 1.377214 0.4295381 1

0.04829234 0.5719895 -0.8188385 0
0.9748968 0.1514044 0.1632577 0
0.2173572 -0.8061669 -0.5503191 0
-0.06743027 1.358993 0.4424227 1

0.004816025 -0.5438705 0.8391554 0
-0.7775915 0.5255958 0.34511 0
-0.6287516 -0.6541821 -0.4203776 0
0.1509912 1.341135 0.1932322 1

0.1671004 -0.4243056 0.8899677 0
-0.3951117 -0.8558254 -0.3338413 0
0.9033074 -0.2958517 -0.3106569 0
0.1290333 1.383948 0.251986 1

0.1705008 -0.436904 0.8832015 0
-0.368309 -0.8596148 -0.3541344 0
0.9139354 -0.2649108 -0.3074806 0
0.1349202 1.382808 0.2763832 1

0.1987736 -0.4219636 0.884554 0
-0.07088926 -0.9063907 -0.4164503 0
0.9774784 0.02007401 -0.2100794 0
0.1400575 1.369431 0.2912346 1

0.1473201 -0.5336494 0.8327758 0
-0.4529739 -0.7848785 -0.4228242 0
0.8792677 -0.3149353 -0.3573577 0
0.137528 1.348743 0.3030849 1

0.0008511543 0.5395349 -0.8419633 0
0.868672 0.4166993 0.2679012 0
0.4953874 -0.7316177 -0.468324 0
-0.05685882 1.35971 0.3416078 1

0.1658781 0.3955532 -0.9033399 0
0.2356844 -0.905386 -0.3531708 0
-0.9575686 -0.1543199 -0.2434094 0
-0.02471928 1.39844 0.396275 1

0.1717756 0.4068761 -0.8971876 0
0.2068988 -0.9053127 -0.3709481 0
-0.9631646 -0.1219072 -0.2396927 0
-0.02815538 1.398006 0.4211105 1

0.1976156 0.3819107 -0.902825 0
-0.09854379 -0.9085825 -0.405916 0
-0.9753141 0.1691828 -0.1419149 0
-0.03558863 1.384838 0.4360355 1

0.1669795 0.5072643 -0.8454594 0
0.2949472 -0.8439301 -0.4480944 0
-0.9408106 -0.1745434 -0.2905351 0
-0.03233401 1.364443 0.4482999 1

0.2855431 -0.5880594 0.7567375 0
-0.3739809 0.6586383 0.6529425 0
-0.882385 -0.4694485 -0.03185302 0
0.1244265 1.359091 0.205022 1

0.1645183 -0.3603724 0.9181861 0
0.4617737 -0.7944221 -0.3945366 0
0.8716072 0.4889027 0.03571352 0
0.1177727 1.359557 0.2424715 1

0.165718 -0.3733438 0.9127717 0
0.491035 -0.7714372 -0.4046846 0
0.8552322 0.5152663 0.05548376 0
0.1240552 1.35745 0.2659363 1

0.1598191 -0.3556692 0.9208461 0
0.8515455 -0.4221835 -0.3108564 0
0.4993278 0.8338231 0.2353952 0
0.138009 1.34324 0.2792005 1

0.07204673 -0.4348627 0.8976101 0
0.9963997 0.07170045 -0.04523984 0
-0.04468612 0.8976381 0.4384629 0
0.1280157 1.332261 0.2942056 1

0.2198083 0.4838379 -0.8471045 0
0.5628965 0.6463037 0.5152083 0
0.7967634 -0.5900789 -0.1302879 0
-0.02716432 1.373955 0.3507657 1

0.147902 0.3164828 -0.9369975 0
-0.6052925 -0.7202889 -0.3388302 0
-0.7821423 0.6172709 0.08503249 0
-0.01800227 1.372637 0.3862097 1

0.150993 0.3286638 -0.9322993 0
-0.6317187 -0.6933314 -0.3467322 0
-0.7603505 0.6413049 0.102935 0
-0.02205188 1.371299 0.4101676 1

0.1333025 0.3065067 -0.9424886 0
-0.9280765 -0.2950396 -0.2272138 0
-0.3477136 0.9049894 0.2451322 0
-0.03849575 1.358034 0.424061 1

0.04861826 0.3979991 -0.916097 0
-0.9755772 0.2156236 0.0419029 0
0.2142095 0.8916861 0.398762 0
-0.02614006 1.346721 0.43889 1

0.4448229 -0.3952781 0.8036715 0
-0.4196181 0.7007726 0.5769217 0
-0.7912353 -0.5938631 0.1458541 0
0.1147967 1.376051 0.2218351 1

0.1661855 -0.3592529 0.9183246 0
0.4618028 -0.7944846 -0.3943768 0
0.8712754 0.4896244 0.03387204 0
0.1305739 1.337534 0.2315342 1

0.167143 -0.3721292 0.9130078 0
0.4910907 -0.7715612 -0.4043808 0
0.8549231 0.5159589 0.05378801 0
0.1385241 1.334718 0.2540118 1

0.1613261 -0.3561 0.9204166 0
0.8512887 -0.4216148 -0.3123282 0
0.4992811 0.833927 0.2351262 0
0.1604798 1.332099 0.2709976 1

0.07198828 -0.4320371 0.8989784 0
0.9963937 0.07173593 -0.04531392 0
-0.04491206 0.8989984 0.4356431 0
0.1490973 1.333778 0.2932484 1

0.3587279 0.2700831 -0.8935156 0
0.5950773 0.6713188 0.4418306 0
0.7191645 -0.6902077 0.08010045 0
-0.01263828 1.390633 0.364061 1

0.1484768 0.3159978 -0.9370703 0
-0.6052963 -0.7202972 -0.3388056 0
-0.7820305 0.6175095 0.08432499 0
-0.03479832 1.35265 0.3768077 1

0.1525855 0.3273883 -0.9324887 0
-0.6317104 -0.6933133 -0.3467844 0
-0.7600397 0.6419768 0.101025 0
-0.04070571 1.350826 0.3999291 1

0.132989 0.3074092 -0.9422389 0
-0.9280721 -0.2950302 -0.2272443 0
-0.3478454 0.9046864 0.2460621 0
-0.06303696 1.350233 0.4180525 1

0.04770628 0.3967288 -0.9166957 0
-0.9756057 0.2153892 0.0424445 0
0.2142854 0.8923087 0.3973262 0
-0.04687629 1.351304 0.4397806 1

0.6948638 -0.1239497 -0.708379 0
0.02126627 0.9881452 -0.1520417 0
0.7188269 0.09058373 0.6892623 0
0.01248739 0.8921791 0.007040056 1

0.7697799 -0.08823305 -0.6321819 0
-0.01322388 0.9879832 -0.1539941 0
0.6381724 0.1269014 0.7593628 0
0.01465281 0.9927963 -0.008441499 1

-0.3454615 -0.2648372 0.9002876 0
0.524765 -0.8498567 -0.04863733 0
0.7779963 0.455637 0.43257 0
0.05721001 0.8137208 -0.05122944 1

-0.8370363 0.2044749 0.507504 0
0.1490351 -0.8072683 0.5710572 0
0.5264587 0.5536315 0.6452389 0
-0.05685587 0.8340675 0.06505515 1

0.7914069 -0.05193189 -0.6090798 0
0.0199262 0.9980469 -0.05920528 0
0.610965 0.03471884 0.790896 0
0.01333007 1.091621 -0.02384503 1

-0.258809 -0.4340439 0.862916 0
-0.3834184 -0.7737957 -0.5042129 0
0.8865712 -0.4613527 0.03384486 0
0.2900559 0.436627 -0.07281055 1

-0.7703505 0.2526518 0.5854291 0
-0.4498049 -0.8660845 -0.2181128 0
0.4519244 -0.4313522 0.7808326 0
0.009273044 0.4758714 0.3184412 1

0.813001 -0.01893827 -0.5819542 0
0.06481727 0.9962024 0.05813199 0
0.5786433 -0.08498205 0.8111411 0
0.01518761 1.18466 -0.02936419 1

-0.1668345 -0.1052723 0.9803491 0
0.7765871 -0.6266618 0.06486613 0
0.6075185 0.7721484 0.1863018 0
0.1193281 0.09207284 -0.2973256 1

-0.7034879 -8.791685E-07 0.7107073 0
0.5383055 -0.6529261 0.5328366 0
0.4640388 0.7574216 0.4593259 0
-0.1910154 0.0902226 0.2213202 1

0.8898629 -0.07888818 -0.449356 0
0.1220845 0.9901924 0.06792833 0
0.4395901 -0.1153063 0.8907666 0
0.02611925 1.352673 -0.01956005 1

-0.4475446 0.2992843 -0.8426938 0
0.8759544 -0.04298463 -0.4804751 0
-0.1800215 -0.9531953 -0.2429219 0
0.05493084 1.296013 -0.05599388 1

0.3603405 -0.2239628 0.905536 0
-0.9319035 -0.0433914 0.3601011 0
-0.04135677 -0.9736313 -0.2243474 0
-0.01938094 1.297742 -0.002800927 1

-0.1668347 -0.1052724 0.9803489 0
0.9857858 0.002174661 0.1679934 0
-0.01981711 0.9944413 0.1034131 0
0.2266281 0.00548768 -0.288363 1

-0.7034876 -1.035631E-06 0.7107075 0
0.7107075 0.0001031859 0.7034876 0
-7.399172E-05 1 -7.183105E-05 0
-0.1166385 8.642673E-06 0.2949415 1

0.9899254 -0.1218151 -0.0721719 0
0.1368352 0.9540542 0.2665644 0
0.03638431 -0.2737545 0.9611112 0
0.05001323 1.4419 0.0120928 1

0.2250239 -0.463825 -0.8568726 0
0.4857626 -0.7089376 0.5113144 0
-0.8446295 -0.5312946 0.06578097 0
0.1498683 1.291355 -0.1080686 1

0.379158 0.5321122 0.7570305 0
-0.240364 -0.733398 0.6358871 0
0.8935682 -0.4230648 -0.1501732 0
-0.1203779 1.29304 0.03622577 1

-0.1672498 -0.08215847 0.9824854 0
0.9857858 0.002174661 0.1679934 0
-0.01593882 0.996617 0.08062688 0
0.3180905 0.005689383 -0.2727764 1

-0.7032878 -0.02373765 0.7105091 0
0.7107075 0.0001031859 0.7034876 0
-0.01677239 0.9997181 0.01679801 0
-0.05069805 1.823902E-05 0.3602121 1

0.3388722 -0.5678408 0.7501483 0
-0.2835789 0.6985965 0.6569216 0
-0.8970779 -0.4353386 0.07570747 0
0.285112 1.093976 0.03428905 1

0.07442972 0.5962062 -0.7993738 0
0.3499389 0.735007 0.5807816 0
0.9338109 -0.3229595 -0.1539294 0
-0.1872989 1.08885 0.2132664 1

0.9899254 -0.1218151 -0.0721719 0
0.1368352 0.9540542 0.2665644 0
0.03638431 -0.2737545 0.9611112 0
0.08238089 1.614184 0.1652648 1

0.02594712 -0.4437459 0.895777 0
-0.4603262 0.7901179 0.4047389 0
-0.8873705 -0.4228514 -0.1837664 0
0.2047773 1.29188 0.2203871 1

-0.1300479 0.5537732 -0.8224494 0
0.5370203 0.7366319 0.4110754 0
0.8334847 -0.3882123 -0.3931849 0
-0.08816529 1.297069 0.3777951 1

-0.573125 -0.04743068 0.8180941 0
-0.6901491 0.5662116 -0.4506645 0
-0.4418391 -0.8228941 -0.3572443 0
0.1787682 1.3166 0.2034473 1

0.04074612 -0.4802347 0.8761929 0
-0.9526334 0.2458336 0.1790405 0
-0.301379 -0.841986 -0.447471 0
0.1576678 1.371684 0.2360572 1

0.03639257 -0.4920127 0.8698272 0
-0.9154907 0.3325789 0.2264246 0
-0.4006898 -0.8045588 -0.4383296 0
0.1608964 1.367198 0.258969 1

0.06028464 -0.4989915 0.8645074 0
-0.9145137 0.3194872 0.2481791 0
-0.400038 -0.8055654 -0.4370744 0
0.1629727 1.35535 0.2738611 1

0.03125611 -0.5826468 0.8121244 0
-0.9508942 0.2329914 0.2037532 0
-0.3079339 -0.7786127 -0.5467529 0
0.1642669 1.336747 0.2862779 1

-0.6859755 0.1723569 -0.7069163 0
0.630908 0.6248852 -0.4598626 0
0.3624809 -0.7614537 -0.5373974 0
-0.06527176 1.323968 0.3596796 1

-0.09647 0.5973361 -0.796168 0
0.9768019 0.2104624 0.03954524 0
0.1911851 -0.7738833 -0.6037823 0
-0.03786761 1.374675 0.3946181 1

-0.101384 0.6075951 -0.7877496 0
0.9511185 0.2913789 0.1023323 0
0.2917102 -0.7388684 -0.6074361 0
-0.03696933 1.367296 0.4169845 1

-0.07671398 0.6136039 -0.7858785 0
0.9534094 0.2757925 0.1222677 0
0.2917632 -0.7398842 -0.6061729 0
-0.03648796 1.353641 0.4303918 1

-0.09139925 0.6898795 -0.7181312 0
0.9788519 0.1947783 0.06253347 0
0.1830169 -0.6972284 -0.6930925 0
-0.03577801 1.333605 0.4403911 1

-0.01111332 -0.5584244 0.8294811 0
-0.8228567 0.476427 0.3097163 0
-0.5681401 -0.6791021 -0.4647978 0
0.1498579 1.340318 0.184569 1

0.1413688 -0.4312679 0.8910795 0
-0.3288663 -0.8694592 -0.3686298 0
0.9337355 -0.2409333 -0.264744 0
0.1224203 1.38078 0.2426817 1

0.1458175 -0.4435364 0.8843148 0
-0.3008307 -0.87142 -0.387464 0
0.9424638 -0.2095301 -0.260498 0
0.1270232 1.379503 0.2673468 1

0.1731139 -0.4271235 0.8874665 0
0.00165695 -0.9009438 -0.4339332 0
0.9849006 0.07659026 -0.1552584 0
0.1320689 1.366147 0.2822478 1

0.1307523 -0.5404292 0.8311681 0
-0.385595 -0.8000782 -0.4595558 0
0.9133565 -0.2604063 -0.3129991 0
0.1300348 1.345135 0.293613 1

-0.139771 0.6579289 -0.7399957 0
0.8740473 0.4331601 0.2200311 0
0.4653013 -0.6160371 -0.6356044 0
-0.0388551 1.350132 0.3404247 1

0.02275935 0.5369327 -0.8433181 0
0.2326796 -0.8232172 -0.5178551 0
-0.9722874 -0.184437 -0.1436692 0
-0.00172598 1.382462 0.3960814 1

0.02883518 0.5476027 -0.8362415 0
0.2018073 -0.8225515 -0.5316794 0
-0.9790006 -0.1534286 -0.1342286 0
-0.001777955 1.378077 0.4207707 1

0.05494136 0.5256761 -0.8489087 0
-0.104987 -0.842439 -0.5284646 0
-0.9929548 0.1181587 0.008904308 0
-0.006455624 1.362328 0.4342432 1

0.02583474 0.6385311 -0.7691624 0
0.2754433 -0.7441825 -0.6085421 0
-0.96097 -0.1961392 -0.1951049 0
-0.000539341 1.340617 0.4426423 1

0.2756846 -0.5858877 0.7620589 0
-0.4445073 0.6252222 0.6414909 0
-0.8522973 -0.5155898 -0.08806708 0
0.1217469 1.356594 0.1951497 1

0.1337552 -0.3681056 0.9201131 0
0.525401 -0.7608929 -0.380784 0
0.840276 0.5343601 0.09162974 0
0.1130476 1.356001 0.2321757 1

0.1359567 -0.3808902 0.9145701 0
0.5538685 -0.7361802 -0.3889326 0
0.8214289 0.5594295 0.1108741 0
0.1181487 1.353796 0.2559166 1

0.1286676 -0.3637127 0.922582 0
0.8890594 -0.3698424 -0.2697968 0
0.4393383 0.8549442 0.2757754 0
0.1321167 1.340112 0.2697085 1

0.04676113 -0.4470679 0.8932769 0
0.9919587 0.1260679 0.01116741 0
-0.1176065 0.8855718 0.4493682 0
0.1219373 1.328333 0.2839623 1

0.07910535 0.6194599 -0.7810327 0
0.5927075 0.6007311 0.5364882 0
0.8015235 -0.505363 -0.3196375 0
-0.008976736 1.364939 0.3479463 1

0.004543126 0.462696 -0.8865056 0
-0.6072233 -0.7030829 -0.3700737 0
-0.7945184 0.539988 0.2777655 0
0.004905424 1.359 0.3813225 1

0.007602751 0.4742281 -0.8803693 0
-0.6358259 -0.6772114 -0.3702839 0
-0.771795 0.5625767 0.2963779 0
0.004175401 1.353812 0.4050862 1

-0.01012567 0.4526319 -0.8916399 0
-0.9336675 -0.3235175 -0.1536273 0
-0.3579977 0.8309398 0.4258837 0
-0.009552755 1.337476 0.4186535 1

-0.09512118 0.5328484 -0.8408477 0
-0.970994 0.1364757 0.1963292 0
0.2193691 0.8351333 0.5044109 0
0.005245036 1.324989 0.4298629 1

0.4213718 -0.3857234 0.82077 0
-0.4881757 0.6662533 0.5637301 0
-0.7642843 -0.6382195 0.09243965 0
0.110301 1.372694 0.211668 1

0.1353484 -0.3669008 0.920361 0
0.5254245 -0.7609566 -0.3806236 0
0.840006 0.5350971 0.08978429 0
0.1276127 1.334907 0.2216196 1

0.1372982 -0.3796052 0.9149039 0
0.5539142 -0.7363066 -0.388628 0
0.8211749 0.560136 0.1091751 0
0.1344692 1.332104 0.2444562 1

0.1302171 -0.3640536 0.92223 0
0.8888525 -0.369261 -0.2712714 0
0.4393006 0.8550506 0.275506 0
0.1555774 1.330353 0.2625891 1

0.04647377 -0.4442755 0.8946841 0
0.9919549 0.1261046 0.01109359 0
-0.1177525 0.8869707 0.446562 0
0.1429249 1.331 0.2841986 1

0.2214046 0.4255486 -0.8774331 0
0.6134366 0.6386694 0.4645395 0
0.7580736 -0.6411007 -0.1196426 0
0.006318531 1.380441 0.3617908 1

0.005127281 0.4622697 -0.8867246 0
-0.6072235 -0.7030951 -0.3700505 0
-0.7945147 0.5403373 0.2770961 0
-0.01194421 1.339491 0.3710535 1

0.009219021 0.4731126 -0.8809538 0
-0.6358253 -0.6771848 -0.3703332 0
-0.7717781 0.563547 0.2945742 0
-0.0145997 1.333814 0.3941522 1

-0.01044899 0.4534622 -0.8912144 0
-0.9336677 -0.3235036 -0.1536562 0
-0.3579881 0.8304924 0.4267632 0
-0.03424185 1.328922 0.4145909 1

-0.0960384 0.5316196 -0.8415208 0
-0.9709375 0.1361617 0.1968265 0
0.2192197 0.8359668 0.5030929 0
-0.01539379 1.32789 0.434036 1

0.7255005 -0.1748831 -0.6656312 0
0.02564372 0.9733733 -0.2277867 0
0.6877437 0.1481901 0.7106675 0
0.01560692 0.8993018 0.01535849 1

0.797322 -0.1533033 -0.5837599 0
-0.01364195 0.9623793 -0.2713667 0
0.6033999 0.2243303 0.7652349 0
0.01821808 0.9984149 -0.007835754 1

-0.3660558 -0.2805821 0.8872864 0
0.4996133 -0.8636545 -0.06699044 0
0.785105 0.4187777 0.4563282 0
0.06301775 0.8167922 -0.03459679 1

-0.8621742 0.1806072 0.4733251 0
0.1296869 -0.8244824 0.5508268 0
0.4897315 0.5362927 0.687425 0
-0.05607732 0.8454999 0.07467055 1

0.825563 -0.1136035 -0.5527567 0
0.02786192 0.9865379 -0.1611422 0
0.5636218 0.1176322 0.8176144 0
0.01685352 1.094679 -0.03497968 1

-0.2952465 -0.4388575 0.848666 0
-0.3737802 -0.7644104 -0.525324 0
0.8792714 -0.4723146 0.0616532 0
0.2847034 0.4335761 -0.06432144 1

-0.7792644 0.2397719 0.5790134 0
-0.4322542 -0.8746119 -0.2195683 0
0.4537657 -0.4213828 0.7851964 0
0.001466545 0.4796656 0.3190801 1

0.8529187 -0.07880877 -0.5160609 0
0.07710233 0.9967151 -0.02477979 0
0.5163187 -0.01865433 0.8561934 0
0.01945083 1.186645 -0.05000149 1

-0.1653543 -0.1016991 0.9809768 0
0.7742271 -0.6295368 0.06523958 0
0.610926 0.7702864 0.1828348 0
0.1182673 0.0932008 -0.2982367 1

-0.7034879 -1.087785E-06 0.7107072 0
0.5383171 -0.6529072 0.5328481 0
0.4640253 0.757438 0.459313 0
-0.191007 0.09021974 0.221311 1

0.9101747 -0.06823967 -0.408565 0
0.08965902 0.9954097 0.03348047 0
0.4044048 -0.06710461 0.912115 0
0.03245439 1.354744 -0.0541807 1

-0.3423231 0.2453188 -0.9069916 0
0.9143862 -0.1350693 -0.3816468 0
-0.2161319 -0.959987 -0.1780789 0
0.06289642 1.294784 -0.08326597 1

0.3135254 -0.1275827 0.9409701 0
-0.9448426 0.05694444 0.3225366 0
-0.09473325 -0.9901918 -0.1026921 0
-0.01506402 1.301986 -0.03609575 1

-0.1653546 -0.1016992 0.9809767 0
0.9861096 -0.001230203 0.1660922 0
-0.01568478 0.9948146 0.1004899 0
0.2252412 0.006218672 -0.2892226 1

-0.7034877 -1.236796E-06 0.7107074 0
0.7107074 0.0001281761 0.7034878 0
-9.194016E-05 1 -8.929521E-05 0
-0.1166284 8.583069E-06 0.2949339 1

0.9990832 -0.03396038 -0.02607048 0
0.04046264 0.9479778 0.3157546 0
0.01399115 -0.31652 0.9484828 0
0.05231958 1.445828 -0.02513943 1

0.313306 -0.5015921 -0.8063776 0
0.5304305 -0.6118956 0.5867091 0
-0.7877075 -0.6115468 0.07434931 0
0.1619992 1.280145 -0.1246295 1

0.5530361 0.4698941 0.6880049 0
-0.183422 -0.7368528 0.6506954 0
0.8127162 -0.4860532 -0.3213174 0
-0.1174633 1.308157 -0.001140176 1

-0.1656742 -0.07857762 0.9830453 0
0.9861096 -0.001230203 0.1660922 0
-0.01184191 0.9969074 0.0776899 0
0.3167337 0.006104529 -0.2738124 1

-0.7032873 -0.02373791 0.7105093 0
0.7107074 0.0001281761 0.7034878 0
-0.01679035 0.9997183 0.01678049 0
-0.05068802 2.032518E-05 0.3602045 1

0.375879 -0.496273 0.7825782 0
-0.3710001 0.6932787 0.617838 0
-0.8491609 -0.5225688 0.0764716 0
0.3096792 1.109784 0.03871921 1

0.1053846 0.7486947 -0.654485 0
0.5004344 0.5288115 0.6855103 0
0.8593368 -0.3997687 -0.318944 0
-0.1685308 1.103006 0.1800233 1

0.9990832 -0.03396038 -0.02607048 0
0.04046264 0.9479778 0.3157546 0
0.01399115 -0.31652 0.9484828 0
0.06221798 1.612509 0.1370658 1

0.03327429 -0.4254518 0.9043692 0
-0.5917202 0.7208515 0.3608886 0
-0.8054568 -0.5471417 -0.2277626 0
0.204579 1.306182 0.2137454 1

-0.1538654 0.7975212 -0.58334 0
0.6693984 0.518384 0.5321504 0
0.7267953 -0.3086071 -0.6136209 0
-0.02676353 1.252812 0.3742205 1

-0.6099703 -0.1195428 0.7833558 0
-0.7343009 0.4568902 -0.5020499 0
-0.297891 -0.881454 -0.3664697 0
0.1764241 1.326748 0.1948018 1

0.05427387 -0.4596734 0.8864282 0
-0.9870662 0.1094133 0.1171739 0
-0.1508487 -0.8813224 -0.4477896 0
0.1457604 1.37862 0.2249994 1

0.05203417 -0.4720224 0.8800498 0
-0.965584 0.201095 0.1649506 0
-0.2548339 -0.858345 -0.4453133 0
0.1481729 1.374897 0.2481472 1

0.07695627 -0.4755807 0.8762996 0
-0.9641051 0.1885207 0.1869801 0
-0.2541247 -0.8592341 -0.4440019 0
0.1509849 1.363634 0.2633688 1

0.06336135 -0.5631024 0.8239548 0
-0.985052 0.09722805 0.1421964 0
-0.1601825 -0.8206477 -0.5485243 0
0.154134 1.345546 0.2762074 1

-0.7361642 0.4464789 -0.5086442 0
0.646862 0.6852161 -0.3347374 0
0.1990777 -0.5754441 -0.7932416 0
-0.002925728 1.282119 0.3620286 1

-0.1122572 0.8273934 -0.5502899 0
0.9934564 0.1051801 -0.04451758 0
0.0210458 -0.5516864 -0.8337862 0
0.03450198 1.316458 0.4063342 1

-0.1148324 0.8347701 -0.538491 0
0.9856069 0.1634444 0.04319209 0
0.1240687 -0.5257804 -0.8415238 0
0.03705261 1.302232 0.4249524 1

-0.08955359 0.8378003 -0.5385824 0
0.9882156 0.1421436 0.05679613 0
0.1241396 -0.5271491 -0.8406565 0
0.03736452 1.285001 0.433286 1

-0.0865757 0.8891843 -0.4492843 0
0.9961697 0.08282548 -0.02803844 0
0.0122807 -0.4499907 -0.8929489 0
0.03670413 1.262828 0.4364222 1

0.01699814 -0.5449791 0.8382777 0
-0.8995836 0.3576095 0.2507292 0
-0.4364179 -0.7583623 -0.4841754 0
0.1456643 1.345887 0.1737709 1

0.1458308 -0.3966898 0.9062951 0
-0.1789748 -0.9115517 -0.3701921 0
0.9729861 -0.1082187 -0.2039297 0
0.1092389 1.382668 0.2293348 1

0.1523817 -0.408273 0.9000517 0
-0.1498367 -0.9097038 -0.3872834 0
0.9768977 -0.07584588 -0.1997964 0
0.1124463 1.382337 0.2542504 1

0.1768301 -0.3881 0.9044942 0
0.1560664 -0.8962935 -0.4150924 0
0.9717895 0.2145618 -0.09792218 0
0.1184051 1.370005 0.2696873 1

0.1545053 -0.5069127 0.8480376 0
-0.2392463 -0.8519943 -0.4656894 0
0.9585873 -0.1309385 -0.2529147 0
0.1186721 1.349046 0.2813265 1

-0.1407875 0.8700673 -0.4724005 0
0.9411471 0.2657118 0.2089015 0
0.3072804 -0.4151874 -0.85627 0
0.02415894 1.31081 0.3480128 1

-0.007847443 0.7757298 -0.6310167 0
0.06568915 -0.6292732 -0.7744033 0
-0.9978094 -0.04752839 -0.04601881 0
0.07125985 1.320349 0.404687 1

0.0003011525 0.7830184 -0.621999 0
0.03375238 -0.6216525 -0.782566 0
-0.9994303 -0.02075867 -0.02661598 0
0.07352013 1.30828 0.4265506 1

0.02179658 0.7642521 -0.6445495 0
-0.2706485 -0.616119 -0.739694 0
-0.9624317 0.1905688 0.1934142 0
0.06849327 1.289479 0.435075 1

0.01655661 0.8474745 -0.5305783 0
0.1072452 -0.5290948 -0.8417586 0
-0.9940948 -0.04296561 -0.09964758 0
0.07256625 1.265809 0.4354128 1

0.3084001 -0.5320021 0.7885832 0
-0.5673252 0.5625591 0.6013897 0
-0.7635651 -0.6328515 -0.1283249 0
0.1149321 1.358104 0.1823366 1

0.1275677 -0.3349385 0.9335647 0
0.6503945 -0.682376 -0.3336922 0
0.7488086 0.6497536 0.1307932 0
0.1041381 1.356689 0.2187843 1

0.1318963 -0.3473396 0.9284175 0
0.6755207 -0.6539481 -0.3406232 0
0.7254485 0.672092 0.1483817 0
0.1080262 1.355501 0.2428256 1

0.1217664 -0.3312889 0.9356393 0
0.9474255 -0.2422308 -0.2090688 0
0.2959028 0.9119058 0.284376 0
0.1229149 1.344105 0.2576925 1

0.05446318 -0.4257984 0.9031775 0
0.9614882 0.2664 0.06761363 0
-0.2693965 0.8647122 0.4239094 0
0.1136479 1.331154 0.271547 1

0.06526767 0.8289029 -0.5555724 0
0.721719 0.3452718 0.5999244 0
0.6891022 -0.4401225 -0.5756998 0
0.05633105 1.319893 0.3551538 1

-0.04013774 0.7210895 -0.6916786 0
-0.7295943 -0.4941229 -0.4727954 0
-0.6827016 0.4856675 0.5459356 0
0.073132 1.302415 0.3826165 1

-0.03496166 0.7297427 -0.6828278 0
-0.7545465 -0.4672892 -0.460761 0
-0.6553147 0.4991162 0.5669619 0
0.07451577 1.289941 0.4034648 1

-0.05645131 0.7144578 -0.6973979 0
-0.9784021 -0.1787111 -0.1038852 0
-0.1988538 0.6764709 0.7091151 0
0.06050916 1.271303 0.4132541 1

-0.1242179 0.7808141 -0.6122904 0
-0.9167584 0.1457799 0.3718905 0
0.3796373 0.6075179 0.6977094 0
0.07481838 1.254698 0.4177359 1

0.4203519 -0.312458 0.8518654 0
-0.6114876 0.5960681 0.520371 0
-0.6703638 -0.739644 0.05949406 0
0.1003236 1.372589 0.1978223 1

0.1289558 -0.3335162 0.9338833 0
0.650417 -0.682434 -0.3335297 0
0.7485512 0.6504238 0.1289208 0
0.1221682 1.337773 0.2095337 1

0.1330189 -0.3458728 0.9288048 0
0.675565 -0.6540633 -0.3403143 0
0.7252022 0.6727359 0.1466567 0
0.1279312 1.336232 0.2327885 1

0.1233673 -0.3314092 0.9353869 0
0.9472295 -0.2417015 -0.2105643 0
0.2958674 0.9120026 0.2841026 0
0.1479158 1.337713 0.2521755 1

0.05369666 -0.4230601 0.9045093 0
0.961484 0.2664349 0.06753877 0
-0.269566 0.8660443 0.4210721 0
0.1339909 1.336791 0.2729776 1

0.1699089 0.6652288 -0.7270503 0
0.7385702 0.4024787 0.5408561 0
0.652415 -0.6288737 -0.4229334 0
0.07495558 1.328803 0.3706354 1

-0.03964129 0.7207096 -0.692103 0
-0.7295933 -0.4941419 -0.4727773 0
-0.6827317 0.4862117 0.5454131 0
0.05288674 1.288704 0.3694972 1

-0.03357705 0.7287449 -0.6839617 0
-0.7545485 -0.4672486 -0.4607995 0
-0.655385 0.5006098 0.5655622 0
0.05223505 1.276142 0.3898592 1

-0.05661611 0.7151306 -0.6966944 0
-0.9784038 -0.1786885 -0.1039079 0
-0.1987986 0.6757655 0.7098031 0
0.03463709 1.266578 0.4105068 1

-0.125354 0.7799473 -0.613163 0
-0.9166844 0.1453191 0.3722528 0
0.3794421 0.6087405 0.6967492 0
0.05533245 1.257797 0.4256406 1

0.7428502 -0.2564166 -0.6184045 0
0.02809197 0.9348652 -0.3538895 0
0.6688681 0.2455147 0.701668 0
0.02460523 0.9006491 0.04119042 1

0.8199582 -0.2686322 -0.5054752 0
0.001495928 0.884047 -0.4673955 0
0.5724214 0.3824887 0.7252834 0
0.02746568 0.9958411 0.005155843 1

-0.3605671 -0.3189332 0.876512 0
0.4713863 -0.8731926 -0.1238132 0
0.8048519 0.3685327 0.465185 0
0.07355974 0.8125833 0.003786892 1

-0.8914917 0.1601854 0.4237732 0
0.0955435 -0.8478884 0.5214949 0
0.4428481 0.505397 0.7405804 0
-0.04838338 0.8546753 0.1053017 1

0.8563116 -0.2321618 -0.4613368 0
0.06018653 0.9320402 -0.3573217 0
0.5129408 0.2782125 0.8120896 0
0.02761531 1.08427 -0.04159622 1

-0.3067357 -0.4658793 0.8299819 0
-0.3693229 -0.7454348 -0.5549122 0
0.8772194 -0.4767427 0.05659145 0
0.2827207 0.425135 -0.05115082 1

-0.8116658 0.2267913 0.5382981 0
-0.4154897 -0.8719005 -0.2591488 0
0.4105696 -0.4339994 0.801921 0
-0.005989412 0.4784554 0.3366963 1

0.889183 -0.2024521 -0.4103254 0
0.1214364 0.9690424 -0.2149649 0
0.4411428 0.1413147 0.886241 0
0.03322595 1.171155 -0.07490607 1

-0.1650064 -0.1085783 0.9802978 0
0.7756222 -0.6282459 0.06096992 0
0.609248 0.7704011 0.1878803 0
0.1182693 0.09320927 -0.2982411 1

-0.703489 -1.162291E-06 0.7107064 0
0.5383312 -0.6528831 0.5328632 0
0.4640075 0.7574588 0.4592966 0
-0.190998 0.09021688 0.2213029 1

0.9251351 -0.1494095 -0.3490012 0
0.09175099 0.9800425 -0.1763478 0
0.368384 0.1311244 0.9203801 0
0.05370659 1.334587 -0.1111606 1

-0.2466328 0.07214701 -0.9664196 0
0.9294713 -0.2646766 -0.2569626 0
-0.2743276 -0.9616347 -0.001780678 0
0.08389878 1.269256 -0.1248737 1

0.3030443 0.07110164 0.9503204 0
-0.9296467 0.2413588 0.2783937 0
-0.2095741 -0.9678279 0.1392418 0
0.002623532 1.287759 -0.08736774 1

-0.1650067 -0.1085784 0.9802977 0
0.9861307 -0.0001570582 0.165971 0
-0.01786681 0.9940881 0.1070985 0
0.2254359 0.006405354 -0.289817 1

-0.7034887 -1.311302E-06 0.7107066 0
0.7107065 0.000159841 0.7034886 0
-0.0001145601 1 -0.0001115352 0
-0.1166175 8.940697E-06 0.2949279 1

0.9962478 0.06358156 0.05871937 0
-0.06357187 0.9979751 -0.002034754 0
-0.05872977 -0.001705736 0.9982725 0
0.07274383 1.429867 -0.1014865 1

0.3966125 -0.7287468 -0.5582355 0
0.4896362 -0.3464481 0.800144 0
-0.7765019 -0.5906792 0.2194152 0
0.1846365 1.24057 -0.1527237 1

0.8331633 0.192694 0.5183705 0
-0.235731 -0.7241706 0.6480801 0
0.5002698 -0.6621525 -0.5579287 0
-0.09812883 1.313916 -0.05719626 1

-0.165377 -0.08547188 0.9825198 0
0.9861307 -0.0001570582 0.165971 0
-0.01403148 0.9963407 0.08431248 0
0.3169304 0.006390691 -0.274418 1

-0.7032878 -0.02373803 0.710509 0
0.7107065 0.000159841 0.7034886 0
-0.01681308 0.9997182 0.01675828 0
-0.05067716 2.372265E-05 0.3601986 1

0.4175981 -0.3529944 0.8372617 0
-0.359697 0.7819554 0.5090817 0
-0.834404 -0.5137518 0.1995721 0
0.3209586 1.144113 0.07004847 1

0.3906751 0.7913127 -0.4703162 0
0.7260844 0.04916078 0.685846 0
0.5658396 -0.6094321 -0.555354 0
-0.1637599 1.112296 0.1232391 1

0.9962478 0.06358156 0.05871937 0
-0.06357187 0.9979751 -0.002034754 0
-0.05872977 -0.001705736 0.9982725 0
0.0534722 1.638898 -0.0008585416 1

0.08949307 -0.3458384 0.9340166 0
-0.5833188 0.7419182 0.3306009 0
-0.8072981 -0.5744156 -0.1353375 0
0.2190605 1.365632 0.2142653 1

0.2757353 0.9046472 -0.3249362 0
0.9071293 -0.1330848 0.3992555 0
0.3179412 -0.4048479 -0.8573283 0
0.04193132 1.126223 0.3175313 1

-0.5644374 -0.0592816 0.8233446 0
-0.7680721 0.4031649 -0.4975175 0
-0.3024498 -0.9132054 -0.2730938 0
0.189576 1.384153 0.1952348 1

0.1100614 -0.3812156 0.9179115 0
-0.9809518 0.1070626 0.1620841 0
-0.1600628 -0.9182661 -0.3621708 0
0.1597271 1.438049 0.2225692 1

0.1076871 -0.3940927 0.9127402 0
-0.9584558 0.20276 0.2006262 0
-0.2641324 -0.896426 -0.3558857 0
0.1634554 1.436355 0.2457799 1

0.1324252 -0.3976565 0.9079277 0
-0.9555715 0.1921416 0.223529 0
-0.2633384 -0.8971905 -0.3545449 0
0.1672791 1.426476 0.2617241 1

0.1174853 -0.489506 0.8640492 0
-0.9773771 0.09709489 0.1879013 0
-0.1758735 -0.8665775 -0.4670248 0
0.171425 1.409595 0.2758594 1

-0.3860622 0.9098502 -0.152081 0
0.8780524 0.3119009 -0.3629634 0
-0.2828081 -0.2736616 -0.9193091 0
0.07670829 1.14082 0.3051504 1

0.3307261 0.894558 -0.3006436 0
0.8472999 -0.4217474 -0.322819 0
-0.4155758 -0.1479707 -0.8974416 0
0.1324428 1.132447 0.3421164 1

0.3345395 0.8975077 -0.2873387 0
0.8866671 -0.4030581 -0.2266407 0
-0.3192258 -0.1789536 -0.9306293 0
0.1284115 1.113536 0.355594 1

0.356441 0.8866866 -0.2945113 0
0.8778574 -0.4257439 -0.2193371 0
-0.3198697 -0.1803583 -0.9301369 0
0.1195153 1.09706 0.359573 1

0.4005535 0.8938131 -0.2016318 0
0.8383142 -0.4463137 -0.313103 0
-0.3698465 -0.04361638 -0.9280687 0
0.10626 1.079068 0.3579761 1

0.07166928 -0.4707852 0.8793321 0
-0.890543 0.3668487 0.2689899 0
-0.4492181 -0.8023613 -0.3929625 0
0.1574016 1.401041 0.1743938 1

0.2014872 -0.3156516 0.9272362 0
-0.1834208 -0.9420641 -0.2808422 0
0.9621643 -0.1134884 -0.247711 0
0.1234319 1.44201 0.2285663 1

0.207884 -0.3276474 0.9216462 0
-0.1552888 -0.9413358 -0.2996206 0
0.9657483 -0.08083521 -0.2465685 0
0.1279925 1.443857 0.2532031 1

0.2321938 -0.306872 0.9229927 0
