MeshAnim
1
95
65
30
0.9998392 0.01792926 9.717677E-05 0
-0.01792944 0.999803 0.008513775 0
5.548804E-05 -0.008514149 0.9999638 0
0.001135577 0.9113595 0.01081559 1

0.9999324 0.01138573 0.002354541 0
-0.01160105 0.9904875 0.1371129 0
-0.0007710117 -0.137131 0.9905527 0
-0.0006900763 1.013164 0.0116825 1

-0.9043645 -0.1686465 0.3920245 0
0.3726916 -0.7596288 0.5329776 0
0.2079083 0.6281103 0.7498344 0
0.08441357 0.8452556 -0.004874602 1

-0.909519 0.3031254 -0.2844124 0
-0.4121271 -0.7466857 0.5221223 0
-0.05409813 0.5920942 0.8040509 0
-0.0797158 0.842312 -0.004890507 1

0.9999812 -0.006130362 -0.000391338 0
0.005596282 0.8828883 0.4695497 0
-0.002533001 -0.469543 0.882906 0
-0.001850492 1.112239 0.02539746 1

-0.9363874 -0.1965871 0.2907444 0
0.102221 -0.9452533 -0.3099152 0
0.3357524 -0.2604806 0.9052185 0
0.2497823 0.5081972 0.2316154 1

-0.9585118 0.1470841 -0.2441749 0
-0.0697167 -0.9515429 -0.2995091 0
-0.276396 -0.2700599 0.9223194 0
-0.2625823 0.5109971 0.2267824 1

0.999732 -0.02154772 -0.008453322 0
0.02165835 0.7419988 0.6700512 0
-0.008165726 -0.6700547 0.7422667 0
-0.001328801 1.194543 0.06916933 1

-0.9716665 -6.202608E-07 0.2363564 0
0.1832192 -0.6317405 0.7532163 0
0.1493154 0.77518 0.6138412 0
0.2952991 0.08729661 0.0936169 1

-0.994507 -8.251518E-07 -0.1046704 0
-0.08113794 -0.6317404 0.770922 0
-0.06612513 0.7751802 0.6282702 0
-0.2936257 0.08729553 0.09341753 1

0.999746 -0.01031823 -0.02003346 0
0.02146913 0.706248 0.707639 0
0.006847003 -0.7078894 0.7062901 0
0.002323949 1.319683 0.1821756 1

0.04522766 0.9146129 -0.4017931 0
0.996465 -0.0128009 0.08302756 0
0.07079477 -0.4041279 -0.9119588 0
0.04684936 1.282036 0.1378135 1

0.08435005 -0.9262689 0.3673024 0
-0.9899672 -0.03596611 0.1366438 0
-0.1133584 -0.375143 -0.9200097 0
-0.04453036 1.284004 0.1385849 1

-0.9816967 0.1840301 0.04903613 0
0.06944539 0.1061471 0.9919224 0
0.1773385 0.9771726 -0.1169843 0
0.3206142 9.894371E-06 0.1976877 1

-0.9925659 -0.01282936 0.1210313 0
0.119972 0.06428979 0.9906937 0
-0.02049099 0.997849 -0.06227265 0
-0.3048364 8.881092E-06 0.1999348 1

0.9991403 -0.01521151 0.03856504 0
-0.001266214 0.9186187 0.3951429 0
-0.04143729 -0.394852 0.91781 0
0.004524106 1.365549 0.2683487 1

0.4425821 0.5343896 -0.7201033 0
0.6354102 -0.7535288 -0.1686656 0
-0.6327518 -0.3829127 -0.6730549 0
0.154848 1.280648 0.1468122 1

0.5938932 -0.4496337 0.6671736 0
-0.6284918 -0.7769912 0.03581615 0
0.5022839 -0.4405839 -0.7440408 0
-0.1518201 1.280106 0.1533939 1

-0.9773154 0.2066651 0.04630719 0
0.06944539 0.1061471 0.9919224 0
0.2000803 0.972637 -0.1180911 0
0.3270574 0.00985831 0.2897196 1

-0.9917998 -0.03651137 0.1224753 0
0.119972 0.06428979 0.9906937 0
-0.04404543 0.9972632 -0.05938216 0
-0.2937052 0.005973756 0.2918527 1

0.5219872 -0.5664952 -0.6376616 0
-0.2213756 -0.8119524 0.540117 0
-0.8237246 -0.1407714 -0.5492368 0
0.3317558 1.070855 0.09985314 1

0.846157 0.3501663 0.4017488 0
0.2447715 -0.9249809 0.290684 0
0.4733978 -0.1476275 -0.8683899 0
-0.3268018 1.06378 0.1633657 1

0.9991403 -0.01521151 0.03856504 0
-0.001266214 0.9186187 0.3951429 0
-0.04143729 -0.394852 0.91781 0
6.399187E-05 1.518146 0.444091 1

0.2934164 -0.5696737 -0.76771 0
-0.4399758 -0.7934228 0.4205964 0
-0.8487214 0.2143641 -0.4834459 0
0.2690425 0.8408381 0.2528621 1

0.6488637 0.2254247 0.726746 0
0.3029851 -0.9526678 0.02498638 0
0.6979799 0.2039805 -0.686452 0
-0.2574609 0.8017435 0.245713 1

0.3955127 -0.8162138 -0.4211469 0
-0.9165865 -0.3214896 -0.2377254 0
0.05864054 0.4800411 -0.8752838 0
0.2369703 0.8399337 0.2762085 1

0.5445929 -0.6095993 -0.5760273 0
-0.7915356 -0.6006432 -0.1126909 0
-0.2772905 0.5173168 -0.8096256 0
0.2179424 0.7825547 0.3060167 1

0.3137763 -0.3239927 -0.8925095 0
-0.7925858 -0.6069657 -0.05830995 0
-0.5228306 0.7256868 -0.4472434 0
0.2271016 0.765205 0.292955 1

0.2245573 -0.2016427 -0.9533699 0
-0.7925861 -0.6069651 -0.05830995 0
-0.5669047 0.7687222 -0.2961178 0
0.234096 0.7580752 0.2766245 1

0.05883709 -0.4419039 -0.8951308 0
-0.8867637 -0.4349462 0.1564352 0
-0.4584631 0.7845653 -0.4174553 0
0.2405446 0.7561159 0.2552581 1

0.7112425 0.5490945 0.438896 0
0.6815225 -0.3856698 -0.6219211 0
-0.1722243 0.7414541 -0.6485249 0
-0.2215865 0.7875098 0.2549989 1

0.8348632 0.2798314 0.4740231 0
0.5251464 -0.6630248 -0.5334975 0
0.1649998 0.6943288 -0.7004873 0
-0.2115818 0.721113 0.2608566 1

0.6349613 -0.04694579 0.7711165 0
0.5400141 -0.6868213 -0.4864783 0
0.5524573 0.7253088 -0.4107535 0
-0.2285762 0.7109219 0.2480957 1

0.5366456 -0.1642938 0.8276589 0
0.5400141 -0.6868225 -0.4864769 0
0.6483798 0.7080132 -0.2798593 0
-0.241677 0.710891 0.2341382 1

0.4350507 0.1074839 0.8939678 0
0.7361346 -0.6141862 -0.2843961 0
0.5184947 0.7818074 -0.3463247 0
-0.2542856 0.717202 0.2167274 1

0.7106054 -0.655935 -0.2545372 0
-0.6882045 -0.7232305 -0.05755409 0
-0.1463372 0.2160719 -0.9653487 0
0.1985746 0.8264666 0.2662502 1

0.390076 -0.6619542 -0.6400449 0
-0.8995703 -0.1256232 -0.4183205 0
0.1965045 0.7389423 -0.644477 0
0.1886555 0.760331 0.3018471 1

0.3783218 -0.3025545 -0.8748333 0
-0.9118608 0.04084942 -0.4084619 0
0.1593185 0.9522562 -0.2604334 0
0.1977759 0.7427473 0.2907976 1

0.2904737 -0.1816294 -0.939487 0
-0.9480484 0.0784817 -0.3082934 0
0.1297276 0.9802303 -0.1493968 0
0.2073124 0.7375643 0.274654 1

0.1074409 -0.4307483 -0.8960537 0
-0.9926772 0.003573608 -0.1207444 0
0.0552126 0.902465 -0.4272102 0
0.2086211 0.7404578 0.2608899 1

0.9072355 0.3978416 0.1365509 0
0.412186 -0.7761877 -0.4771117 0
-0.08382556 0.4891368 -0.8681698 0
-0.1930506 0.7713614 0.2289584 1

0.7263555 0.3353287 0.5999689 0
0.6685209 -0.141924 -0.7300258 0
-0.1596484 0.9313498 -0.3272614 0
-0.1921515 0.6965811 0.2411171 1

0.6830151 -0.07268358 0.7267791 0
0.729044 0.007138225 -0.6844298 0
0.04455901 0.9973295 0.05786498 0
-0.2085956 0.6855094 0.2300959 1

0.5874456 -0.1901936 0.7865968 0
0.8015511 0.002870673 -0.5979197 0
0.1114625 0.9817426 0.1541361 0
-0.2246666 0.6892561 0.2188142 1

0.4767289 0.08808683 0.874626 0
0.8755838 -0.1358589 -0.4635683 0
0.07799156 0.9868047 -0.1418954 0
-0.2277847 0.6950912 0.2064891 1

0.8763158 -0.4712874 -0.09979387 0
-0.4398901 -0.8672845 0.2330553 0
-0.1963855 -0.1603316 -0.9673295 0
0.1750637 0.801759 0.264284 1

0.2080616 -0.5994846 -0.7728704 0
-0.906722 0.1781291 -0.3822629 0
0.3668314 0.7803131 -0.5065041 0
0.1630178 0.7567507 0.289925 1

0.4068143 -0.3091917 -0.8595945 0
-0.7889867 0.3553581 -0.5012187 0
0.4604366 0.8821117 -0.09938338 0
0.170876 0.7439524 0.278748 1

0.3269683 -0.1932962 -0.9250558 0
-0.7921028 0.477819 -0.3798183 0
0.5154268 0.8569281 0.003121072 0
0.1799168 0.7398322 0.2657453 1

0.1674951 -0.4509607 -0.8766868 0
-0.7042617 0.5675525 -0.4264968 0
0.6898991 0.6888531 -0.222532 0
0.1877749 0.7405328 0.2583542 1

0.9629802 0.2471492 -0.1076412 0
0.228271 -0.9600129 -0.1620739 0
-0.1433933 0.1315025 -0.9808903 0
-0.1789605 0.7448283 0.2126489 1

0.5804645 0.2667637 0.7693495 0
0.7701681 0.1269127 -0.6250876 0
-0.2643907 0.9553694 -0.1317845 0
-0.1730986 0.6925362 0.2203114 1

0.7065755 -0.06667881 0.7044894 0
0.6774603 0.3513697 -0.6462099 0
-0.2044475 0.9338597 0.2934414 0
-0.1870887 0.68572 0.2099052 1

0.6199715 -0.1812246 0.7634087 0
0.7494447 0.4248474 -0.5077775 0
-0.2323104 0.8869399 0.3992111 0
-0.2010209 0.6893408 0.2011755 1

0.5317971 0.1023575 0.8406634 0
0.680548 0.5391521 -0.4961553 0
-0.5040305 0.8359655 0.2170604 0
-0.2093975 0.6922382 0.1967542 1

0.8504868 -0.5037865 0.1512323 0
-0.5258148 -0.8218477 0.2192834 0
0.01381792 -0.2660178 -0.9638689 0
0.1637366 0.7794266 0.2702851 1

0.2089547 -0.5979494 -0.773818 0
-0.9066859 0.178025 -0.3823977 0
0.3664134 0.7815138 -0.5049533 0
0.1378817 0.7616888 0.2793279 1

0.4079315 -0.3076707 -0.8596106 0
-0.7888511 0.3552558 -0.501505 0
0.4596801 0.8826846 -0.09778647 0
0.1476275 0.7544235 0.2639789 1

0.3258522 -0.1922818 -0.9256606 0
-0.7926248 0.4781269 -0.378339 0
0.515331 0.8569844 0.003391402 0
0.1590146 0.752441 0.2557226 1

0.1696016 -0.4487491 -0.8774162 0
-0.7042757 0.5675895 -0.4264243 0
0.6893699 0.6902653 -0.2197791 0
0.1728742 0.7525411 0.2493305 1

0.8766823 0.3513 -0.3286591 0
0.3028603 -0.933841 -0.190307 0
-0.3737702 0.06730073 -0.9250765 0
-0.1730697 0.7200544 0.2084664 1

0.5806841 0.2660455 0.7694324 0
0.7701528 0.1269058 -0.6251078 0
-0.2639523 0.9555704 -0.1312035 0
-0.1517275 0.6960579 0.2029661 1

0.7069547 -0.06861117 0.703923 0
0.6774999 0.351366 -0.6461704 0
-0.2029999 0.9337209 0.2948839 0
-0.1670843 0.6960955 0.1908236 1

0.6197179 -0.1803628 0.7638188 0
0.7494649 0.4248412 -0.507753 0
-0.2329216 0.8871188 0.3984573 0
-0.1812031 0.700575 0.1877484 1

0.532988 0.101366 0.8400292 0
0.680233 0.5390924 -0.4966516 0
-0.5031966 0.8361249 0.2183772 0
-0.1949322 0.7036982 0.1862082 1

0.9997925 0.02024766 -0.002249824 0
-0.0202157 0.9997055 0.01342363 0
0.002520959 -0.01337537 0.9999074 0
0.0005373543 0.911343 0.01036482 1

0.999864 0.0146468 -0.007572667 0
-0.01336593 0.9889074 0.1479304 0
0.009655374 -0.147809 0.9889688 0
-0.001521096 1.013137 0.01173168 1

-0.9040585 -0.1685989 0.3927501 0
0.373154 -0.7594231 0.5329472 0
0.2084091 0.6283717 0.7494762 0
0.08392905 0.8455095 -0.005849641 1

-0.9103315 0.3036476 -0.2812378 0
-0.4107123 -0.7466723 0.5232551 0
-0.05110726 0.5918434 0.8044312 0
-0.08019266 0.8421853 -0.005480276 1

0.9999356 -0.003156407 -0.01089542 0
0.00799733 0.8773445 0.4797944 0
0.008044611 -0.4798507 0.8773133 0
-0.002858046 1.112055 0.02652867 1

-0.9363679 -0.1964915 0.2908717 0
0.1029119 -0.9459044 -0.3076916 0
0.3355956 -0.2581784 0.9059358 0
0.2495029 0.5085424 0.2306268 1

-0.9583469 0.1483654 -0.2440466 0
-0.07073051 -0.9511575 -0.300494 0
-0.2767097 -0.2707159 0.922033 0
-0.2624314 0.5108765 0.2266953 1

0.9996376 -0.01832678 -0.01971374 0
0.02684129 0.7334651 0.679197 0
0.002011847 -0.67948 0.7336913 0
-0.002112527 1.193841 0.07125554 1

-0.9716818 -0.0008066855 0.236292 0
0.1835462 -0.6323548 0.7526212 0
0.1488131 0.7746788 0.6145957 0
0.2953273 0.08735186 0.09361849 1

-0.9944664 -0.0002520215 -0.1050541 0
-0.08127336 -0.6317887 0.770868 0
-0.06656628 0.7751406 0.6282723 0
-0.2939261 0.08734649 0.09289175 1

0.9993453 -0.009356152 -0.0349438 0
0.0315451 0.6982033 0.7152044 0
0.01770631 -0.7158386 0.6980413 0
0.002414341 1.317543 0.1858043 1

0.03797483 0.9202198 -0.3895552 0
0.9975011 -0.01166568 0.06968189 0
0.0595782 -0.391228 -0.9183633 0
0.0465595 1.280602 0.1404783 1

0.08935555 -0.9313582 0.3529702 0
-0.9865322 -0.03401479 0.1599919 0
-0.1370037 -0.3625125 -0.9218542 0
-0.0448116 1.282276 0.1422789 1

-0.9818094 0.1833983 0.04914776 0
0.06931692 0.1052352 0.9920288 0
0.1767642 0.97739 -0.1160334 0
0.3206877 -1.972914E-05 0.1976071 1

-0.9926091 -0.01308812 0.1206479 0
0.1195733 0.06428512 0.9907421 0
-0.02072282 0.9978458 -0.06224493 0
-0.3051556 5.310774E-05 0.1994016 1

0.9996032 -0.01686177 0.02255704 0
0.006611396 0.9190696 0.3940398 0
-0.0273757 -0.3937344 0.9188167 0
0.005864304 1.362431 0.2724498 1

0.4261168 0.5418463 -0.7244495 0
0.6441128 -0.7440222 -0.1776222 0
-0.6352504 -0.3909393 -0.6660505 0
0.1546704 1.279338 0.1480305 1

0.6137375 -0.4547619 0.6453823 0
-0.622872 -0.7812032 0.04186415 0
0.4851362 -0.4276839 -0.7627119 0
-0.151729 1.27859 0.1596183 1

-0.9774413 0.2060386 0.04644091 0
0.06931692 0.1052352 0.9920288 0
0.1995089 0.9728689 -0.1171432 0
0.327119 0.009744048 0.2896489 1

-0.9918376 -0.03676997 0.1220914 0
0.1195733 0.06428512 0.9907421 0
-0.04427823 0.9972539 -0.05936366 0
-0.2940615 0.006017566 0.291324 1

0.5280767 -0.5571762 -0.6408508 0
-0.205919 -0.8161499 0.5399045 0
-0.8238521 -0.1531475 -0.5457228 0
0.3340012 1.072191 0.09857779 1

0.8557463 0.3494244 0.3815774 0
0.2557815 -0.9267794 0.2750563 0
0.4497493 -0.1377778 -0.8824642 0
-0.3251461 1.061091 0.1712739 1

0.9996032 -0.01686177 0.02255704 0
0.006611396 0.9190696 0.3940398 0
-0.0273757 -0.3937344 0.9188167 0
0.004479002 1.515236 0.4480627 1

0.2900143 -0.562568 -0.774215 0
-0.4174013 -0.8023386 0.4266484 0
-0.8612015 0.1994242 -0.4675061 0
0.2756666 0.8409854 0.2515265 1

0.6698469 0.230836 0.7057055 0
0.3113923 -0.9501596 0.01522695 0
0.6740474 0.2095516 -0.7083419 0
-0.2526862 0.7985451 0.2491942 1

0.4031307 -0.8078757 -0.42991 0
-0.9145177 -0.3382792 -0.2218663 0
0.03381082 0.4826015 -0.8751875 0
0.2440455 0.8394354 0.2754474 1

0.5437486 -0.5995194 -0.587294 0
-0.7833084 -0.6137469 -0.09870597 0
-0.3012736 0.5137035 -0.8033324 0
0.2266348 0.781652 0.3054619 1

0.312517 -0.3144562 -0.896354 0
-0.774856 -0.6302311 -0.04906049 0
-0.5494828 0.7098777 -0.4406161 0
0.2358775 0.7645024 0.2921965 1

0.2160943 -0.1963648 -0.9564227 0
-0.788179 -0.6132303 -0.05217788 0
-0.5762615 0.7651076 -0.2872862 0
0.2427063 0.7575371 0.2757254 1

0.06872095 -0.4131901 -0.9080483 0
-0.8846579 -0.445971 0.1359798 0
-0.4611487 0.7939672 -0.3961793 0
0.2488017 0.7557409 0.2542415 1

0.7165421 0.5571536 0.4196994 0
0.6698394 -0.3817102 -0.6368772 0
-0.1946347 0.7374805 -0.646715 0
-0.2164191 0.7846061 0.2573299 1

0.846546 0.2864092 0.4486983 0
0.5126621 -0.6655919 -0.54237 0
0.1433102 0.6891717 -0.7102852 0
-0.2056911 0.7182943 0.2628597 1

0.659327 -0.04124068 0.7507248 0
0.5271955 -0.6865409 -0.5007265 0
0.5360534 0.725921 -0.4309129 0
-0.223 0.7079626 0.2506463 1

0.5665241 -0.1599767 0.8083675 0
0.5300251 -0.6803905 -0.506105 0
0.6309707 0.7151758 -0.3006659 0
-0.2365386 0.7078224 0.2371137 1

0.4712411 0.1016758 0.8761246 0
0.7274091 -0.6065691 -0.3208583 0
0.4988066 0.7885028 -0.3598002 0
-0.2497471 0.7140273 0.2201144 1

0.7182112 -0.6419044 -0.2685736 0
-0.6752899 -0.7360806 -0.04656924 0
-0.1677987 0.2148115 -0.9621328 0
0.2057365 0.8252649 0.2661535 1

0.3888155 -0.6544049 -0.648519 0
-0.9051353 -0.1399807 -0.4014167 0
0.171909 0.7430747 -0.6467516 0
0.1976524 0.7589433 0.3018098 1

0.3766071 -0.2911122 -0.8794436 0
-0.9175076 0.01380915 -0.3974785 0
0.1278552 0.9565894 -0.261897 0
0.2072078 0.7411839 0.2903813 1

0.2773039 -0.1873933 -0.9423304 0
-0.9526459 0.07374652 -0.2950047 0
0.1247755 0.9795129 -0.1580693 0
0.2160716 0.7368143 0.2739622 1

0.1172465 -0.4016635 -0.908251 0
-0.9917564 0.0002545062 -0.1281388 0
0.05169991 0.9157873 -0.3983224 0
0.216954 0.7396858 0.2591367 1

0.9065671 0.4065907 0.113228 0
0.4076789 -0.7741355 -0.4842646 0
-0.1092436 0.485179 -0.8675643 0
-0.1883723 0.7686235 0.2306633 1

0.7413345 0.3425673 0.5771232 0
0.6487681 -0.1456311 -0.7469217 0
-0.1718236 0.9281376 -0.3302082 0
-0.1867226 0.6936673 0.2427921 1

0.706287 -0.06695539 0.7047526 0
0.7068109 0.01083812 -0.7073202 0
0.03972093 0.9976974 0.0549796 0
-0.2034937 0.6825605 0.2321194 1

0.6161448 -0.185281 0.7655305 0
0.7803973 0.01216709 -0.6251659 0
0.1065173 0.9826104 0.1520896 0
-0.2198428 0.68639 0.2211715 1

0.5130234 0.0826238 0.8543892 0
0.8564665 -0.1156067 -0.503091 0
0.05720582 0.9898528 -0.1300735 0
-0.2235603 0.6921909 0.2085635 1

0.8832182 -0.4542952 -0.1163672 0
-0.4189801 -0.8758748 0.2393724 0
-0.2106689 -0.1626625 -0.9639291 0
0.1826668 0.8001185 0.2645626 1

0.2043847 -0.594947 -0.7773449 0
-0.9114009 0.1740979 -0.3728786 0
0.3571771 0.7846834 -0.5066522 0
0.171856 0.7549539 0.2903694 1

0.4054658 -0.2969027 -0.8645498 0
-0.8051348 0.3318482 -0.4915638 0
0.432846 0.8953916 -0.1044938 0
0.1801414 0.7415912 0.2786556 1

0.3064491 -0.1943953 -0.9318258 0
-0.8012933 0.4757396 -0.3627687 0
0.5138272 0.857836 -0.009977691 0
0.1885431 0.7389453 0.2654375 1

0.1773036 -0.4220428 -0.8890689 0
-0.7052632 0.5755915 -0.4138823 0
0.6864163 0.7004102 -0.1955967 0
0.1961271 0.7396912 0.2564458 1

0.9588541 0.251095 -0.1324798 0
0.2278679 -0.9590163 -0.1684174 0
-0.1693389 0.1312998 -0.9767727 0
-0.1744363 0.7421606 0.2141092 1

0.609586 0.260465 0.7487078 0
0.745964 0.1310918 -0.652957 0
-0.2682217 0.9565424 -0.1143859 0
-0.1682328 0.6895169 0.2215048 1

0.7290883 -0.0608297 0.6817116 0
0.6541582 0.354838 -0.6679576 0
-0.2012653 0.9329469 0.2985004 0
-0.1826428 0.6828802 0.2112535 1

0.6477617 -0.1759345 0.7412503 0
0.7270364 0.4334889 -0.5324525 0
-0.2276468 0.8838181 0.4087083 0
-0.1968211 0.686749 0.202729 1

0.5663477 0.09823657 0.818291 0
0.6502478 0.5567832 -0.5168857 0
-0.5063874 0.824829 0.2514547 0
-0.2055745 0.6897631 0.1979986 1

0.8625377 -0.4876448 0.1350241 0
-0.5059909 -0.8320704 0.2272283 0
0.001542959 -0.2643138 -0.9644355 0
0.1718781 0.7775649 0.2707263 1

0.2052593 -0.5934025 -0.7782945 0
-0.9113652 0.1739946 -0.3730141 0
0.3567665 0.7858751 -0.5050923 0
0.1465902 0.7597802 0.2800325 1

0.4065372 -0.2953494 -0.8645787 0
-0.8049995 0.33175 -0.4918515 0
0.432092 0.8959414 -0.1028875 0
0.156417 0.7513696 0.264171 1

0.305318 -0.193384 -0.9324074 0
-0.8017826 0.4760494 -0.3612788 0
0.5137375 0.8578928 -0.009705424 0
0.1673984 0.7514992 0.2558647 1

0.1793991 -0.4197947 -0.8897126 0
-0.7052781 0.575626 -0.4138087 0
0.6858565 0.7017314 -0.1928051 0
0.1812053 0.7518694 0.2476891 1

0.8664269 0.3549805 -0.3511319 0
0.3015926 -0.9325311 -0.1985642 0
-0.3979277 0.06614259 -0.9150295 0
-0.1685559 0.7174124 0.2097632 1

0.6098076 0.2597461 0.748777 0
0.7459481 0.1310851 -0.6529766 0
-0.2677614 0.9567387 -0.1138203 0
-0.1475332 0.6931544 0.2033861 1

0.7294623 -0.06276029 0.6811361 0
0.6541989 0.3548346 -0.6679195 0
-0.1997715 0.9328205 0.2998961 0
-0.1633264 0.6933581 0.1915297 1

0.6475134 -0.1750761 0.7416704 0
0.7270574 0.4334827 -0.5324292 0
-0.2282854 0.8839917 0.4079762 0
-0.1775958 0.6982118 0.1886495 1

0.5675245 0.09727308 0.8175905 0
0.6499126 0.5567256 -0.5173687 0
-0.5054995 0.8249817 0.2527364 0
-0.1917533 0.7015977 0.1870121 1

0.9997091 0.02332684 -0.006128835 0
-0.0232101 0.9995599 0.01847369 0
0.006557072 -0.01832607 0.9998106 0
-6.032243E-05 0.9113252 0.009913866 1

0.9996648 0.01772516 -0.01887102 0
-0.01447945 0.9870036 0.1600445 0
0.02146258 -0.1597176 0.9869294 0
-0.002423677 1.013105 0.01179494 1

-0.9032552 -0.1683524 0.3946999 0
0.3742447 -0.7590798 0.5326718 0
0.209932 0.6288527 0.7486473 0
0.08346628 0.8458291 -0.006959493 1

-0.9112654 0.3049907 -0.2767244 0
-0.409138 -0.7470445 0.523957 0
-0.04692341 0.5906822 0.8055388 0
-0.08064175 0.8419994 -0.005953367 1

0.9997433 -0.0003943853 -0.02265586 0
0.0114643 0.8712403 0.4907227 0
0.01954517 -0.4908565 0.8710213 0
-0.003872009 1.111831 0.02780367 1

-0.9364026 -0.19584 0.2911996 0
0.1031871 -0.9467731 -0.3049157 0
0.3354146 -0.2554759 0.9067686 0
0.2495241 0.5090142 0.2293948 1

-0.9580342 0.150703 -0.2438433 0
-0.07236994 -0.9502537 -0.3029534 0
-0.2773689 -0.2725928 0.9212817 0
-0.2621819 0.5105254 0.2265336 1

0.9993535 -0.01500021 -0.03267305 0
0.03338911 0.7242106 0.68877 0
0.01333048 -0.6894157 0.7242433 0
-0.002803297 1.193049 0.0735493 1

-0.9717104 -0.002487309 0.2361635 0
0.1842172 -0.6337301 0.7512994 0
0.1477951 0.7735507 0.61626 0
0.295471 0.08743697 0.09362251 1

-0.9943765 -0.0008491557 -0.1059003 0
-0.08153255 -0.6320369 0.7706376 0
-0.06758724 0.7749382 0.6284131 0
-0.2944067 0.08739793 0.09163503 1

0.9986876 -0.007776994 -0.05062074 0
0.04200972 0.6897422 0.7228354 0
0.02929377 -0.7240133 0.6891636 0
0.002827885 1.31519 0.1897126 1

0.03003595 0.925873 -0.3766398 0
0.9983608 -0.009422796 0.05645337 0
0.04871976 -0.3777179 -0.9246382 0
0.04649752 1.279006 0.1433278 1

0.09462799 -0.9364497 0.3377982 0
-0.9823545 -0.03285007 0.1841213 0
-0.1613236 -0.3492605 -0.9230341 0
-0.04484762 1.280376 0.1463129 1

-0.9820374 0.1821031 0.04940971 0
0.06906266 0.1032103 0.9922591 0
0.1755937 0.977848 -0.113933 0
0.3209241 -0.0001246333 0.1974285 1

-0.9927031 -0.01374173 0.1198 0
0.1186901 0.06410718 0.9908597 0
-0.02129614 0.9978486 -0.06200835 0
-0.3056719 7.027388E-05 0.1981129 1

0.99983 -0.01744991 0.00596679 0
0.01372248 0.9201044 0.3914324 0
-0.01232053 -0.391284 0.9201876 0
0.007584651 1.359055 0.2768188 1

0.4077191 0.5508187 -0.7282613 0
0.6534436 -0.7330937 -0.1886416 0
-0.6377908 -0.3989644 -0.6588251 0
0.1547017 1.277985 0.1494463 1

0.6371995 -0.4547969 0.6222031 0
-0.6122696 -0.7890492 0.05027429 0
0.4680842 -0.4129907 -0.78124 0
-0.1513123 1.276816 0.1662674 1

-0.9776964 0.2047543 0.04675151 0
0.06906266 0.1032103 0.9922591 0
0.198344 0.9733571 -0.1150494 0
0.3273318 0.009451389 0.2894915 1

-0.991918 -0.03742345 0.1212381 0
0.1186901 0.06410718 0.9908597 0
-0.04485366 0.9972412 -0.0591472 0
-0.2946597 0.006018221 0.2900463 1

0.5357199 -0.5450728 -0.6449032 0
-0.1891782 -0.8218075 0.5374425 0
-0.8229315 -0.1659167 -0.5433744 0
0.3366302 1.073881 0.09692562 1

0.8652669 0.3519661 0.3569779 0
0.2700132 -0.9271771 0.2596838 0
0.4223816 -0.1283067 -0.897291 0
-0.3217774 1.057132 0.1802645 1

0.99983 -0.01744991 0.00596679 0
0.01372248 0.9201044 0.3914324 0
-0.01232053 -0.391284 0.9201876 0
0.009214058 1.512325 0.4520238 1

0.2851464 -0.5539894 -0.7821686 0
-0.3925945 -0.8119583 0.4319652 0
-0.8743923 0.1839019 -0.4490201 0
0.283038 0.8410723 0.2491769 1

0.693018 0.2372666 0.6807573 0
0.3215157 -0.9469004 0.002719826 0
0.6452547 0.2169893 -0.732504 0
-0.2452859 0.794474 0.2538299 1

0.4102828 -0.7982197 -0.4410369 0
-0.911937 -0.3557689 -0.2044501 0
0.006288964 0.4860801 -0.8738919 0
0.2519514 0.8388109 0.2737331 1

0.541767 -0.5879209 -0.6006977 0
-0.7740752 -0.6274987 -0.08398346 0
-0.3275615 0.5104846 -0.7950531 0
0.2363075 0.7805884 0.303872 1

0.3093855 -0.3028098 -0.9014363 0
-0.7554738 -0.6539809 -0.03960419 0
-0.5775295 0.6932644 -0.4310971 0
0.2456137 0.7636723 0.2903536 1

0.2057268 -0.1895024 -0.9600862 0
-0.7831771 -0.620138 -0.04541552 0
-0.5867797 0.7612607 -0.2759932 0
0.2522396 0.7569015 0.2737194 1

0.07723878 -0.3819042 -0.9209688 0
-0.8816817 -0.4574293 0.1157413 0
-0.4654803 0.8030618 -0.3720494 0
0.2579273 0.7553016 0.2521085 1

0.7218633 0.5664496 0.3975532 0
0.6555769 -0.3757337 -0.6550137 0
-0.221658 0.7334569 -0.6425796 0
-0.2086015 0.7809051 0.2606074 1

0.8588479 0.2946048 0.4190331 0
0.4988011 -0.6671032 -0.5533272 0
0.1165255 0.6842379 -0.7198892 0
-0.1969942 0.7147039 0.2656672 1

0.686668 -0.03449643 0.7261522 0
0.5125828 -0.6853405 -0.517269 0
0.5155054 0.7274054 -0.4529191 0
-0.2146344 0.7042022 0.2540897 1

0.5999846 -0.1547797 0.7848963 0
0.5177541 -0.6728059 -0.5284536 0
0.6098765 0.7234471 -0.3235353 0
-0.2286611 0.7039313 0.2410657 1

0.5112064 0.09647577 0.8540261 0
0.7160256 -0.5974143 -0.361114 0
0.4753687 0.7961082 -0.3744812 0
-0.242551 0.7100111 0.2245718 1

0.7253113 -0.6264406 -0.2854757 0
-0.6611872 -0.7493824 -0.03546028 0
-0.1917167 0.2144727 -0.9577299 0
0.2137505 0.8239078 0.2651687 1

0.3864609 -0.6454489 -0.6588202 0
-0.9108728 -0.1549746 -0.3824841 0
0.1447733 0.7479165 -0.6478133 0
0.2076667 0.757371 0.3007645 1

0.3729577 -0.2775123 -0.8853755 0
-0.9230407 -0.01395391 -0.38445 0
0.09433505 0.9606209 -0.2613594 0
0.2176612 0.739475 0.2888883 1

0.2626205 -0.1918162 -0.9456412 0
-0.9576128 0.06840386 -0.2798204 0
0.1183595 0.9790443 -0.1657215 0
0.225774 0.7359454 0.2721847 1

0.1256675 -0.3699848 -0.9204994 0
-0.9909896 -0.003470125 -0.1338961 0
0.04634509 0.9290314 -0.3670873 0
0.2261867 0.7388343 0.2562752 1

0.9047071 0.4172456 0.08608888 0
0.4024576 -0.7707212 -0.4939805 0
-0.1397607 0.4815547 -0.8652006 0
-0.1811519 0.7651728 0.2331813 1

0.7574891 0.3512138 0.5503265 0
0.6253074 -0.1480611 -0.7662041 0
-0.1876194 0.9245144 -0.3317712 0
-0.1785384 0.690021 0.2451942 1

0.7323647 -0.06010406 0.6782548 0
0.6801353 0.01698926 -0.7328897 0
0.03252671 0.9980476 0.05332113 0
-0.1956689 0.6788447 0.2349507 1

0.6481723 -0.1793865 0.7400631 0
0.7548236 0.02300228 -0.6555246 0
0.1005692 0.9835098 0.1503146 0
-0.2123519 0.6827379 0.2244193 1

0.5529658 0.07787564 0.8295568 0
0.8325096 -0.09227977 -0.5462714 0
0.03400999 0.9926832 -0.1158599 0
-0.2167741 0.6885041 0.2115717 1

0.8896511 -0.4359471 -0.1359097 0
-0.3962296 -0.8849158 0.2447981 0
-0.2269876 -0.1639334 -0.9600015 0
0.1911626 0.7983069 0.2639573 1

0.1994114 -0.589129 -0.7830467 0
-0.9169085 0.1697382 -0.361204 0
0.3457085 0.7900102 -0.5063297 0
0.1817068 0.7529542 0.2898637 1

0.402194 -0.2824333 -0.8709029 0
-0.8219334 0.3076511 -0.4793503 0
0.4033186 0.9086158 -0.1084061 0
0.1904315 0.7390634 0.277547 1

0.2841004 -0.1940944 -0.9389433 0
-0.8112216 0.4733524 -0.3433043 0
0.5110843 0.8592237 -0.02297393 0
0.198102 0.737922 0.2640988 1

0.1857828 -0.39051 -0.901658 0
-0.707674 0.5834346 -0.3985002 0
0.6816766 0.7121139 -0.1679617 0
0.205376 0.7387614 0.2534633 1

0.9528034 0.2571007 -0.1614471 0
0.2283912 -0.9573923 -0.176741 0
-0.2000083 0.1315263 -0.9709261 0
-0.1673943 0.7388265 0.2162951 1

0.6411924 0.2550248 0.7237644 0
0.7169795 0.1370812 -0.6834832 0
-0.2735196 0.9571684 -0.0949522 0
-0.1607172 0.6858013 0.2233573 1

0.7542538 -0.05377454 0.6543774 0
0.6257572 0.360666 -0.6916271 0
-0.1988195 0.9311438 0.3056834 0
-0.1756049 0.6793457 0.2133305 1

0.6786984 -0.1695969 0.7145666 0
0.7000388 0.4435942 -0.5596163 0
-0.2220684 0.8800349 0.4197909 0
-0.1900845 0.6834165 0.2050814 1

0.604189 0.09502115 0.7911553 0
0.6144333 0.5766321 -0.5384859 0
-0.5073732 0.8114594 0.2900107 0
-0.1992914 0.6865662 0.2001 1

0.874788 -0.4704816 0.1157328 0
-0.4843372 -0.8428462 0.2345808 0
-0.01282077 -0.261262 -0.965183 0
0.1809597 0.7755204 0.2702609 1

0.2002639 -0.5875732 -0.7839976 0
-0.9168736 0.1696359 -0.3613404 0
0.345308 0.7911901 -0.5047585 0
0.1562884 0.7576597 0.2798505 1

0.403216 -0.2808473 -0.8709432 0
-0.8217993 0.3075577 -0.4796401 0
0.4025707 0.909139 -0.1067881 0
0.1662122 0.7481288 0.2634223 1

0.2829525 -0.1930863 -0.9394976 0
-0.8116751 0.4736615 -0.3418029 0
0.5110012 0.8592804 -0.02269964 0
0.1766953 0.7504129 0.2550395 1

0.1878632 -0.3882247 -0.9022135 0
-0.7076895 0.5834666 -0.3984255 0
0.6810901 0.7133362 -0.1651305 0
0.1904031 0.7511056 0.245032 1

0.8530869 0.3607035 -0.3770086 0
0.3009952 -0.93042 -0.2090951 0
-0.4261976 0.06489868 -0.9022992 0
-0.1615005 0.7141202 0.2117342 1

0.6414174 0.2543055 0.7238179 0
0.7169627 0.1370745 -0.6835023 0
-0.2730354 0.9573606 -0.09440555 0
-0.140822 0.6896052 0.2043915 1

0.7546244 -0.05570179 0.6537887 0
0.6257995 0.3606629 -0.6915906 0
-0.1972743 0.9310316 0.3070232 0
-0.1571272 0.6899958 0.1929077 1

0.6784566 -0.1687425 0.7149984 0
0.7000607 0.4435883 -0.5595936 0
-0.2227376 0.8802021 0.4190852 0
-0.1715731 0.6951466 0.1902835 1

0.6053461 0.09409026 0.7903817 0
0.6140757 0.5765768 -0.538953 0
-0.5064259 0.8116072 0.2912498 0
-0.1862315 0.6988227 0.1886543 1

0.9995323 0.02728078 -0.01381378 0
-0.02693856 0.9993397 0.02438235 0
0.01446983 -0.02399883 0.9996073 0
-0.0009222535 0.9112542 0.009411101 1

0.9992663 0.02093322 -0.0320728 0
-0.01503726 0.9846081 0.1741288 0
0.03522421 -0.1735187 0.9842004 0
-0.003665255 1.013011 0.01189382 1

-0.9012283 -0.1675252 0.3996539 0
0.3767708 -0.7585343 0.5316674 0
0.2140834 0.6297315 0.7467307 0
0.08272265 0.8461834 -0.008490066 1

-0.9131537 0.3066717 -0.2685201 0
-0.405659 -0.7481875 0.5250302 0
-0.03989141 0.5883608 0.8076139 0
-0.08135634 0.8417047 -0.006222417 1

0.9993361 0.002555827 -0.0363424 0
0.0160748 0.8642525 0.5028013 0
0.03269408 -0.5030517 0.8636377 0
-0.005169382 1.111498 0.02931136 1

-0.9365917 -0.1938346 0.2919324 0
0.102558 -0.948231 -0.3005663 0
0.3350794 -0.2515681 0.9079843 0
0.2499013 0.5096107 0.2274185 1

-0.9576519 0.1542705 -0.2431129 0
-0.07492586 -0.9487817 -0.3069196 0
-0.2780097 -0.2757069 0.9201611 0
-0.2613529 0.5097235 0.2267408 1

0.9987901 -0.01119487 -0.04788211 0
0.04151605 0.7138084 0.6991095 0
0.02635221 -0.7002516 0.7134096 0
-0.003670875 1.192065 0.07618296 1

-0.9717281 -0.003959153 0.2360704 0
0.1847819 -0.6351526 0.7499583 0
0.1469714 0.772377 0.6179268 0
0.2955682 0.08738416 0.09358288 1

-0.994285 -0.001531018 -0.1067494 0
-0.08170965 -0.6326294 0.7701324 0
-0.06871187 0.7744535 0.6288885 0
-0.2947158 0.08725142 0.09007612 1

0.9976916 -0.005218018 -0.06770913 0
0.05316928 0.6802799 0.7310215 0
0.04224667 -0.732934 0.6789868 0
0.003330939 1.312451 0.19409 1

0.02046231 0.9313725 -0.3634923 0
0.9989571 -0.004203113 0.04546577 0
0.04081784 -0.3640437 -0.9304873 0
0.04640905 1.277119 0.1465114 1

0.1001121 -0.9415174 0.3217493 0
-0.9773502 -0.03245713 0.2091246 0
-0.1864515 -0.3353976 -0.9234418 0
-0.04488462 1.27814 0.1508866 1

-0.9822224 0.1810204 0.04971102 0
0.06887297 0.1011555 0.9924839 0
0.174631 0.9782637 -0.1118248 0
0.3210993 -0.0003740191 0.1972036 1

-0.9927942 -0.01457776 0.1189433 0
0.1177962 0.06351455 0.9910046 0
-0.02200126 0.9978747 -0.06133964 0
-0.3060055 -0.0001581907 0.1964842 1

0.9997882 -0.01678214 -0.01191437 0
0.02009944 0.9206817 0.3897965 0
0.00442772 -0.3899534 0.920824 0
0.009498222 1.355179 0.2816718 1

0.3847563 0.5659629 -0.7291427 0
0.6647876 -0.7179343 -0.2064656 0
-0.6403281 -0.4052859 -0.6524748 0
0.1546778 1.276663 0.151439 1

0.6593308 -0.4562662 0.5975822 0
-0.6030209 -0.7956246 0.05785587 0
0.4490533 -0.3985006 -0.7997178 0
-0.150807 1.274623 0.173551 1

-0.9779037 0.2036815 0.04710162 0
0.06887297 0.1011555 0.9924839 0
0.1973859 0.9737979 -0.1129487 0
0.3274893 0.009011269 0.2892875 1

-0.9919922 -0.03825989 0.1203657 0
0.1177962 0.06351455 0.9910046 0
-0.04556068 0.9972476 -0.05849908 0
-0.2950762 0.005734861 0.288431 1

0.5522754 -0.5235654 -0.6487461 0
-0.1722613 -0.8330638 0.525672 0
-0.8156703 -0.1785617 -0.5502707 0
0.3397648 1.076779 0.09395587 1

0.8735948 0.3565296 0.3312387 0
0.286166 -0.9268753 0.2429224 0
0.393626 -0.1174264 -0.9117399 0
-0.3186972 1.053109 0.1896589 1

0.9997882 -0.01678214 -0.01191437 0
0.02009944 0.9206817 0.3897965 0
0.00442772 -0.3899534 0.920824 0
0.01415983 1.508705 0.4565984 1

0.2752882 -0.5417813 -0.7941599 0
-0.3627681 -0.8235491 0.4360809 0
-0.8902899 0.168048 -0.4232542 0
0.2909649 0.840782 0.2428727 1

0.7171885 0.2431563 0.6530817 0
0.33095 -0.9435706 -0.01212496 0
0.6132803 0.2248333 -0.7571905 0
-0.2376297 0.7905358 0.258476 1

0.4146277 -0.7856553 -0.4591624 0
-0.9095418 -0.373655 -0.1819774 0
-0.02859686 0.4930802 -0.869514 0
0.2606276 0.837658 0.2682575 1

0.5361327 -0.5723166 -0.6204964 0
-0.7632329 -0.6426725 -0.06669176 0
-0.360607 0.5093389 -0.7813686 0
0.2470915 0.7788845 0.2983471 1

0.3000532 -0.2865954 -0.9098526 0
-0.7339705 -0.6785917 -0.02830009 0
-0.6093076 0.6762964 -0.413966 0
0.2563838 0.7622772 0.2844418 1

0.1893192 -0.1782855 -0.9655947 0
-0.7766954 -0.6288367 -0.03617539 0
-0.6007517 0.7568217 -0.2575241 0
0.2626911 0.7557769 0.2675773 1

0.07982351 -0.3457465 -0.9349268 0
-0.8770713 -0.4700588 0.09894928 0
-0.4736818 0.8120989 -0.3407659 0
0.2678105 0.7544628 0.2458056 1

0.727448 0.5753041 0.3739583 0
0.6389137 -0.3691788 -0.6749049 0
-0.2502181 0.7298853 -0.6361281 0
-0.2005684 0.7773306 0.2637561 1

0.8711948 0.3024715 0.3866921 0
0.4830714 -0.6685872 -0.565361 0
0.08753183 0.6793394 -0.7285851 0
-0.188098 0.7112428 0.2682077 1

0.7150779 -0.02825676 0.6984735 0
0.495524 -0.6842845 -0.5349868 0
0.4930717 0.7286674 -0.4753149 0
-0.2060789 0.7005815 0.2573206 1

0.6347066 -0.1500313 0.7580492 0
0.5024636 -0.6651584 -0.552354 0
0.587093 0.7314747 -0.3467951 0
-0.2206106 0.7001899 0.2448658 1

0.5530241 0.0908115 0.8282017 0
0.7008308 -0.5882578 -0.4034714 0
0.4505564 0.8035584 -0.3889643 0
-0.2352085 0.7061558 0.228952 1

0.7299025 -0.6085811 -0.3112427 0
-0.6461558 -0.7628371 -0.02371971 0
-0.2229919 0.2184243 -0.9500347 0
0.222527 0.8220056 0.2606345 1

0.3807686 -0.6325766 -0.6744351 0
-0.9180469 -0.1714771 -0.357471 0
0.1104775 0.7552766 -0.646028 0
0.2188519 0.7551056 0.2958794 1

0.3630854 -0.2592897 -0.8949516 0
-0.9300199 -0.04224667 -0.365073 0
0.05685084 0.9648754 -0.2564837 0
0.2292269 0.7371693 0.2833947 1

0.2426838 -0.1919429 -0.9509274 0
-0.9640688 0.06146613 -0.2584445 0
0.1080563 0.9794795 -0.1701294 0
0.2364444 0.7345269 0.2663549 1

0.1281351 -0.3333834 -0.9340435 0
-0.9910699 -0.007996328 -0.1331039 0
0.03690556 0.9427576 -0.331431 0
0.2362359 0.7375408 0.2493679 1

0.9021013 0.4277355 0.05706135 0
0.3955584 -0.7668009 -0.50552 0
-0.172474 0.4786012 -0.8609262 0
-0.1738165 0.7618728 0.2354971 1

0.7741383 0.3595299 0.5210071 0
0.5991393 -0.1505066 -0.7863715 0
-0.2043089 0.920916 -0.3319213 0
-0.1702243 0.6865051 0.2472894 1

0.7593387 -0.05376558 0.6484706 0
0.6502048 0.02399077 -0.7593807 0
0.0252714 0.9982653 0.05317578 0
-0.1877445 0.675263 0.237526 1

0.6812171 -0.1739418 0.7111173 0
0.7258245 0.03374396 -0.687052 0
0.09551118 0.9841777 0.1492381 0
-0.204783 0.6792375 0.2274665 1

0.5945755 0.07269312 0.8007472 0
0.8039593 -0.06786501 -0.5907998 0
0.01139575 0.9950427 -0.09879321 0
-0.2099786 0.6849785 0.214427 1

0.8942062 -0.4161584 -0.1649479 0
-0.3709198 -0.8950866 0.2474651 0
-0.2506273 -0.1601024 -0.9547532 0
0.2004525 0.795945 0.2598242 1

0.1906267 -0.5798151 -0.7921343 0
-0.9252519 0.1634784 -0.3423219 0
0.3279799 0.798179 -0.5053114 0
0.1926875 0.7502186 0.2856915 1

0.3927743 -0.2633279 -0.8811284 0
-0.841647 0.2832037 -0.4598112 0
0.3706197 0.922201 -0.1103941 0
0.2017913 0.7359231 0.2726251 1

0.2566244 -0.1895955 -0.9477331 0
-0.8240253 0.4695292 -0.3170572 0
0.5051005 0.8623202 -0.03573883 0
0.2085859 0.736303 0.2588867 1

0.1884689 -0.3540266 -0.9160486 0
-0.7137692 0.591296 -0.3753705 0
0.6745468 0.7245927 -0.1412524 0
0.2154235 0.7373729 0.2465727 1

0.9453837 0.2630354 -0.192516 0
0.2278623 -0.9556237 -0.186715 0
-0.2330855 0.1326502 -0.9633669 0
-0.1602948 0.7356606 0.2182166 1

0.6740216 0.2490394 0.6954669 0
0.6845493 0.1432786 -0.7147474 0
-0.2776457 0.9578364 -0.07390685 0
-0.1531489 0.6822156 0.2248778 1

0.7802134 -0.0472019 0.6237302 0
0.5942259 0.3673492 -0.7155073 0
-0.1953534 0.9288847 0.3146593 0
-0.1685634 0.6759707 0.2151243 1

0.7105278 -0.16371 0.6843607 0
0.6702498 0.4536165 -0.5873652 0
-0.2142797 0.8760316 0.4320335 0
-0.1833711 0.6802329 0.2071985 1

0.6434264 0.09143507 0.7600279 0
0.5753825 0.5970922 -0.558942 0
-0.5049137 0.7969446 0.3315747 0
-0.1930954 0.6835534 0.2020202 1

0.8871743 -0.4532214 0.08667549 0
-0.4601252 -0.8547665 0.2401234 0
-0.03474163 -0.252913 -0.9668652 0
0.1909015 0.7728968 0.2661963 1

0.1914451 -0.5782416 -0.7930861 0
-0.9252185 0.1633777 -0.3424599 0
0.3275968 0.7993401 -0.503722 0
0.1670377 0.7547505 0.2762017 1

0.3937422 -0.2617086 -0.8811789 0
-0.841516 0.2831165 -0.4601045 0
0.3698894 0.9226885 -0.1087569 0
0.1769911 0.744268 0.2590762 1

0.2554545 -0.1885928 -0.9482492 0
-0.8244348 0.4698313 -0.3155418 0
0.5050257 0.8623757 -0.03546198 0
0.1868413 0.748693 0.2505201 1

0.1905263 -0.3517015 -0.9165184 0
-0.7137849 0.5913251 -0.375295 0
0.6739518 0.7257004 -0.1383762 0
0.2003216 0.7498834 0.2386306 1

0.8379275 0.3665637 -0.4043623 0
0.2991886 -0.9281517 -0.2214065 0
-0.4564689 0.06454202 -0.8873954 0
-0.1544146 0.711 0.2133982 1

0.6742491 0.2483198 0.6955039 0
0.6845317 0.1432721 -0.7147655 0
-0.2771367 0.9580242 -0.07338164 0
-0.1341536 0.6861914 0.2050445 1

0.7805786 -0.04912495 0.6231245 0
0.5942696 0.3673464 -0.7154723 0
-0.1937549 0.9287862 0.315936 0
-0.1510168 0.686818 0.1939964 1

0.7102945 -0.1628599 0.6848055 0
0.6702728 0.4536108 -0.5873434 0
-0.2149803 0.8761929 0.4313577 0
-0.1656474 0.6922279 0.191667 1

0.6445565 0.09053913 0.759177 0
0.5750018 0.5970389 -0.5593905 0
-0.5039049 0.7970867 0.3327651 0
-0.1808655 0.6962447 0.1901397 1

0.999099 0.03226527 -0.02756943 0
-0.03138198 0.9989985 0.03189257 0
0.02857084 -0.03099865 0.999111 0
-0.002538369 0.9113067 0.00881617 1

0.9985596 0.02456003 -0.04770225 0
-0.01502331 0.9815037 0.1908525 0
0.05150728 -0.1898609 0.980459 0
-0.005733819 1.013029 0.01206361 1

-0.8971838 -0.165759 0.4093725 0
0.381565 -0.7576928 0.5294433 0
0.2224185 0.6312101 0.743037 0
0.08115863 0.8467739 -0.0107151 1

-0.9167312 0.3081585 -0.2542485 0
-0.3984982 -0.7504852 0.5272297 0
-0.02833951 0.5846454 0.8107938 0
-0.08284923 0.841477 -0.006189387 1

0.9985965 0.006078932 -0.05261203 0
0.02199962 0.8560236 0.5164683 0
0.04817671 -0.516901 0.8546885 0
-0.007236552 1.111206 0.03115396 1

-0.9370119 -0.1897435 0.293269 0
0.1006179 -0.9506276 -0.2935707 0
0.3344926 -0.2455712 0.9098405 0
0.2504646 0.5105746 0.2242066 1

-0.9572728 0.1592425 -0.2413931 0
-0.07871108 -0.9466919 -0.3123766 0
-0.2782685 -0.2800293 0.9187765 0
-0.2596684 0.5084763 0.2277498 1

0.9978063 -0.006553758 -0.06587625 0
0.0515179 0.7018035 0.7105054 0
0.04157571 -0.7123405 0.7006015 0
-0.005185728 1.191005 0.07929961 1

-0.9717162 -0.004216118 0.2361152 0
0.1848394 -0.6358655 0.7493397 0
0.1469782 0.7717888 0.6186598 0
0.2952676 0.08728099 0.09348603 1

-0.9942427 -0.002025872 -0.107133 0
-0.08160153 -0.633678 0.7692812 0
-0.06944632 0.7735944 0.6298644 0
-0.2947168 0.0869348 0.08865517 1

0.9962215 -0.001327369 -0.08683833 0
0.06541277 0.6692026 0.7401952 0
0.05712992 -0.7430788 0.6667607 0
0.003502931 1.309366 0.1991286 1

0.008353431 0.9365215 -0.3505112 0
0.9992249 0.005667239 0.03895641 0
0.03847004 -0.3505648 -0.9357482 0
0.04584622 1.275024 0.1501849 1

0.1057125 -0.9465328 0.3047958 0
-0.9714162 -0.03278377 0.235108 0
-0.2125451 -0.3209374 -0.922943 0
-0.04535752 1.275622 0.1562048 1

-0.9822257 0.1809418 0.04993371 0
0.06891945 0.100206 0.992577 0
0.174595 0.978376 -0.1108954 0
0.3208066 -0.0005756617 0.1970213 1

-0.99283 -0.0153639 0.1185431 0
0.117376 0.06230623 0.9911312 0
-0.02261364 0.997939 -0.060056 0
-0.3059916 -0.0006195903 0.1949457 1

0.9993867 -0.01466948 -0.03179502 0
0.02595954 0.9197665 0.3916061 0
0.02349935 -0.3921915 0.9195834 0
0.01123683 1.350772 0.28722 1

0.3544328 0.5915082 -0.7242207 0
0.6789615 -0.6953339 -0.2356318 0
-0.6429532 -0.4082021 -0.6480604 0
0.154144 1.275638 0.154407 1

0.6753818 -0.4658798 0.5716777 0
-0.6019691 -0.7960762 0.06241851 0
0.4260194 -0.3862886 -0.8181006 0
-0.1506367 1.272069 0.1816852 1

-0.9779078 0.2036057 0.04734588 0
0.06891945 0.100206 0.992577 0
0.1973499 0.9739119 -0.1120248 0
0.3272009 0.00872153 0.2891138 1

-0.9920136 -0.03904727 0.1199353 0
0.117376 0.06230623 0.9911312 0
-0.0461737 0.9972932 -0.05722526 0
-0.2951013 0.005161226 0.2869042 1

0.578749 -0.4892336 -0.6524573 0
-0.1526003 -0.8509016 0.5026724 0
-0.801101 -0.1913558 -0.5671156 0
0.3431772 1.082047 0.08880356 1

0.8800803 0.3616566 0.3076735 0
0.3027411 -0.9265746 0.2231758 0
0.3657953 -0.1032672 -0.9249485 0
-0.3182341 1.050429 0.1990634 1

0.9993867 -0.01466948 -0.03179502 0
0.02595954 0.9197665 0.3916061 0
0.02349935 -0.3921915 0.9195834 0
0.01905748 1.503879 0.4624004 1

0.2594087 -0.5282747 -0.8084759 0
-0.3244343 -0.8361511 0.4422597 0
-0.9096426 0.1475715 -0.3882953 0
0.299947 0.8409966 0.231205 1

0.7415048 0.2468128 0.6239024 0
0.3373075 -0.9409584 -0.02864957 0
0.579995 0.2316907 -0.780977 0
-0.2324711 0.7879416 0.2622865 1

0.4157889 -0.7706267 -0.4829642 0
-0.9064098 -0.3945987 -0.1507082 0
-0.07443725 0.5004261 -0.8625735 0
0.2706759 0.8368774 0.2576762 1

0.5262194 -0.5530366 -0.6459444 0
-0.7483869 -0.6618665 -0.0430058 0
-0.4037452 0.5060471 -0.7621723 0
0.2598238 0.77754 0.2877466 1

0.2824952 -0.2685447 -0.9209129 0
-0.7082031 -0.7059166 -0.01139504 0
-0.6470278 0.6554126 -0.3896022 0
0.2690201 0.7612904 0.2733631 1

0.16504 -0.1656923 -0.9722697 0
-0.7663254 -0.6421205 -0.02065269 0
-0.6208922 0.7484837 -0.2329497 0
0.2748585 0.7550874 0.2562201 1

0.07423455 -0.3081282 -0.9484441 0
-0.8695866 -0.4855667 0.08968744 0
-0.4881684 0.8180967 -0.3039901 0
0.2791902 0.754074 0.2342622 1

0.7338884 0.5820085 0.3502485 0
0.6200939 -0.3635369 -0.6952154 0
-0.277293 0.7273975 -0.6276955 0
-0.1951256 0.7750068 0.2660016 1

0.8833777 0.3079646 0.3532727 0
0.4649032 -0.6710974 -0.5774889 0
0.05923418 0.6743785 -0.7360061 0
-0.1819831 0.7090046 0.2697303 1

0.7429617 -0.02422332 0.6688954 0
0.4753631 -0.6844394 -0.5527862 0
0.4712086 0.728667 -0.4969975 0
-0.2003141 0.6982362 0.2595558 1

0.66865 -0.147254 0.7288508 0
0.4835198 -0.6585591 -0.5766354 0
0.5649033 0.7379812 -0.3691453 0
-0.215341 0.6977681 0.2477059 1

0.5949676 0.08337592 0.7994135 0
0.6809654 -0.5806408 -0.4462536 0
0.4269651 0.8098795 -0.4022386 0
-0.2306239 0.7036667 0.2324225 1

0.7311051 -0.5878454 -0.3462999 0
-0.6288109 -0.7775202 -0.007696472 0
-0.2647307 0.2233841 -0.9380924 0
0.2327065 0.8203477 0.2513631 1

0.3717389 -0.6167053 -0.6938914 0
-0.926098 -0.1944687 -0.3233024 0
0.06444187 0.7627954 -0.6434211 0
