MeshAnim
1
28
65
30
0.05333751 0.1049059 0.9930507 0
-0.04141276 0.9938432 -0.1027652 0
-0.9977174 -0.03564374 0.05735356 0
-0.01466006 1.010596 -0.003115306 1

0.259039 0.03014915 0.9653961 0
0.05182743 0.9976388 -0.04506263 0
-0.9644753 0.06170698 0.2568648 0
-0.01887689 1.111793 -0.01357931 1

-0.008127876 0.1436323 -0.9895979 0
-0.2515083 -0.9581106 -0.1369964 0
-0.9678209 0.2477785 0.04391208 0
0.00760981 0.9524444 0.08448391 1

0.05215162 -0.02510147 -0.9983237 0
-0.1816427 -0.9832467 0.01523353 0
-0.9819807 0.1805437 -0.05583743 0
-0.001145883 0.9352232 -0.07853105 1

0.5290883 0.01647948 0.8484067 0
0.02661309 0.9989974 -0.03600117 0
-0.8481493 0.04162652 0.5281191 0
-0.01369276 1.211584 -0.01808678 1

-0.1057958 0.08678936 -0.9905933 0
0.1168896 -0.9881923 -0.09906282 0
-0.9874939 -0.1262706 0.09440173 0
-0.1039881 0.5273168 0.0236966 1

0.0772291 0.1747073 -0.9815871 0
0.8449036 -0.5341536 -0.0285959 0
-0.529314 -0.8271382 -0.188863 0
-0.08174326 0.4989429 -0.07177172 1

0.7534873 0.003141344 0.6574548 0
-0.00536523 0.9999847 0.001370974 0
-0.6574405 -0.004560418 0.7534926 0
-0.01121187 1.304711 -0.02144284 1

-0.2164714 -9.760261E-07 -0.9762892 0
-0.7567996 -0.6317405 0.1678049 0
-0.6167612 0.7751802 0.136753 0
-0.05193971 0.08729637 -0.02041391 1

0.2057932 0.2147687 -0.9547375 0
0.2179009 -0.9611835 -0.1692502 0
-0.9540274 -0.1732077 -0.2446033 0
0.2944742 0.2610959 -0.08450487 1

0.8124268 -9.445101E-05 0.5830631 0
-0.03763351 0.9979064 0.05259933 0
-0.5818473 -0.06467581 0.8107222 0
-0.01211673 1.473362 -0.02121162 1

0.4421021 0.2467961 -0.8623441 0
0.8932827 -0.2081657 0.3983881 0
-0.08118989 -0.9464453 -0.3124892 0
0.02792472 1.416848 0.002678232 1

-0.4916762 -0.196636 0.8482857 0
-0.7960862 -0.2932376 -0.5293944 0
0.3528472 -0.9355993 -0.0123613 0
-0.04094717 1.416559 -0.05741585 1

-0.2164715 -9.834766E-07 -0.9762892 0
-0.9758711 0.02925074 0.2163788 0
0.02855704 0.9995723 -0.006332919 0
-0.1565057 9.655952E-06 0.002771472 1

0.205793 0.2147687 -0.9547375 0
-0.4740096 -0.8316535 -0.2892533 0
-0.8561332 0.512081 -0.0693461 0
0.3245812 0.1282904 -0.1078899 1

0.9987277 -0.02991252 -0.04060084 0
0.0246913 0.9920365 -0.1235062 0
0.04397188 0.1223466 0.9915128 0
-0.03216294 1.564748 0.006735126 1

0.7708912 0.293846 -0.5651382 0
0.3313133 -0.9427452 -0.03824797 0
-0.5440203 -0.1577529 -0.824109 0
0.1247403 1.394287 0.04585623 1

-0.2186412 -0.05457388 0.974278 0
-0.1970356 -0.9753998 -0.09885416 0
0.9557055 -0.2135811 0.2025096 0
-0.1272247 1.384779 -0.11479 1

-0.2157502 0.02320365 -0.976173 0
-0.9758711 0.02925074 0.2163788 0
0.03357464 0.999303 0.01633293 0
-0.2470482 0.002723575 0.02284736 1

0.2260568 0.202553 -0.9528225 0
-0.4740096 -0.8316535 -0.2892533 0
-0.8510072 0.5170347 -0.09198882 0
0.280602 0.05112839 -0.1347273 1

0.8344944 0.0007323846 -0.551016 0
0.08752781 -0.9874783 0.1312454 0
-0.5440202 -0.1577529 -0.824109 0
0.216983 1.131812 0.0352074 1

-0.1293043 0.3134111 0.9407731 0
-0.2643997 -0.9252875 0.2719118 0
0.9557055 -0.2135807 0.2025094 0
-0.1820824 1.113213 -0.1423125 1

0.9987277 -0.02991252 -0.04060084 0
0.0246913 0.9920365 -0.1235062 0
0.04397188 0.1223466 0.9915128 0
-0.02253572 1.785091 0.08121499 1

0.9896566 0.09358261 0.1087294 0
0.1159673 -0.968046 -0.2223473 0
0.08444743 0.2326566 -0.9688856 0
0.2417783 0.8520712 0.07238782 1

0.2766606 0.5861959 0.7614679 0
-0.5361943 -0.5634117 0.6285404 0
0.7974676 -0.5821873 0.1584411 0
-0.2569837 0.8510895 -0.06528313 1

0.9644264 -0.2508142 -0.08351008 0
-0.2374515 -0.6830862 -0.690659 0
0.1161826 0.6859195 -0.7183424 0
0.2194247 0.8293629 0.04874129 1

0.9840982 0.1372797 0.1127165 0
0.1750126 -0.8578216 -0.4832315 0
0.03035276 0.4952742 -0.8682063 0
0.2304137 0.7629888 0.04466117 1

0.9649996 0.2178112 0.1460626 0
0.259143 -0.7064715 -0.6585913 0
-0.04025936 0.6733914 -0.7381889 0
0.2528332 0.7597923 0.05119219 1

0.930199 0.2887744 0.2265816 0
0.3575295 -0.5731019 -0.7373782 0
-0.0830815 0.7669182 -0.6363442 0
0.2708303 0.7657896 0.05375683 1

0.9068803 0.322067 0.2717372 0
0.4028354 -0.47337 -0.7833545 0
-0.1236603 0.8198742 -0.5590298 0
0.2892247 0.7785796 0.05385248 1

0.3724503 0.8111644 0.4508805 0
0.07224596 -0.5097032 0.8573115 0
0.9252357 -0.2867316 -0.2484424 0
-0.2502181 0.8437389 -0.02686456 1

0.2482357 0.5643252 0.7873474 0
-0.2989278 -0.7284956 0.6163898 0
0.9214234 -0.3883701 -0.01214618 0
-0.295444 0.8099979 0.01000143 1

0.2112402 0.501601 0.8389125 0
-0.09894289 -0.8428981 0.5288981 0
0.9724134 -0.1947287 -0.1284242 0
-0.3081015 0.7973776 -0.005361667 1

0.208764 0.4018559 0.8915881 0
0.01899708 -0.9131704 0.4071352 0
0.9777816 -0.06805751 -0.1982711 0
-0.3106185 0.7886101 -0.02219132 1

0.2107697 0.3455871 0.91441 0
0.1059415 -0.9379896 0.3300793 0
0.9717781 0.02730332 -0.2343117 0
-0.3069441 0.7804316 -0.04272313 1

0.9972188 0.003701061 0.0744362 0
0.04190099 -0.8538104 -0.5188947 0
0.06163409 0.5205705 -0.8515909 0
0.2094779 0.8007486 0.0198097 1

0.9786646 0.1609943 0.1276589 0
0.2054572 -0.7723411 -0.6010629 0
0.001828589 0.6144674 -0.7889402 0
0.2368892 0.7312493 0.02678159 1

0.9533707 0.2447159 0.1766312 0
0.2777436 -0.482434 -0.8307322 0
-0.1180803 0.8410538 -0.5279067 0
0.2624215 0.7336528 0.0268243 1

0.9166906 0.3036103 0.2598055 0
0.3466758 -0.2809035 -0.8949351 0
-0.1987312 0.9104473 -0.3627558 0
0.2829122 0.7464231 0.02883882 1

0.8896525 0.3364346 0.3087561 0
0.3419231 -0.04263744 -0.93876 0
-0.3026667 0.9407412 -0.1529671 0
0.3037268 0.7615383 0.02565171 1

0.3162397 0.6448265 0.6958383 0
-0.2360729 -0.6569194 0.7160494 0
0.9188375 -0.3907118 -0.05551787 0
-0.2471931 0.8223971 0.009031894 1

0.2408943 0.542783 0.8045847 0
-0.1685495 -0.7930051 0.585435 0
0.9558039 -0.2766402 -0.09954464 0
-0.3065044 0.7830436 0.03280787 1

0.2107497 0.4648471 0.8599429 0
0.1657771 -0.8839542 0.4371988 0
0.9633805 0.0504193 -0.2633542 0
-0.3117623 0.7661905 0.01420761 1

0.2177746 0.3664212 0.9046049 0
0.327923 -0.9004392 0.2857897 0
0.9192611 0.2344031 -0.3162506 0
-0.3100201 0.7598453 -0.009366533 1

0.2216921 0.3053602 0.9260712 0
0.5208671 -0.839947 0.1522715 0
0.8243482 0.4486026 -0.3452617 0
-0.3031301 0.7466641 -0.03084029 1

0.9705558 0.2041925 0.127776 0
0.240661 -0.8444219 -0.4785751 0
0.01017548 0.4952343 -0.8686996 0
0.2109094 0.7715801 0.002082865 1

0.978155 0.1649937 0.1264506 0
0.2020982 -0.6123628 -0.7643088 0
-0.04867223 0.7731678 -0.6323308 0
0.2427447 0.7092377 0.009651301 1

0.9460531 0.2548823 0.2000461 0
0.2657151 -0.2569997 -0.9291645 0
-0.1854157 0.9321944 -0.3108613 0
0.2706149 0.719421 0.002317673 1

0.918673 0.3043248 0.2518459 0
0.2812718 -0.05630392 -0.9579748 0
-0.2773555 0.9509029 -0.1373228 0
0.29293 0.7383058 0.002978022 1

0.8901751 0.3462228 0.2961725 0
0.2459922 0.1819426 -0.9520423 0
-0.3835051 0.9203406 0.07679278 0
0.3109072 0.7606428 0.005937763 1

0.2052248 0.5107255 0.8348907 0
-0.3273094 -0.7681159 0.5503335 0
0.9223618 -0.3862097 0.00952878 0
-0.255263 0.7999411 0.03350922 1

0.2390974 0.5323125 0.8120812 0
-0.01241517 -0.8345945 0.5507252 0
0.9709161 -0.141759 -0.1929407 0
-0.311308 0.7604429 0.04949274 1

0.2166608 0.4446177 0.8691219 0
0.3325869 -0.8706292 0.3624791 0
0.9178473 0.2105237 -0.3365055 0
-0.3068719 0.7401138 0.02710494 1

0.2324641 0.3446771 0.9094825 0
0.5546275 -0.8151358 0.1671583 0
0.7989674 0.4655657 -0.3806572 0
-0.3003463 0.7332822 -0.000935795 1

0.2434761 0.2761683 0.9297584 0
0.6773791 -0.7345025 0.04078557 0
0.6941735 0.6198689 -0.3659044 0
-0.292192 0.7290252 -0.02764254 1

0.9603711 -0.0003760308 0.2787245 0
0.147205 -0.8484735 -0.5083537 0
0.2366816 0.5292379 -0.8147938 0
0.2171063 0.7498364 -0.01024034 1

0.9780204 0.1666505 0.1253154 0
0.2022685 -0.612334 -0.7642868 0
-0.05063361 0.7728355 -0.6325831 0
0.2483472 0.6922618 -0.01153679 1

0.9456187 0.256699 0.1997776 0
0.2660298 -0.2569142 -0.929098 0
-0.1871728 0.9317193 -0.3112323 0
0.2784445 0.7118483 -0.02506131 1

0.9190404 0.3045121 0.2502741 0
0.279803 -0.05679089 -0.9583761 0
-0.2776239 0.9508139 -0.1373963 0
0.3003523 0.7368202 -0.02230117 1

0.8889871 0.3491251 0.2963335 0
0.2459188 0.1819139 -0.9520668 0
-0.3862974 0.9192491 0.07586269 0
0.3161118 0.7644924 -0.01420538 1

0.4497939 0.4642 0.7630227 0
-0.2906116 -0.7317639 0.6164957 0
0.8445297 -0.4990393 -0.1942409 0
-0.2637095 0.7801192 0.04771103 1

0.2383638 0.5323974 0.812241 0
-0.0124213 -0.8346083 0.5507038 0
0.9710965 -0.141357 -0.1923273 0
-0.3116525 0.7372841 0.06477465 1

0.2147618 0.4442343 0.8697891 0
0.3325989 -0.8706041 0.3625277 0
0.9182894 0.211434 -0.3347245 0
-0.297051 0.7144053 0.03780849 1

0.2332346 0.3451625 0.9091008 0
0.5546345 -0.815125 0.1671877 0
0.7987378 0.4652251 -0.3815544 0
-0.2856802 0.7117274 0.00348462 1

0.2427881 0.2747627 0.9303543 0
0.6772359 -0.7346651 0.04023599 0
0.694554 0.6203007 -0.3644472 0
-0.277794 0.7134131 -0.02677569 1

0.06203383 0.09284485 0.9937463 0
-0.04279605 0.9949956 -0.09029006 0
-0.9971561 -0.03692736 0.06569678 0
-0.009626503 1.02176 -0.004882683 1

0.2428746 0.02806533 0.9696516 0
0.0537827 0.9976543 -0.04234711 0
-0.9685656 0.06243554 0.2407955 0
-0.01398418 1.123075 -0.01407641 1

-0.05682446 0.1427159 -0.9881312 0
-0.1489317 -0.9798681 -0.1329578 0
-0.9872134 0.1396088 0.07693538 0
0.01344233 0.9625603 0.08180267 1

0.004018765 -0.04133572 -0.9991372 0
-0.3049257 -0.951612 0.03814304 0
-0.9523677 0.3045094 -0.01642863 0
0.003259088 0.9473189 -0.08132648 1

0.508204 0.01608805 0.8610864 0
0.02854732 0.9989614 -0.03551237 0
-0.8607634 0.04262926 0.5072169 0
-0.008604475 1.222867 -0.01831225 1

-0.1596979 0.07152628 -0.9845712 0
0.1384187 -0.9858957 -0.09407408 0
-0.9774134 -0.1513065 0.1475449 0
-0.05264082 0.5277784 0.02280732 1

0.06233609 0.1450428 -0.9874598 0
0.7606484 -0.6474546 -0.04708319 0
-0.6461645 -0.7481746 -0.1506863 0
-0.1320407 0.5250754 -0.06440189 1

0.7319131 0.004151188 0.6813854 0
-0.004937507 0.9999875 -0.000788562 0
-0.68138 -0.00278718 0.7319244 0
-0.005943269 1.315991 -0.02162275 1

-0.2179854 -6.546825E-05 -0.9759521 0
-0.7484176 -0.6418043 0.1672071 0
-0.6263813 0.7668685 0.139855 0
0.008994007 0.0887807 -0.0190818 1

0.1713921 0.1757745 -0.9693958 0
-0.04408437 -0.9816015 -0.185782 0
-0.9842161 0.07457679 -0.1604899 0
0.2066596 0.2367779 -0.08536703 1

0.7965373 0.0008509308 0.6045889 0
-0.04402599 0.9974259 0.05659982 0
-0.6029842 -0.07170147 0.7945244 0
-0.006775998 1.484642 -0.02175574 1

0.4845339 0.2420635 -0.8406142 0
0.8723612 -0.2050108 0.4437982 0
-0.06490756 -0.9483543 -0.3105015 0
0.03244837 1.42816 0.003524132 1

-0.5203479 -0.1958271 0.8311979 0
-0.7729689 -0.305727 -0.5559232 0
0.3629845 -0.9317635 0.007716034 0
-0.03445155 1.427779 -0.05875728 1

-0.2179855 -6.548315E-05 -0.9759521 0
-0.9744831 0.05486033 0.2176537 0
0.05352677 0.9984941 -0.01202258 0
-0.09441387 0.0001034737 0.004021 1

0.171392 0.1757745 -0.9693958 0
-0.6706961 -0.699928 -0.2454946 0
-0.7216591 0.6922457 -0.002070861 0
0.2005686 0.1011513 -0.1110363 1

0.9991023 -0.02696935 -0.03267144 0
0.02305698 0.9931313 -0.114712 0
0.0355408 0.1138557 0.9928614 0
-0.0280199 1.575784 0.006104536 1

0.8474915 0.2061738 -0.4891323 0
0.2719032 -0.9600277 0.06645043 0
-0.4558804 -0.1893129 -0.8696747 0
0.1269964 1.405941 0.05162377 1

-0.3588513 -0.08876038 0.929165 0
-0.1459485 -0.9778879 -0.1497814 0
0.921914 -0.1893594 0.3379617 0
-0.1182236 1.394645 -0.1190066 1

-0.2166841 0.02311412 -0.9759681 0
-0.9744831 0.05486033 0.2176537 0
0.05857283 0.9982266 0.01063699 0
-0.1848276 0.005193472 0.02421515 1

0.1884735 0.1592934 -0.9690735 0
-0.6706961 -0.699928 -0.2454946 0
-0.7173874 0.6962229 -0.02508049 0
0.1383404 0.03621095 -0.1338136 1

0.8900263 -0.1026115 -0.4442119 0
-0.005143532 -0.9765407 0.2152719 0
-0.4558803 -0.1893128 -0.8696747 0
0.2026984 1.138655 0.07012456 1

-0.3111338 0.1578377 0.9371677 0
-0.2308044 -0.9691392 0.08659656 0
0.9219142 -0.1893592 0.3379615 0
-0.1588579 1.122386 -0.160708 1

0.9991023 -0.02696935 -0.03267144 0
0.02305698 0.9931313 -0.114712 0
0.0355408 0.1138557 0.9928614 0
-0.01958876 1.795497 0.0825644 1

0.9877532 0.012384 0.1555332 0
0.01817826 -0.9991906 -0.03588722 0
0.1549627 0.03827497 -0.9871786 0
0.2012411 0.862012 0.1311087 1

0.1699347 0.4735724 0.864206 0
-0.5388013 -0.6896238 0.4838517 0
0.8251158 -0.5478583 0.1379703 0
-0.2242421 0.8478404 -0.1361763 1

0.9393559 -0.3423731 0.01977732 0
-0.2793709 -0.7973975 -0.5348921 0
0.1989029 0.4969288 -0.844689 0
0.1776381 0.8376543 0.1105149 1

0.9874725 0.04907057 0.1499671 0
0.08923157 -0.9575105 -0.2742477 0
0.1301373 0.2841938 -0.9498938 0
0.1813777 0.7709215 0.119213 1

0.9764265 0.1380883 0.165901 0
0.201802 -0.8567538 -0.4746039 0
0.07659882 0.4968949 -0.8644236 0
0.2029742 0.7667643 0.1276874 1

0.9463719 0.2297025 0.2271945 0
0.3204352 -0.7571319 -0.5692737 0
0.04125248 0.6115458 -0.790133 0
0.2213856 0.7712973 0.1303173 1

0.9248269 0.2728916 0.2650008 0
0.3803326 -0.6752937 -0.6319223 0
0.006506786 0.6852072 -0.7283193 0
0.24106 0.7819684 0.1293256 1

0.2721303 0.7514016 0.6011167 0
0.04431052 -0.6338149 0.7722147 0
0.96124 -0.1835072 -0.2057753 0
-0.2199671 0.834898 -0.09889344 1

0.1377524 0.4421153 0.8863176 0
-0.3276438 -0.8241298 0.4620173 0
0.9347057 -0.3540404 0.03133038 0
-0.2652085 0.7928843 -0.07185612 1

0.1048159 0.3679272 0.9239281 0
-0.1844456 -0.9057353 0.3816067 0
0.9772379 -0.210413 -0.02707303 0
-0.2756084 0.7820961 -0.09004849 1

0.09300206 0.2808428 0.9552373 0
-0.1037272 -0.9514422 0.2898256 0
0.9902484 -0.1260384 -0.0593551 0
-0.2761118 0.7759851 -0.1081826 1

0.08609972 0.2137657 0.9730834 0
-0.05911876 -0.9738933 0.2191742 0
0.9945312 -0.07639834 -0.07121439 0
-0.2702162 0.7714413 -0.1293141 1

0.9896367 -0.0478666 0.135381 0
-0.001232324 -0.9456005 -0.3253276 0
0.1435886 0.3217892 -0.9358602 0
0.1659353 0.8042514 0.08810835 1

0.9848152 0.07269298 0.1576544 0
0.1276365 -0.9187323 -0.373684 0
0.1176778 0.3881321 -0.9140599 0
0.1846792 0.7354934 0.1090658 1

0.9677531 0.1692699 0.1865518 0
0.2510875 -0.7076538 -0.6604403 0
0.02022123 0.685984 -0.7273356 0
0.2104409 0.7350644 0.110127 1

0.9344137 0.2513094 0.2524179 0
0.3516189 -0.5376487 -0.7663537 0
-0.05688 0.8048464 -0.5907515 0
0.232214 0.7457118 0.1110801 1

0.9090862 0.2954863 0.293684 0
0.3836173 -0.3187906 -0.8667241 0
-0.1624816 0.900589 -0.4031617 0
0.254752 0.7576578 0.1065764 1

0.2403544 0.4946972 0.8351676 0
-0.2357768 -0.8048695 0.5446051 0
0.9416153 -0.3278113 -0.07681592 0
-0.2181117 0.8083594 -0.06656007 1

0.1312549 0.4241054 0.8960508 0
-0.2585064 -0.8579573 0.4439417 0
0.9570513 -0.2899043 -0.002977232 0
-0.2773313 0.7623916 -0.05476148 1

0.1008123 0.3417106 0.9343827 0
-0.04779717 -0.9364195 0.3476121 0
0.9937568 -0.07970452 -0.07806964 0
-0.2824329 0.7485838 -0.07592905 1

0.09358027 0.259694 0.9611462 0
0.05398994 -0.9652859 0.2555557 0
0.9941472 0.02797733 -0.1043525 0
-0.2793792 0.7460147 -0.09905312 1

0.08555213 0.1945426 0.9771562 0
0.1639129 -0.970137 0.178794 0
0.9827582 0.1448723 -0.1148851 0
-0.2723444 0.7363812 -0.1214237 1

0.9764178 0.1609748 0.1438586 0
0.1957326 -0.9412238 -0.2752936 0
0.0910878 0.2969593 -0.9505358 0
0.1658932 0.7719471 0.07699427 1

0.9854451 0.07233267 0.1538381 0
0.1449624 -0.8302433 -0.5382211 0
0.08879192 0.5526877 -0.8286448 0
0.1883169 0.7093095 0.09841577 1

0.9618036 0.1837678 0.202888 0
0.2716112 -0.5483847 -0.7908866 0
-0.03407891 0.8157842 -0.5773515 0
0.2178479 0.7141886 0.09064399 1

0.938104 0.2478199 0.241963 0
0.3214445 -0.3628099 -0.8746669 0
-0.1289734 0.8983063 -0.4200138 0
0.2423746 0.7301755 0.08893484 1

0.9131963 0.2997037 0.2761344 0
0.3256115 -0.1291569 -0.9366407 0
-0.2450502 0.9452495 -0.2155325 0
0.262808 0.7509632 0.08837516 1

0.1906234 0.3794212 0.9053743 0
-0.274152 -0.8650137 0.4202285 0
0.9426048 -0.3283155 -0.06087272 0
-0.2261716 0.7808461 -0.04794338 1

0.1296671 0.4197818 0.8983149 0
-0.1749927 -0.8820555 0.4374427 0
0.9759941 -0.2139204 -0.0409149 0
-0.2846987 0.7379398 -0.04210914 1

0.1006418 0.3348082 0.9368963 0
-0.02351514 -0.9406141 0.3386625 0
0.9946451 -0.05611484 -0.08679207 0
-0.2838429 0.7209595 -0.06567446 1

0.09544052 0.2538811 0.9625153 0
0.1159493 -0.9631828 0.2425597 0
0.9886594 0.08845301 -0.121364 0
-0.2777865 0.7175388 -0.09151428 1

0.08741664 0.1819649 0.9794117 0
0.1425451 -0.9753429 0.1684859 0
0.9859207 0.1248819 -0.1111992 0
-0.2689022 0.7160082 -0.1176691 1

0.9428225 -0.005579062 0.3332487 0
0.103788 -0.9452315 -0.3094601 0
0.3167235 0.326353 -0.8906063 0
0.1709333 0.7477109 0.06990553 1

0.985596 0.07358545 0.1522698 0
0.145134 -0.8302306 -0.5381944 0
0.08681554 0.5525417 -0.8289516 0
0.1923355 0.6862936 0.08349527 1

0.961648 0.1854653 0.2020783 0
0.2719313 -0.5483229 -0.7908195 0
-0.03586555 0.8154415 -0.5777275 0
0.2258513 0.6980298 0.06733956 1

0.938579 0.2475021 0.2404418 0
0.3199447 -0.3632062 -0.8750527 0
-0.1292474 0.8982341 -0.4200846 0
0.250857 0.7206015 0.06585398 1

0.9124495 0.3026587 0.2753791 0
0.3255362 -0.1291818 -0.9366636 0
-0.2479154 0.9443039 -0.2163983 0
0.2696972 0.7482306 0.06855787 1

0.4361408 0.3594908 0.8249532 0
-0.2384154 -0.8378168 0.491143 0
0.867721 -0.4108891 -0.2796981 0
-0.2332463 0.7585235 -0.03709904 1

0.1289255 0.4199203 0.8983572 0
-0.1749961 -0.8820664 0.4374191 0
0.9760918 -0.2136033 -0.0402365 0
-0.2895546 0.713464 -0.02997071 1

0.09860554 0.3349752 0.9370533 0
-0.02350968 -0.9405953 0.338715 0
0.9948492 -0.0554289 -0.08487273 0
-0.2845373 0.6931844 -0.05567426 1

0.09641246 0.2539993 0.9623873 0
0.1159519 -0.9631747 0.2425906 0
0.9885648 0.08820179 -0.1223136 0
-0.2747204 0.6920692 -0.0851 1

0.08595596 0.1811927 0.9796841 0
0.1424943 -0.9754501 0.1679071 0
0.9860564 0.1251668 -0.1096646 0
-0.2658724 0.6952771 -0.1140879 1

0.07775658 0.08101612 0.9936752 0
-0.04569378 0.995935 -0.07762476 0
-0.9959248 -0.03936893 0.08114243 0
-0.005610819 1.027573 -0.007265026 1

0.2314129 0.02281937 0.972588 0
0.0553508 0.9977967 -0.03658072 0
-0.9712798 0.06229877 0.2296399 0
-0.01026356 1.128983 -0.01516912 1

-0.1156182 0.1309024 -0.9846306 0
-0.05984734 -0.9903955 -0.1246414 0
-0.9914892 0.04451671 0.1223419 0
0.01892611 0.9673756 0.07832325 1

-0.04135511 -0.04617728 -0.998077 0
-0.4098763 -0.9102248 0.05909584 0
-0.9112032 0.411532 0.01871546 0
0.006161889 0.9540759 -0.08479423 1

0.4912532 0.01215475 0.8709321 0
0.03075792 0.9990369 -0.03129174 0
-0.8704736 0.04216021 0.4904063 0
-0.004726998 1.22879 -0.01882817 1

-0.199134 0.05607419 -0.9783669 0
0.1804526 -0.9791915 -0.09285025 0
-0.9632147 -0.1950385 0.1848715 0
-0.007629027 0.5279226 0.02301804 1

0.04990497 0.1202766 -0.9914854 0
0.644636 -0.7621311 -0.06000698 0
-0.7628592 -0.6361524 -0.1155688 0
-0.175706 0.5501965 -0.05857258 1

0.7129735 0.001417771 0.7011895 0
-0.003238739 0.9999939 0.001271233 0
-0.7011834 -0.003177337 0.7129738 0
-0.001859721 1.321921 -0.02174521 1

-0.217275 -0.001625434 -0.9761093 0
-0.7281536 -0.6657036 0.1631904 0
-0.6500644 0.7462148 0.1434571 0
0.07272257 0.09191 -0.01832613 1

0.1425656 0.139505 -0.9799049 0
-0.2977251 -0.9381237 -0.1768726 0
-0.9439465 0.3169582 -0.09221004 0
0.1113366 0.210836 -0.08529239 1

0.7823458 0.001071274 0.6228435 0
-0.04909574 0.996993 0.05995375 0
-0.6209064 -0.07748351 0.7800459 0
-0.002405943 1.490573 -0.02153081 1

0.5275273 0.2371241 -0.8157742 0
0.8484104 -0.1965114 0.4915112 0
-0.04375967 -0.9513966 -0.3048438 0
0.03601632 1.433969 0.004690202 1

-0.5479065 -0.1984212 0.8126669 0
-0.7499244 -0.3139753 -0.5822655 0
0.3706912 -0.9284657 0.0232282 0
-0.02915245 1.433838 -0.05940142 1

-0.2172748 -0.001625471 -0.9761093 0
-0.9740545 0.06523284 0.2167088 0
0.06332209 0.997869 -0.01575675 0
-0.02788547 -6.92606E-05 0.004221654 1

0.1425655 0.139505 -0.9799049 0
-0.8277165 -0.526058 -0.1953164 0
-0.5427344 0.8389288 0.04047288 0
0.07020031 0.08121681 -0.1097307 1

0.99944 -0.02339024 -0.02393759 0
0.02048837 0.9931525 -0.1150154 0
0.02646391 0.1144605 0.9930754 0
-0.02463263 1.58151 0.006231448 1

0.9140655 0.1396682 -0.3807588 0
0.2149977 -0.9629306 0.1629145 0
-0.3438903 -0.2307767 -0.9102101 0
0.1279685 1.412671 0.05796104 1

-0.4887677 -0.1376733 0.8614827 0
-0.09037463 -0.9741671 -0.206956 0
0.8677204 -0.1790095 0.4636992 0
-0.110427 1.39981 -0.1225056 1

-0.2157463 0.02154008 -0.976212 0
-0.9740545 0.06523284 0.2167088 0
0.06834902 0.9976377 0.006907426 0
-0.1182594 0.005983114 0.02432817 1

0.155408 0.1195524 -0.9805895 0
-0.8277165 -0.526058 -0.1953164 0
-0.5391975 0.8420039 0.01720183 0
-0.006596355 0.03240836 -0.1278524 1

0.9319969 -0.2021328 -0.3008726 0
-0.1145487 -0.9517798 0.2845947 0
-0.3438903 -0.2307768 -0.9102101 0
0.1878272 1.144576 0.1033189 1

-0.4707758 0.003323697 0.8822467 0
-0.1594717 -0.9838417 -0.08138929 0
0.8677207 -0.1790094 0.463699 0
-0.1355887 1.128587 -0.1801253 1

0.99944 -0.02339024 -0.02393759 0
0.02048837 0.9931525 -0.1150154 0
0.02646391 0.1144605 0.9930754 0
-0.0176588 1.801289 0.0826494 1

0.9833446 -0.09352785 0.1558403 0
-0.109997 -0.9888245 0.1006313 0
0.1446867 -0.1160973 -0.9826433 0
0.1553766 0.8749483 0.1839413 1

0.06423324 0.339254 0.9384993 0
-0.5161916 -0.7935613 0.3221904 0
0.8540611 -0.5051408 0.1241471 0
-0.1807652 0.849876 -0.203182 1

0.8910217 -0.4490316 0.06671727 0
-0.3857866 -0.8264506 -0.4100592 0
0.2392679 0.3396327 -0.9096158 0
0.1285709 0.8512566 0.1667756 1

0.9870785 -0.06656973 0.1457555 0
-0.05240459 -0.9937111 -0.09895683 0
0.1514262 0.09003976 -0.9843594 0
0.1238851 0.7863957 0.1844966 1

0.9886742 0.02676507 0.1476721 0
0.07288934 -0.9457607 -0.316582 0
0.1311889 0.32376 -0.9370003 0
0.1448914 0.7806886 0.1935336 1

0.9725122 0.1321296 0.1917341 0
0.2033405 -0.8831155 -0.4228009 0
0.1134586 0.4501662 -0.8857078 0
0.163766 0.7831351 0.1955858 1

0.9577747 0.1807829 0.2235747 0
0.2720299 -0.8215607 -0.5010371 0
0.09310111 0.5406994 -0.8360482 0
0.1846255 0.7909591 0.1932181 1

0.1631829 0.6633278 0.7303205 0
0.03755647 -0.7438825 0.6672543 0
0.9858809 -0.08145612 -0.1463011 0
-0.178311 0.8314415 -0.1681115 1

0.03099144 0.2986344 0.9538643 0
-0.331111 -0.8973705 0.2917052 0
0.9430829 -0.3248753 0.07107019 0
-0.2219107 0.7826378 -0.1519808 1

0.001647815 0.21455 0.9767118 0
-0.2243912 -0.9517267 0.2094401 0
0.9744979 -0.2195106 0.04657498 0
-0.229976 0.7742229 -0.172466 1

-0.0123426 0.1391685 0.9901919 0
-0.159118 -0.9779223 0.1354607 0
0.9871826 -0.1558854 0.03421436 0
-0.2285925 0.7710813 -0.1912985 1

-0.02400732 0.06679633 0.9974778 0
-0.1428974 -0.9877492 0.06270553 0
0.9894465 -0.1410315 0.03325829 0
-0.2207486 0.7704015 -0.2122735 1

0.9800748 -0.1408986 0.1400029 0
-0.1140937 -0.9763097 -0.1838543 0
0.1625909 0.1642175 -0.9729324 0
0.1124104 0.8166367 0.1495983 1

0.9878765 -0.04563195 0.1483838 0
-0.02045904 -0.9857553 -0.1669369 0
0.1538878 0.1618772 -0.9747384 0
0.1219461 0.7496283 0.1808352 1

0.9853853 0.05789237 0.1602014 0
0.129776 -0.8643283 -0.4858966 0
0.1103368 0.4995855 -0.8592093 0
0.1475883 0.7456952 0.1818201 1

0.9651894 0.156504 0.2095615 0
0.2552854 -0.7380375 -0.6246043 0
0.056911 0.6563593 -0.7522992 0
0.1706374 0.7532924 0.1812982 1

0.9472408 0.2073073 0.2444554 0
0.3195868 -0.5526334 -0.7697152 0
-0.0244734 0.8072302 -0.5897296 0
0.1944186 0.761383 0.1751808 1

0.1791661 0.3314509 0.9263043 0
-0.1994138 -0.9097606 0.3641019 0
0.963397 -0.2499526 -0.09690233 0
-0.1767384 0.8002945 -0.1401729 1

0.02592728 0.2838813 0.9585089 0
-0.3079206 -0.9099436 0.2778267 0
0.9510587 -0.3023477 0.06382056 0
-0.2341618 0.7494351 -0.1411877 1

-0.001900814 0.1968592 0.98043 0
-0.1847601 -0.9636214 0.193126 0
0.9827821 -0.1807771 0.03820353 0
-0.2382786 0.739009 -0.1647167 1

-0.0134399 0.1281966 0.9916577 0
-0.1078399 -0.9861485 0.1260228 0
0.9940776 -0.1052464 0.02707855 0
-0.2336047 0.7402767 -0.1870314 1

-0.02498427 0.06257849 0.9977273 0
-0.06945655 -0.9957357 0.06071426 0
0.997272 -0.06778175 0.02922423 0
-0.2258929 0.7348425 -0.2100161 1

0.990817 0.06587236 0.1180788 0
0.08174878 -0.9874547 -0.1350951 0
0.1076984 0.1435072 -0.983772 0
0.1085126 0.7832832 0.1433173 1

0.9881955 -0.05205732 0.144083 0
-0.006424252 -0.953751 -0.3005294 0
0.1530641 0.2960561 -0.9428271 0
0.1213631 0.7215343 0.1760775 1

0.9827677 0.07277974 0.1699158 0
0.1632263 -0.7730849 -0.6129417 0
0.08674952 0.6301138 -0.7716422 0
0.1514167 0.7201977 0.1674861 1

0.9692133 0.1469671 0.1975513 0
0.245839 -0.6224117 -0.74308 0
0.01374991 0.7687684 -0.6393799 0
0.1780143 0.7319654 0.1632491 1

0.9532212 0.2034638 0.2235439 0
0.2907349 -0.4147499 -0.8622391 0
-0.08271971 0.8868964 -0.4545025 0
0.2011299 0.7497777 0.1590168 1

0.1809187 0.2462939 0.9521598 0
-0.1982587 -0.9391278 0.2805937 0
0.963308 -0.2395384 -0.1210757 0
-0.1835552 0.7691953 -0.1277265 1

0.02578702 0.2847098 0.9582669 0
-0.2803529 -0.9180578 0.2803074 0
0.9595506 -0.2758811 0.05614524 0
-0.2429376 0.7235018 -0.1332696 1

-0.001236171 0.1995301 0.9798911 0
-0.2592113 -0.9464635 0.1923964 0
0.9658201 -0.2537609 0.05289061 0
-0.243729 0.7105821 -0.1590195 1

-0.01232358 0.1356918 0.9906747 0
-0.1826751 -0.9743816 0.1311877 0
0.9830964 -0.1793548 0.03679552 0
-0.2367859 0.7111852 -0.1833138 1

-0.02444304 0.06560057 0.9975467 0
-0.2462979 -0.9674818 0.05758831 0
0.9688858 -0.2442858 0.03980553 0
-0.2273516 0.713932 -0.2087411 1

0.9417167 -0.06645209 0.3297788 0
-0.01063868 -0.9856886 -0.1682409 0
0.336239 0.1549267 -0.9289467 0
0.1106176 0.7578566 0.1398387 1

0.9885017 -0.05129747 0.1422443 0
-0.006252095 -0.95376 -0.3005047 0
0.151082 0.2961599 -0.943114 0
0.121185 0.6950946 0.1677463 1

0.9828727 0.07420739 0.1686861 0
0.1635534 -0.7730603 -0.6128857 0
0.08492371 0.6299773 -0.7719564 0
0.1562264 0.6974176 0.149425 1

0.9696089 0.1461964 0.1961763 0
0.2442892 -0.6226462 -0.7433945 0
0.01346673 0.7687254 -0.6394377 0
0.1845015 0.7155411 0.1436406 1

0.9529809 0.2062125 0.2220449 0
0.2906563 -0.414767 -0.8622576 0
-0.08571148 0.8862532 -0.4552019 0
0.2072813 0.7410026 0.1407737 1

0.4254255 0.2586092 0.8672569 0
-0.1631554 -0.9206831 0.3545747 0
0.8901651 -0.2923427 -0.3494884 0
-0.1886714 0.7449602 -0.1204856 1

0.02505516 0.284894 0.9582316 0
-0.2803536 -0.9180651 0.2802824 0
0.9595699 -0.275666 0.05686885 0
-0.250717 0.6980269 -0.1254915 1

-0.003200054 0.2001024 0.9797698 0
-0.2592116 -0.9464521 0.1924512 0
0.9658155 -0.2533517 0.05489763 0
-0.2513831 0.6826342 -0.1533384 1

-0.01134767 0.135546 0.9907062 0
-0.182676 -0.9743772 0.1312194 0
0.9831078 -0.1794892 0.03581789 0
-0.2416165 0.6854196 -0.1798445 1

-0.02610655 0.06541168 0.9975168 0
-0.2462825 -0.9675205 0.05699898 0
0.9688466 -0.2441828 0.04136845 0
-0.2325867 0.6933678 -0.2075171 1

0.1000639 0.06948451 0.9925519 0
-0.05116156 0.9965982 -0.06460994 0
-0.9936648 -0.04431537 0.1032785 0
-0.002787678 1.027854 -0.009951992 1

0.2259415 0.01574388 0.9740136 0
0.05499789 0.9980685 -0.02889054 0
-0.9725871 0.06009629 0.2246392 0
-0.007997171 1.129332 -0.01653086 1

-0.1855585 0.1028096 -0.9772403 0
0.0150395 -0.994098 -0.1074389 0
-0.9825181 -0.03463339 0.1829171 0
0.02391628 0.9667398 0.07432801 1

-0.07241057 -0.04148563 -0.9965118 0
-0.4863214 -0.8708422 0.07159196 0
-0.8707745 0.489809 0.04288282 0
0.007490183 0.9553332 -0.08860508 1

0.47973 0.006450631 0.8773925 0
0.03149405 0.999202 -0.02456611 0
-0.8768507 0.03941775 0.479144 0
-0.002495911 1.229165 -0.01942069 1

-0.2138274 0.04900489 -0.9756417 0
0.2541067 -0.9615695 -0.1039897 0
-0.9432431 -0.2701529 0.1931575 0
0.03058953 0.525644 0.02665582 1

0.05276784 0.0946252 -0.9941136 0
0.4767275 -0.8771235 -0.0581846 0
-0.877466 -0.470851 -0.09139436 0
-0.2082974 0.5689284 -0.05683874 1

0.6982511 -0.002980929 0.7158467 0
-0.002234761 0.9999773 0.006343931 0
-0.7158495 -0.006029397 0.6982286 0
0.0004399905 1.322312 -0.02171076 1

-0.2091142 5.455315E-05 -0.9778914 0
-0.6933975 -0.7051422 0.1482382 0
-0.6895441 0.7090661 0.1474931 0
0.1437377 0.09747815 -0.01964851 1

0.1252691 0.09560047 -0.9875061 0
-0.5261812 -0.8374262 -0.1478195 0
-0.8410951 0.5381244 -0.0546005 0
0.003979114 0.1783642 -0.08274707 1

0.7712455 0.001796816 0.6365352 0
-0.05407831 0.9965656 0.06270978 0
-0.6342363 -0.08278736 0.7686939 0
6.309268E-05 1.490961 -0.02064084 1

0.5683056 0.232015 -0.7894289 0
0.8226573 -0.1791594 0.539571 0
-0.01624501 -0.9560705 -0.2926861 0
0.03787393 1.43418 0.006081345 1

-0.572806 -0.2042363 0.7938395 0
-0.7282559 -0.3176936 -0.6072184 0
0.3762138 -0.9259366 0.03324031 0
-0.02594916 1.434451 -0.05935 1

-0.2091139 5.452335E-05 -0.9778914 0
-0.976817 0.04685206 0.2088868 0
0.04582758 0.998902 -0.009744115 0
0.04793188 4.959106E-05 0.0008333568 1

0.125269 0.09560056 -0.9875061 0
-0.9356408 -0.3196648 -0.1496364 0
-0.3299762 0.9426958 0.04940369 0
-0.06872267 0.06265807 -0.1031711 1

0.9997388 -0.01673042 -0.01557489 0
0.01470606 0.9924124 -0.122071 0
0.01749907 0.12181 0.9923992 0
-0.02300778 1.581708 0.00705638 1

0.9623594 0.1030703 -0.2514779 0
0.1683693 -0.9524503 0.2539491 0
-0.2133454 -0.2867315 -0.9339535 0
0.127035 1.414763 0.06456099 1

-0.5971619 -0.2031272 0.775975 0
-0.02717885 -0.9617245 -0.2726671 0
0.8016602 -0.1839164 0.5687845 0
-0.1048754 1.40002 -0.1251585 1

-0.2079937 0.0232436 -0.9778541 0
-0.976817 0.04685206 0.2088868 0
0.05066975 0.9986315 0.01295983 0
-0.04269836 0.004396439 0.02021414 1

0.1330662 0.07319716 -0.9884006 0
-0.9356408 -0.3196648 -0.1496364 0
-0.3269097 0.9446995 0.02594968 0
-0.1555327 0.03299916 -0.1170546 1

0.9485905 -0.2895605 -0.1277917 0
-0.2337941 -0.9132031 0.3337672 0
-0.2133454 -0.2867315 -0.9339535 0
0.1739115 1.149586 0.1352643 1

-0.5931214 -0.1261635 0.7951666 0
-0.07448424 -0.9748116 -0.2102252 0
0.8016604 -0.1839163 0.5687843 0
-0.1124424 1.132261 -0.2010732 1

0.9997388 -0.01673042 -0.01557489 0
0.01470606 0.9924124 -0.122071 0
0.01749907 0.12181 0.9923992 0
-0.01815356 1.802076 0.08192682 1

0.9638975 -0.2176284 0.1534263 0
-0.2445612 -0.9514615 0.1868452 0
0.1053165 -0.2176218 -0.9703348 0
0.1076802 0.8908862 0.2298167 1

-0.03470528 0.1830149 0.9824974 0
-0.4718747 -0.8696073 0.145318 0
0.8809825 -0.4585724 0.1165399 0
-0.1335429 0.8561085 -0.2606276 1

0.8143783 -0.5712112 0.1024981 0
-0.5055317 -0.7849932 -0.3580829 0
0.2850012 0.239799 -0.9280469 0
0.07745955 0.8698457 0.2150345 1

0.9692317 -0.2006568 0.1425726 0
-0.2066302 -0.9780111 0.02825222 0
0.1337687 -0.05684269 -0.9893811 0
0.06416772 0.8080155 0.2383429 1

0.9851883 -0.1065425 0.1343596 0
-0.07869144 -0.9770812 -0.1977878 0
0.1523531 0.1842853 -0.9709931 0
0.08436766 0.8001881 0.2476274 1

0.9863468 0.004974335 0.1646059 0
0.05604396 -0.9500206 -0.3071156 0
0.1548513 0.3121477 -0.9373286 0
0.1034397 0.8001162 0.24927 1

0.9798462 0.05486073 0.1920726 0
0.1287387 -0.9086488 -0.39722 0
0.1527346 0.4139417 -0.8973987 0
0.125129 0.804697 0.2460247 1

0.05250707 0.5448129 0.8369121 0
0.04917663 -0.838462 0.5427365 0
0.9974092 0.01265889 -0.07081716 0
-0.1322247 0.8323426 -0.228859 1

-0.0635023 0.1385632 0.9883157 0
-0.3285758 -0.9380035 0.1103973 0
0.9423405 -0.3177261 0.1050937 0
-0.1727479 0.7786537 -0.2245833 1

-0.09186183 0.04541547 0.9947357 0
-0.2238093 -0.9743418 0.02381594 0
0.9702941 -0.2204434 0.09966911 0
-0.1785289 0.7732055 -0.2467735 1

-0.1042533 -0.0227374 0.9942908 0
-0.1590488 -0.9864908 -0.0392358 0
0.9817508 -0.1622312 0.09922852 0
-0.1754784 0.7733243 -0.2656713 1

-0.115945 -0.09349056 0.9888461 0
-0.155001 -0.9816601 -0.1109857 0
0.9810871 -0.1661404 0.09932722 0
-0.1660496 0.7766649 -0.2857181 1

0.950096 -0.275947 0.1455009 0
-0.2608326 -0.9585441 -0.1147156 0
0.1711245 0.07103952 -0.9826851 0
0.05628294 0.8369625 0.2000344 1

0.9726551 -0.1834487 0.1424374 0
-0.1844416 -0.9828233 -0.00631576 0
0.1411496 -0.02012831 -0.9897838 0
0.05652242 0.771829 0.2393882 1

0.9868412 -0.07850397 0.1413569 0
-0.02731532 -0.9426051 -0.332791 0
0.1593692 0.3245505 -0.9323457 0
0.08145604 0.7640359 0.2403091 1

0.9838842 0.02857341 0.1765094 0
0.1127778 -0.8652013 -0.4885773 0
0.138756 0.5006098 -0.8544804 0
0.1053336 0.7680123 0.2388917 1

0.9750759 0.0812209 0.2064704 0
0.2005489 -0.7207027 -0.6636022 0
0.09490536 0.68847 -0.7190287 0
0.1297635 0.7719857 0.2317248 1

0.1264123 0.1840953 0.9747455 0
-0.1448822 -0.968665 0.2017362 0
0.9813406 -0.1667251 -0.09577904 0
-0.1301656 0.7972355 -0.2061341 1

-0.06770755 0.1255765 0.9897709 0
-0.3276769 -0.9398155 0.09682293 0
0.9423606 -0.3177694 0.1047811 0
-0.1849052 0.7439476 -0.2204985 1

-0.09449089 0.03128265 0.9950342 0
-0.2222683 -0.9749387 0.00954356 0
0.970396 -0.2202627 0.09907572 0
-0.1868098 0.7371548 -0.2458923 1

-0.1051695 -0.02873245 0.9940392 0
-0.157456 -0.9864923 -0.04517339 0
0.98191 -0.1612683 0.09922471 0
-0.1804885 0.7422497 -0.2669072 1

-0.1155272 -0.09068083 0.9891566 0
-0.1529095 -0.9823305 -0.1079141 0
0.9814644 -0.1637184 0.09961996 0
-0.1716296 0.7413251 -0.2897136 1

0.9909464 -0.07752366 0.109614 0
-0.07057588 -0.9953267 -0.06590753 0
0.1142113 0.05757474 -0.9917869 0
0.04737218 0.804216 0.1961154 1

0.9706785 -0.1956407 0.1396708 0
-0.183696 -0.9784835 -0.09394568 0
0.1550453 0.06553416 -0.9857313 0
0.05126585 0.7438186 0.2392082 1

0.9870285 -0.06629904 0.146216 0
0.003391709 -0.9019337 -0.4318611 0
0.1605091 0.4267552 -0.8900095 0
0.08065026 0.7362292 0.2304918 1

0.9863362 0.01227013 0.164287 0
0.1081758 -0.8003575 -0.5896832 0
0.1242527 0.5993978 -0.7907487 0
0.1085924 0.7430109 0.2247734 1

0.9805344 0.06816506 0.1841356 0
0.1849712 -0.6352652 -0.7498158 0
0.06586379 0.76928 -0.6355081 0
0.1339751 0.7568508 0.2177892 1

0.1565402 0.1213774 0.980185 0
-0.1228869 -0.9823149 0.1412666 0
0.9799971 -0.1425658 -0.1388561 0
-0.1351183 0.7641228 -0.199238 1

-0.06680445 0.1291741 0.9893692 0
-0.3280521 -0.9393001 0.1004861 0
0.9422945 -0.3178517 0.105125 0
-0.194244 0.7171627 -0.2177391 1

-0.09228276 0.03869583 0.9949808 0
-0.3428983 -0.9393605 0.004729301 0
0.9348286 -0.3407407 0.09995544 0
-0.1933667 0.7083942 -0.2456108 1

-0.1024912 -0.0144477 0.994629 0
-0.2992991 -0.9531123 -0.04468596 0
0.9486388 -0.3022715 0.0933613 0
-0.1851334 0.713148 -0.2682398 1

-0.1123543 -0.08029661 0.9904189 0
-0.3988956 -0.9092463 -0.118967 0
0.9100873 -0.4084401 0.07012771 0
-0.1748407 0.7206961 -0.2919798 1

0.9253917 -0.1859955 0.3302358 0
-0.1620924 -0.9818205 -0.09876335 0
0.3426018 0.03786607 -0.9387174 0
0.04555485 0.7785865 0.1944184 1

0.9710194 -0.1953386 0.1377102 0
-0.1835269 -0.9785177 -0.09392177 0
0.1530984 0.06592638 -0.9860095 0
0.04617342 0.716693 0.2366039 1

0.9873238 -0.06520601 0.1447062 0
0.003720224 -0.9019555 -0.4318132 0
0.1586753 0.4268777 -0.8902796 0
0.0807502 0.7096524 0.2177665 1

0.9865441 0.01116584 0.1631131 0
0.1065989 -0.8003762 -0.5899447 0
0.1239646 0.5993941 -0.790797 0
0.111447 0.7218909 0.2092127 1

0.9807515 0.07052696 0.182078 0
0.1848904 -0.6352711 -0.7498309 0
0.06278561 0.769062 -0.6360829 0
0.1378886 0.7434101 0.2019246 1

0.3995976 0.1650594 0.9017081 0
-0.08969087 -0.9718962 0.2176545 0
0.9122924 -0.1678493 -0.373563 0
-0.1382894 0.7387733 -0.1955924 1

-0.06752462 0.1293895 0.989292 0
-0.3280502 -0.9393033 0.1004602 0
0.9422439 -0.317754 0.1058723 0
-0.203347 0.6910983 -0.2149508 1

-0.09417825 0.03944626 0.9947736 0
-0.3429036 -0.9393585 0.004784994 0
0.9346377 -0.3406609 0.1019932 0
-0.2034921 0.6806562 -0.2454712 1

-0.1015453 -0.01471541 0.9947221 0
-0.299303 -0.9531127 -0.044654 0
0.9487393 -0.3022576 0.09237967 0
-0.193048 0.6879448 -0.2694212 1

-0.1140158 -0.08019374 0.9902371 0
-0.3988284 -0.9091992 -0.1195521 0
0.9099101 -0.4085654 0.07167938 0
-0.1833194 0.7013697 -0.2945085 1

0.1285195 0.05840709 0.9899856 0
-0.06025223 0.9968799 -0.05099192 0
-0.989875 -0.05309537 0.1316378 0
-0.00133617 1.022716 -0.01262778 1

0.2277558 0.008135285 0.9736844 0
0.05123267 0.9984798 -0.02032635 0
-0.9723696 0.05451389 0.2269928 0
-0.007471315 1.124222 -0.01782 1

-0.262746 0.05766207 -0.9631407 0
0.08367517 -0.9930904 -0.08228183 0
-0.9612299 -0.1022102 0.2561057 0
0.02826165 0.9608062 0.07009055 1

-0.09391148 -0.03343052 -0.9950192 0
-0.5344504 -0.8415264 0.0787158 0
-0.8399664 0.5391807 0.06116208 0
0.007164407 0.9512179 -0.09242126 1

0.4751301 0.0007221103 0.8799154 0
0.02906638 0.999441 -0.01651524 0
-0.8794354 0.03342284 0.4748435 0
-0.002346678 1.224097 -0.01985317 1

-0.2240278 0.05051556 -0.9732729 0
0.3083804 -0.9436687 -0.119962 0
-0.924507 -0.3270131 0.19583 0
0.06538955 0.5201575 0.0335809 1

0.04931641 0.05973268 -0.9969956 0
0.2570181 -0.9653527 -0.04512347 0
-0.9651474 -0.2540205 -0.06296007 0
-0.2299786 0.577821 -0.05749398 1

0.6893566 -0.006948087 0.7243888 0
-0.003820838 0.9999052 0.01322682 0
-0.724412 -0.01188576 0.6892649 0
0.0003629118 1.317266 -0.02139274 1

-0.2135219 -0.004268944 -0.9769291 0
-0.6782282 -0.7190905 0.1513788 0
-0.7031466 0.6949034 0.1506463 0
0.2027046 0.09996235 -0.01983556 1

0.09593586 0.04321145 -0.9944492 0
-0.7238614 -0.6827333 -0.09949844 0
-0.6832429 0.729389 -0.03421948 0
-0.115534 0.1479702 -0.0775865 1

0.7646585 0.004303437 0.6444214 0
-0.06036735 0.9960589 0.06497912 0
-0.641602 -0.08858883 0.7619048 0
-0.0002814827 1.485903 -0.019162 1

0.6016116 0.2290101 -0.7652566 0
0.7986642 -0.1555417 0.5813281 0
0.01410063 -0.9609169 -0.2764778 0
0.03728186 1.428992 0.007632636 1

-0.5936192 -0.2132775 0.7759699 0
-0.7094108 -0.316553 -0.6297068 0
0.3799378 -0.9242873 0.03661051 0
-0.02572823 1.429625 -0.05857951 1

-0.2135216 -0.004268985 -0.9769292 0
-0.9758988 0.04705385 0.2130908 0
0.04505863 0.9988834 -0.01421312 0
0.1089947 0.0006065369 0.001080245 1

0.09593578 0.04321162 -0.9944492 0
-0.9914443 -0.08469161 -0.09932595 0
-0.08851355 0.9954699 0.03471698 0
-0.2155489 0.05363786 -0.09133406 1

0.9999523 -0.004206951 -0.008817159 0
0.002992681 0.9910495 -0.1334621 0
0.009299733 0.1334293 0.9910147 0
-0.02414913 1.576437 0.008554334 1

0.987402 0.08349389 -0.1344108 0
0.1249649 -0.9325497 0.3387254 0
-0.09706329 -0.3512547 -0.9312353 0
0.1238425 1.412134 0.07063799 1

-0.6729432 -0.2844297 0.6828231 0
0.04810408 -0.9379894 -0.3433111 0
0.7381285 -0.1981823 0.6448956 0
-0.1026121 1.395318 -0.1268253 1

-0.212418 0.01892081 -0.9769959 0
-0.9758988 0.04705385 0.2130908 0
0.05000337 0.9987133 0.008469693 0
0.01844968 0.004972339 0.02085106 1

0.09800976 0.01957033 -0.9949931 0
-0.9914443 -0.08469161 -0.09932595 0
-0.08621146 0.9962152 0.01110229 0
-0.3075366 0.04578 -0.1005497 1

0.9316397 -0.3612671 0.03916177 0
-0.3501802 -0.8637743 0.3623086 0
-0.09706329 -0.3512547 -0.9312353 0
0.1586346 1.152498 0.1649443 1

-0.6745492 -0.234144 0.7001145 0
0.0122482 -0.9517881 -0.3065121 0
0.7381285 -0.1981823 0.6448957 0
-0.08921918 1.134168 -0.2224083 1

0.9999523 -0.004206951 -0.008817159 0
0.002992681 0.9910495 -0.1334621 0
0.009299733 0.1334293 0.9910147 0
-0.02258039 1.797696 0.08089674 1

0.9271833 -0.3323312 0.1728789 0
-0.366431 -0.9004873 0.2342025 0
0.07784227 -0.2804968 -0.9566934 0
0.05943238 0.9078009 0.2675821 1

-0.1439092 0.01578126 0.9894652 0
-0.3831275 -0.9227851 -0.04100485 0
0.9124164 -0.3849921 0.1388434 0
-0.08574941 0.8645371 -0.3092397 1

0.7157716 -0.6824119 0.1482738 0
-0.6020815 -0.710613 -0.3640426 0
0.3537921 0.1712984 -0.9195042 0
0.02676014 0.8901034 0.2536602 1

0.9318675 -0.3241062 0.1630275 0
-0.3432161 -0.9331862 0.1066105 0
0.1175817 -0.1553006 -0.9808448 0
0.005507158 0.8318397 0.2800528 1

0.9614605 -0.2316026 0.1481683 0
-0.2150791 -0.9692674 -0.1194235 0
0.1712733 0.08295321 -0.9817252 0
0.0245026 0.8219618 0.2899071 1

0.9783714 -0.1203434 0.1682455 0
-0.08145165 -0.9717672 -0.2214369 0
0.1901438 0.2029437 -0.9605515 0
0.04340073 0.819505 0.2917153 1

0.978708 -0.07219078 0.1921444 0
-0.007465187 -0.94801 -0.3181531 0
0.2051222 0.3099445 -0.9283637 0
0.06550698 0.821057 0.2884219 1

-0.08492395 0.4047468 0.9104769 0
0.09341502 -0.9065189 0.4117004 0
0.9919989 0.1200155 0.03917573 0
-0.08467566 0.836135 -0.2815277 1

-0.1605613 -0.02331961 0.9867504 0
-0.3101741 -0.947883 -0.07287185 0
0.9370232 -0.3177647 0.1449601 0
-0.1191752 0.7788401 -0.2898951 1

-0.1881244 -0.1271029 0.9738863 0
-0.1692789 -0.9725552 -0.1596286 0
0.9674473 -0.1948883 0.1614456 0
-0.1222748 0.7765645 -0.3131485 1

-0.1955339 -0.1932149 0.9614753 0
-0.0926171 -0.9723801 -0.2142417 0
