MeshAnim
1
33
65
30
0.9222786 0.04353553 -0.3840661 0
0.04524928 0.9746437 0.2191396 0
0.383868 -0.2194865 0.8969231 0
-0.102394 0.9327611 -0.02980846 1

0.9201415 0.0827829 -0.3827355 0
0.02170996 0.965111 0.2609398 0
0.3909836 -0.2484107 0.8862415 0
-0.09778651 1.032004 -0.00749471 1

-0.8499044 -0.2839854 0.4438635 0
0.4467794 -0.8349686 0.3212718 0
0.2793756 0.4713594 0.8365223 0
-0.03556439 0.8736529 -0.08973484 1

-0.9695449 0.2443451 0.01669559 0
-0.1856995 -0.777865 0.6003684 0
0.1596839 0.5789835 0.7995493 0
-0.1869618 0.8665059 -0.02668822 1

0.9199054 0.09922986 -0.3793778 0
0.06456409 0.915925 0.3961222 0
0.3867887 -0.3888892 0.8361577 0
-0.09561493 1.128541 0.01860625 1

-0.8545501 -0.2924481 0.4292067 0
0.1057788 -0.9070802 -0.4074509 0
0.5084831 -0.3027862 0.8060802 0
0.1626782 0.5031651 0.05281814 1

-0.9565194 0.2787483 -0.08585244 0
-0.2637769 -0.9523366 -0.1532219 0
-0.1244709 -0.123914 0.9844553 0
-0.2693592 0.5213565 0.2397036 1

0.9212645 0.1139222 -0.3718781 0
0.1158321 0.8323894 0.5419507 0
0.3712876 -0.5423554 0.7536551 0
-0.0895962 1.213924 0.05553312 1

-0.8579684 0.02853537 0.5129092 0
0.3509998 -0.6964699 0.6258823 0
0.3750857 0.7170183 0.5875334 0
0.2097791 0.09926218 -0.1286109 1

-0.9929622 0.004049879 -0.1183643 0
-0.09202811 -0.6554629 0.7495997 0
-0.07454766 0.7552168 0.6512221 0
-0.3868134 0.09730136 0.1714771 1

0.9377487 0.1837921 -0.2946996 0
0.03146282 0.8000671 0.5990852 0
0.3458866 -0.5710633 0.7444791 0
-0.07006075 1.354309 0.1469349 1

-0.3821207 0.6907967 -0.613827 0
0.8383078 -0.02039354 -0.5448157 0
-0.388875 -0.7227614 -0.5713074 0
-0.03752124 1.316698 0.09313515 1

0.1204131 -0.68932 0.7143798 0
-0.9922762 -0.1051834 0.06576052 0
0.0298108 -0.7167805 -0.6966614 0
-0.1217289 1.306283 0.1271253 1

-0.8579685 0.02853538 0.5129092 0
0.5135182 0.02090744 0.857824 0
0.01375471 0.9993743 -0.03259131 0
0.2582763 0.00303185 -0.04213354 1

-0.9929622 0.004049931 -0.1183642 0
-0.1183673 -0.0005044974 0.9929698 0
0.003961693 0.999992 0.0009802021 0
-0.3995289 0.006736934 0.2750483 1

0.9368405 0.1575744 -0.3122505 0
-0.189377 0.9791054 -0.07408807 0
0.2940518 0.1285417 0.9471065 0
-0.05729475 1.412827 0.2240519 1

0.1160866 0.2848836 -0.9515067 0
0.2952396 -0.9245797 -0.2408016 0
-0.9483446 -0.2529686 -0.1914401 0
0.05333601 1.314488 0.03408706 1

0.4899869 -0.4224278 0.7625401 0
-0.6658009 -0.7459872 0.01456709 0
0.5626916 -0.5148376 -0.6467768 0
-0.2292688 1.294884 0.1342522 1

-0.857418 0.05172775 0.5120144 0
0.5135182 0.02090744 0.857824 0
0.03366839 0.9984424 -0.04448956 0
0.3059211 0.004971683 0.0374564 1

-0.9927766 -0.01968766 -0.1183541 0
-0.1183673 -0.0005044974 0.9929698 0
-0.01960901 0.9998062 -0.001829728 0
-0.4105111 0.006690145 0.3671774 1

0.2601802 -0.9654713 -0.01309273 0
-0.1815179 -0.06222532 0.981417 0
-0.9483446 -0.2529687 -0.1914399 0
0.1355352 1.05707 -0.03295578 1

0.5150726 0.8303063 -0.2128182 0
0.6465898 -0.213386 0.7323851 0
0.5626916 -0.5148375 -0.6467769 0
-0.4146379 1.08719 0.1383079 1

0.9368405 0.1575744 -0.3122505 0
-0.189377 0.9791054 -0.07408807 0
0.2940518 0.1285417 0.9471065 0
-0.06722676 1.631086 0.3043959 1

0.594851 -0.7903107 0.146838 0
-0.2856942 -0.03711598 0.9576019 0
-0.7513529 -0.6115811 -0.2478655 0
0.0841132 1.039443 0.2450682 1

0.6080707 0.5134439 -0.605496 0
0.5281016 0.3078656 0.7914084 0
0.5927551 -0.8009958 -0.08394672 0
-0.2314667 1.02674 0.3457841 1

0.284741 -0.8615986 0.4202029 0
-0.7410468 0.08022217 0.6666441 0
-0.608089 -0.5012109 -0.6156422 0
0.04929216 1.050097 0.2608319 1

0.6289979 -0.7726545 0.08582947 0
-0.6183515 -0.4303337 0.6576126 0
-0.4711719 -0.4667097 -0.7484509 0
0.04075775 1.050755 0.3276875 1

0.6289979 -0.7726545 0.08582947 0
-0.6183515 -0.4303337 0.6576126 0
-0.4711719 -0.4667097 -0.7484509 0
0.05687922 1.035905 0.3363515 1

0.6289979 -0.7726545 0.08582947 0
-0.6183515 -0.4303337 0.6576126 0
-0.4711719 -0.4667097 -0.7484509 0
0.06887589 1.02106 0.3348763 1

0.6289979 -0.7726545 0.08582938 0
-0.6183515 -0.4303337 0.6576126 0
-0.471172 -0.4667096 -0.7484511 0
0.08002341 1.003387 0.3267932 1

0.2480948 0.5270609 -0.8128073 0
0.8995678 0.1860098 0.3951942 0
0.3594813 -0.8292207 -0.4279789 0
-0.1927931 1.035476 0.3477405 1

0.6185085 0.5178877 -0.590965 0
0.6009529 0.172789 0.7803842 0
0.5062636 -0.8378164 -0.2043547 0
-0.166548 1.062238 0.4037578 1

0.6184883 0.517882 -0.5909913 0
0.6008325 0.1730399 0.7804214 0
0.5064312 -0.8377681 -0.204137 0
-0.1811206 1.05609 0.421232 1

0.6185085 0.5178877 -0.590965 0
0.6009529 0.172789 0.7803842 0
0.5062636 -0.8378164 -0.2043547 0
-0.1944714 1.044849 0.429095 1

0.6592894 0.5290719 -0.5342479 0
0.5511914 0.143189 0.8220004 0
0.5113957 -0.8364089 -0.197217 0
-0.2090666 1.028166 0.4323503 1

0.4090101 -0.8624406 0.2981728 0
-0.6727592 -0.06422641 0.7370686 0
-0.6165272 -0.502067 -0.606484 0
0.01824985 1.053457 0.2887576 1

0.6799766 -0.7310684 0.05630748 0
-0.7313246 -0.6706648 0.12399 0
-0.05288166 -0.1254894 -0.9906846 0
0.01787873 1.034833 0.352019 1

0.6799766 -0.7310684 0.05630748 0
-0.7313246 -0.6706648 0.12399 0
-0.05288166 -0.1254894 -0.9906846 0
0.0340002 1.019982 0.3606832 1

0.6799766 -0.7310684 0.05630748 0
-0.7313246 -0.6706648 0.12399 0
-0.05288166 -0.1254894 -0.9906846 0
0.04798013 1.006518 0.3570989 1

0.6799767 -0.7310685 0.05630741 0
-0.7313243 -0.6706647 0.1239901 0
-0.05288187 -0.1254894 -0.9906845 0
0.05776273 0.9878953 0.3504673 1

0.5770554 0.6726477 -0.4631981 0
0.5994123 0.0364006 0.7996123 0
0.5547178 -0.7390671 -0.3821881 0
-0.1551273 1.043265 0.3642876 1

0.6301616 0.5197961 -0.5768088 0
0.6595771 0.03362193 0.7508847 0
0.4097002 -0.8536285 -0.3216584 0
-0.1443127 1.068631 0.432632 1

0.6301615 0.5197962 -0.5768088 0
0.6595771 0.03362225 0.7508845 0
0.4097004 -0.8536285 -0.3216583 0
-0.1588897 1.062493 0.4501078 1

0.6301616 0.5197961 -0.5768088 0
0.6595771 0.03362193 0.7508847 0
0.4097002 -0.8536285 -0.3216584 0
-0.1755414 1.050292 0.4536771 1

0.6301615 0.5197961 -0.5768089 0
0.6595773 0.03362209 0.7508844 0
0.4097002 -0.8536285 -0.3216583 0
-0.1892237 1.03332 0.4619424 1

0.4023578 -0.8624742 0.3069954 0
-0.6511096 -0.03386355 0.7582279 0
-0.6435562 -0.5049666 -0.5751906 0
-0.004733443 1.051263 0.3139377 1

0.7061805 -0.7057171 0.05720581 0
-0.6892198 -0.7036709 -0.1726942 0
0.1621274 0.08252585 -0.983313 0
-0.002963975 1.015719 0.3555528 1

0.7061805 -0.7057171 0.05720581 0
-0.6892198 -0.7036709 -0.1726942 0
0.1621274 0.08252585 -0.983313 0
0.01242615 1.000198 0.3643409 1

0.7061805 -0.7057171 0.05720581 0
-0.6892198 -0.7036709 -0.1726942 0
0.1621274 0.08252585 -0.983313 0
0.02684715 0.9871382 0.3606818 1

0.7061806 -0.7057171 0.05720577 0
-0.6892197 -0.703671 -0.172694 0
0.1621273 0.08252592 -0.983313 0
0.04240493 0.9738113 0.3530712 1

0.6421511 0.7141811 -0.2785453 0
0.4022336 -0.004591784 0.9155256 0
0.6525722 -0.6999459 -0.2902164 0
-0.1346371 1.044509 0.3916215 1

0.6363587 0.519783 -0.5699764 0
0.6831062 -0.03646751 0.7294079 0
0.3583482 -0.8535196 -0.3782735 0
-0.1255148 1.069589 0.4540322 1

0.6363586 0.5197831 -0.5699764 0
0.6831063 -0.03646736 0.7294079 0
0.3583483 -0.8535196 -0.3782735 0
-0.1394322 1.063485 0.4722588 1

0.6363587 0.519783 -0.5699764 0
0.6831062 -0.03646751 0.7294079 0
0.3583482 -0.8535196 -0.3782735 0
-0.1560839 1.051283 0.4758282 1

0.6363586 0.519783 -0.5699767 0
0.6831063 -0.03646746 0.7294077 0
0.3583482 -0.8535196 -0.3782735 0
-0.1753725 1.034026 0.4777111 1

0.4751459 -0.7204516 0.5051592 0
-0.7010763 0.03695539 0.712128 0
-0.5317222 -0.6925199 -0.4875324 0
-0.02149938 1.050391 0.3334619 1

0.7066242 -0.7054276 0.05526386 0
-0.6890967 -0.7037938 -0.1726845 0
0.1607109 0.08394089 -0.9834255 0
-0.02207049 0.9962116 0.3507654 1

0.7067097 -0.7053283 0.05543652 0
-0.6889846 -0.7039058 -0.1726757 0
0.1608153 0.08383668 -0.9834175 0
-0.007882595 0.979463 0.3592523 1

0.7051251 -0.7068169 0.05664244 0
-0.6903479 -0.7025419 -0.1727849 0
0.1619211 0.08273211 -0.9833297 0
0.008659929 0.9685696 0.3561247 1

0.706629 -0.7055126 0.05410454 0
-0.6892782 -0.7036129 -0.1726985 0
0.1599098 0.08474065 -0.9834875 0
0.02782255 0.9589232 0.3494174 1

0.7453467 0.5205976 -0.4164572 0
0.4663845 0.03920597 0.8837129 0
0.4763863 -0.8529016 -0.2135767 0
-0.1242571 1.04439 0.4152474 1

0.6361058 0.5204264 -0.5696715 0
0.6830895 -0.03648132 0.7294229 0
0.3588286 -0.8531268 -0.3787038 0
-0.1065595 1.068577 0.4742722 1

0.6355851 0.5215324 -0.5692414 0
0.6831419 -0.03643823 0.7293761 0
0.359651 -0.8524531 -0.3794402 0
-0.119261 1.062408 0.4937972 1

0.6366901 0.5189416 -0.5703728 0
0.6831264 -0.03645049 0.7293899 0
0.3577205 -0.8540323 -0.3777104 0
-0.1380202 1.050319 0.495116 1

0.6361998 0.5210979 -0.5689522 0
0.6827305 -0.03677518 0.729744 0
0.3593448 -0.8527041 -0.3791661 0
-0.1608528 1.033251 0.4932148 1

0.9048294 0.05058581 -0.4227585 0
0.04377959 0.9766006 0.2105581 0
0.4235174 -0.2090273 0.8814423 0
-0.1010987 0.9366938 -0.02840562 1

0.9004732 0.08885468 -0.425738 0
0.02010025 0.9693587 0.2448261 0
0.4344468 -0.2290168 0.8710955 0
-0.09664088 1.036136 -0.006965678 1

-0.8380158 -0.2744783 0.4715841 0
0.449341 -0.8374573 0.3110601 0
0.3095521 0.4725753 0.8251364 0
-0.03620138 0.8778737 -0.09069256 1

-0.9649855 0.2567279 0.0537951 0
-0.1764545 -0.7871028 0.591044 0
0.1940797 0.5608566 0.8048435 0
-0.1847343 0.8695694 -0.02129436 1

0.8987408 0.1040424 -0.4259577 0
0.06910086 0.9256957 0.3719041 0
0.433001 -0.3636795 0.8247711 0
-0.09463032 1.133097 0.01752349 1

-0.8483821 -0.291348 0.4420006 0
0.107167 -0.9121654 -0.3955629 0
0.5184239 -0.2882208 0.8050873 0
0.1631778 0.5062816 0.04732935 1

-0.9522127 0.2954147 -0.07759768 0
-0.281227 -0.9471004 -0.1546363 0
-0.1191746 -0.125424 0.9849194 0
-0.2630297 0.5203209 0.2409601 1

0.8988642 0.1178879 -0.4220729 0
0.1282977 0.8501447 0.5106795 0
0.419026 -0.5131825 0.74904 0
-0.08818867 1.219392 0.05219273 1

-0.8582309 0.03505804 0.5120655 0
0.3506213 -0.6885552 0.6347888 0
0.3748396 0.7243363 0.578647 0
0.2108968 0.1001143 -0.1288062 1

-0.9931254 0.005607449 -0.1169221 0
-0.09198651 -0.6551184 0.7499056 0
-0.07239267 0.7555056 0.6511305 0
-0.388254 0.09859747 0.1721038 1

0.9180096 0.1742194 -0.3562387 0
0.0584209 0.8291096 0.5560257 0
0.3922313 -0.5312487 0.7509523 0
-0.06655085 1.362771 0.1383205 1

-0.4469141 0.6611192 -0.602652 0
0.7975076 -0.01075477 -0.6032131 0
-0.4052771 -0.750204 -0.5224411 0
-0.03612683 1.324099 0.08403704 1

0.1708246 -0.668548 0.7237836 0
-0.9851104 -0.1303494 0.1121001 0
0.01940055 -0.7321562 -0.6808605 0
-0.118287 1.313322 0.1226152 1

-0.8582312 0.03505809 0.512065 0
0.5131032 0.03366357 0.8576665 0
0.01283022 0.9988184 -0.04687964 0
0.2593417 0.004977584 -0.04109825 1

-0.9931253 0.005607482 -0.1169221 0
-0.1169102 0.002407521 0.9931396 0
0.005850542 0.9999815 -0.001735225 0
-0.4009637 0.008080721 0.2757173 1

0.9291092 0.1621488 -0.3323612 0
-0.2111714 0.970436 -0.1168795 0
0.3035834 0.1787789 0.9358821 0
-0.04994976 1.425133 0.2115988 1

0.08714369 0.2830233 -0.955146 0
0.2761074 -0.9280931 -0.2498164 0
-0.9571683 -0.241953 -0.1590222 0
0.05030843 1.322934 0.01865973 1

0.5178942 -0.4151433 0.7479585 0
-0.6527005 -0.7569481 0.03180385 0
0.5529625 -0.5046641 -0.6629832 0
-0.2250503 1.299195 0.1347643 1

-0.8577021 0.05823577 0.5108387 0
0.5131032 0.03366357 0.8576665 0
0.03275021 0.9977354 -0.05875448 0
0.3069481 0.008100927 0.03847707 1

-0.9929844 -0.01813032 -0.116848 0
-0.1169102 0.002407521 0.9931396 0
-0.01772458 0.9998329 -0.004510107 0
-0.4118108 0.00830394 0.3678622 1

0.2461101 -0.9692188 -0.006687462 0
-0.1525092 -0.04553775 0.9872525 0
-0.9571683 -0.241953 -0.159022 0
0.1271809 1.064539 -0.05089295 1

0.5101368 0.8341873 -0.209504 0
0.6587813 -0.2223642 0.7187221 0
0.5529626 -0.5046641 -0.6629831 0
-0.4067721 1.088449 0.143619 1

0.9291092 0.1621488 -0.3323612 0
-0.2111714 0.970436 -0.1168795 0
0.3035834 0.1787789 0.9358821 0
-0.06348561 1.646661 0.2818364 1

0.5977345 -0.7899511 0.1367153 0
-0.2502849 -0.02186679 0.9679252 0
-0.7616241 -0.6127799 -0.2107835 0
0.08397674 1.051638 0.2287842 1

0.5951793 0.5314506 -0.602762 0
0.5273306 0.3076949 0.791989 0
0.6063696 -0.7892302 -0.09711634 0
-0.2201471 1.025456 0.3472246 1

0.2953357 -0.857282 0.4217161 0
-0.7154333 0.0940971 0.6923158 0
-0.6331922 -0.5061753 -0.5855379 0
0.04978953 1.06264 0.2456575 1

0.6296625 -0.773315 0.07422353 0
-0.5948763 -0.4185011 0.6862794 0
-0.4996476 -0.4762782 -0.7235412 0
0.04372811 1.064325 0.3127645 1

0.6296625 -0.773315 0.07422353 0
-0.5948763 -0.4185011 0.6862794 0
-0.4996476 -0.4762782 -0.7235412 0
0.06011818 1.049554 0.3210517 1

0.6296625 -0.773315 0.07422353 0
-0.5948763 -0.4185011 0.6862794 0
-0.4996476 -0.4762782 -0.7235412 0
0.07201234 1.03465 0.3193593 1

0.6296625 -0.7733151 0.07422349 0
-0.5948762 -0.418501 0.6862794 0
-0.4996476 -0.4762782 -0.7235411 0
0.08280662 1.016822 0.3111383 1

0.2337702 0.5411379 -0.8077879 0
0.8984975 0.1972565 0.3921636 0
0.371556 -0.8174716 -0.4400983 0
-0.1816237 1.034857 0.349061 1

0.6056243 0.5359046 -0.5882393 0
0.6025015 0.1740813 0.7789017 0
0.5198184 -0.8261368 -0.2174553 0
-0.1555195 1.061407 0.4052446 1

0.6056041 0.5358989 -0.5882655 0
0.6023768 0.1743298 0.7789426 0
0.5199865 -0.8260881 -0.217238 0
-0.1698745 1.05479 0.4227279 1

0.6056243 0.5359046 -0.5882393 0
0.6025015 0.1740813 0.7789017 0
0.5198184 -0.8261368 -0.2174553 0
-0.1829758 1.043219 0.4305317 1

0.6465424 0.5471314 -0.5316295 0
0.5535265 0.1431004 0.8204455 0
0.5249679 -0.8247238 -0.2103312 0
-0.1972523 1.02624 0.4336696 1

0.4142925 -0.8603641 0.2968763 0
-0.646415 -0.04852697 0.7614415 0
-0.6407102 -0.5073649 -0.5762565 0
0.01982015 1.066581 0.2746585 1

0.6796389 -0.7323306 0.04222532 0
-0.7280567 -0.6664039 0.1607472 0
-0.08958095 -0.1399927 -0.9860922 0
0.0217177 1.048841 0.3381568 1

0.6796389 -0.7323306 0.04222532 0
-0.7280567 -0.6664039 0.1607472 0
-0.08958095 -0.1399927 -0.9860922 0
0.03810776 1.034069 0.346444 1

0.6796389 -0.7323306 0.04222532 0
-0.7280567 -0.6664039 0.1607472 0
-0.08958095 -0.1399927 -0.9860922 0
0.05190987 1.020508 0.3425505 1

0.6796389 -0.7323306 0.04222523 0
-0.7280567 -0.6664039 0.1607472 0
-0.08958104 -0.1399927 -0.9860921 0
0.06139106 1.001756 0.3358443 1

0.5622343 0.6883762 -0.4582914 0
0.6034434 0.03742867 0.7965272 0
0.5654634 -0.7243877 -0.3943523 0
-0.1440027 1.043116 0.3654812 1

0.6173271 0.5378502 -0.5741291 0
0.6634086 0.03634671 0.7473742 0
0.4228429 -0.8422567 -0.3343766 0
-0.1332269 1.067848 0.434064 1

0.6173271 0.5378503 -0.5741293 0
0.6634088 0.036347 0.7473743 0
0.4228432 -0.8422565 -0.3343764 0
-0.1475866 1.061241 0.4515487 1

0.6173271 0.5378502 -0.5741291 0
0.6634086 0.03634671 0.7473742 0
0.4228429 -0.8422567 -0.3343766 0
-0.163997 1.048702 0.4550671 1

0.6173271 0.5378501 -0.5741293 0
0.6634088 0.03634695 0.7473741 0
0.422843 -0.8422567 -0.3343766 0
-0.1773253 1.031392 0.4632056 1

0.4075982 -0.8600948 0.3067586 0
-0.624368 -0.01736078 0.7809376 0
-0.6663547 -0.5098389 -0.5440918 0
-0.002263166 1.064924 0.3006715 1

0.7057362 -0.7072437 0.04174614 0
-0.6974402 -0.7038963 -0.1345636 0
0.1245542 0.06585089 -0.9900254 0
0.0009681061 1.029848 0.3427382 1

0.7057362 -0.7072437 0.04174614 0
-0.6974402 -0.7038963 -0.1345636 0
0.1245542 0.06585089 -0.9900254 0
0.01663009 1.01441 0.351186 1

0.7057362 -0.7072437 0.04174614 0
-0.6974402 -0.7038963 -0.1345636 0
0.1245542 0.06585089 -0.9900254 0
0.03087131 1.001251 0.3471957 1

0.7057362 -0.7072436 0.04174604 0
-0.6974401 -0.7038964 -0.1345635 0
0.1245542 0.06585094 -0.9900254 0
0.04610191 0.9877617 0.33922 1

0.6281188 0.7292719 -0.2713476 0
0.4059643 -0.009634076 0.9138382 0
0.663822 -0.6841563 -0.3021095 0
-0.1233747 1.044395 0.3927096 1

0.6235647 0.5378655 -0.5673337 0
0.6880485 -0.03304876 0.724912 0
0.3711554 -0.8423828 -0.3906856 0
-0.1143197 1.068884 0.4553642 1

0.6235646 0.5378655 -0.5673338 0
0.6880486 -0.03304856 0.724912 0
0.3711555 -0.8423827 -0.3906855 0
-0.128016 1.062313 0.4735963 1

0.6235647 0.5378655 -0.5673337 0
0.6880485 -0.03304876 0.724912 0
0.3711554 -0.8423828 -0.3906856 0
-0.1444264 1.049775 0.4771147 1

0.6235646 0.5378655 -0.5673339 0
0.6880486 -0.0330487 0.7249118 0
0.3711553 -0.8423827 -0.3906854 0
-0.1633938 1.032155 0.4789005 1

0.4881403 -0.7153979 0.499925 0
-0.6754855 0.0530402 0.7354633 0
-0.552665 -0.6967015 -0.4573498 0
-0.01834047 1.064477 0.3207804 1

0.706106 -0.7069877 0.0397841 0
-0.6973173 -0.7040194 -0.1345567 0
0.1231387 0.06726903 -0.9901072 0
-0.01836629 1.010335 0.3390078 1

0.7061985 -0.706886 0.03995177 0
-0.6972052 -0.7041317 -0.1345504 0
0.123243 0.06716456 -0.9901013 0
-0.00392089 0.993669 0.3472209 1

0.7046568 -0.7083489 0.04124172 0
-0.6985676 -0.7027649 -0.1346298 0
0.1243481 0.06605743 -0.9900374 0
0.01246715 0.9826764 0.3436448 1

0.7060663 -0.7070916 0.03862713 0
-0.6974986 -0.7038382 -0.1345668 0
0.1223383 0.06807056 -0.9901514 0
0.03134558 0.9728688 0.3363729 1

0.7342049 0.5394392 -0.4122483 0
0.4691908 0.03573157 0.882374 0
0.4907172 -0.8412663 -0.2268655 0
-0.1128985 1.044147 0.416292 1

0.6233022 0.5385005 -0.5670196 0
0.6880321 -0.03306287 0.7249267 0
0.371626 -0.8419762 -0.3911138 0
-0.09522737 1.067966 0.4754794 1

0.6227646 0.5395917 -0.5665731 0
0.6880835 -0.03301835 0.7248803 0
0.372432 -0.8412793 -0.3918467 0
-0.1076989 1.061337 0.495002 1

0.6239086 0.537035 -0.5677423 0
0.6880684 -0.03303109 0.724894 0
0.3705402 -0.8429132 -0.390125 0
-0.1262321 1.048901 0.4962835 1

0.6233886 0.539165 -0.5662927 0
0.6876805 -0.03336715 0.7252467 0
0.3721319 -0.8415388 -0.3915738 0
-0.1487691 1.031453 0.4943088 1

0.8804087 0.06397779 -0.4698801 0
0.04244843 0.9762476 0.2124587 0
0.472312 -0.2069962 0.8567811 0
-0.1009545 0.9382254 -0.03032062 1

0.8698915 0.1007227 -0.4828495 0
0.02071794 0.9706029 0.2397933 0
0.4928078 -0.2185978 0.8422324 0
-0.09663226 1.037631 -0.008687148 1

-0.8212216 -0.2638505 0.5059432 0
0.4558319 -0.8367092 0.3035378 0
0.3432385 0.4798968 0.8073948 0
-0.03870935 0.8804976 -0.09623101 1

-0.9575446 0.2704937 0.09970751 0
-0.1628146 -0.7928404 0.5872781 0
0.2379073 0.5461112 0.8032203 0
-0.1832335 0.8699949 -0.01909751 1

0.8635773 0.1152093 -0.4908778 0
0.07914013 0.9305085 0.3576183 0
0.4979669 -0.3476792 0.7944483 0
-0.09455991 1.134717 0.0152986 1

-0.8371671 -0.2880774 0.4649333 0
0.1071437 -0.9199584 -0.3770906 0
0.5363503 -0.2658733 0.8010242 0
0.16355 0.5092375 0.03845318 1

-0.9482931 0.313682 -0.04841301 0
-0.302933 -0.9400107 -0.1568811 0
-0.09471947 -0.1341034 0.9864303 0
-0.2554766 0.5182006 0.241486 1

0.8594186 0.1293549 -0.4946382 0
0.1506662 0.8604264 0.4867916 0
0.4885686 -0.4928831 0.719977 0
-0.08718239 1.22146 0.04863611 1

-0.8589745 0.04196236 0.5102964 0
0.3503692 -0.6785854 0.6455724 0
0.3733692 0.7333223 0.568185 0
0.2112587 0.09960026 -0.1294571 1

-0.9932959 0.007906731 -0.1153288 0
-0.09186888 -0.6595511 0.7460246 0
-0.07016651 0.7516182 0.6558558 0
-0.3903662 0.09963417 0.1716302 1

0.8807679 0.1580213 -0.4464046 0
0.1063902 0.8525503 0.5117021 0
0.4614422 -0.498184 0.734087 0
-0.06177204 1.366574 0.1307351 1

-0.5258823 0.6377615 -0.5627683 0
0.7341164 0.006180327 -0.6789955 0
-0.4295591 -0.7702091 -0.4714413 0
-0.03497981 1.32768 0.07472416 1

0.2481565 -0.6547846 0.7139158 0
-0.9685124 -0.1524406 0.1968397 0
-0.02005801 -0.7402831 -0.6719961 0
-0.1135345 1.315854 0.1199352 1

-0.8589749 0.04196246 0.5102956 0
0.5118901 0.04810735 0.8577029 0
0.01144227 0.9979604 -0.06280324 0
0.2596688 0.005840898 -0.04025918 1

-0.9932958 0.007906791 -0.1153288 0
-0.1153166 0.001986928 0.9933268 0
0.008083228 0.9999668 -0.001061969 0
-0.4030596 0.008504868 0.2747074 1

0.9162258 0.1652598 -0.3649927 0
-0.2323543 0.9613028 -0.1480149 0
0.3264076 0.2204227 0.9191691 0
-0.03872339 1.432065 0.1993936 1

0.04170939 0.3098933 -0.9498559 0
0.2538203 -0.9227811 -0.2899145 0
-0.9663518 -0.2290004 -0.1171458 0
0.04458501 1.328349 0.001133425 1

0.5499989 -0.4227264 0.7202804 0
-0.6475804 -0.7604734 0.04817051 0
0.527391 -0.4929329 -0.6920087 0
-0.2184991 1.299333 0.1412681 1

-0.8584778 0.06511837 0.5087001 0
0.5118901 0.04810735 0.8577029 0
0.03137987 0.9967175 -0.0746327 0
0.3071625 0.01030451 0.03931957 1

-0.9932078 -0.0158313 -0.1152712 0
-0.1153166 0.001986928 0.9933268 0
-0.01549652 0.9998728 -0.003799176 0
-0.4137588 0.008689225 0.3668696 1

0.2330242 -0.9722288 -0.02170157 0
-0.1089227 -0.04826897 0.9928776 0
-0.9663519 -0.2290006 -0.1171455 0
0.1152524 1.071433 -0.0795832 1

0.5088807 0.8354998 -0.2073189 0
0.6803672 -0.2428115 0.6914793 0
0.527391 -0.4929331 -0.6920086 0
-0.3987952 1.087606 0.1546795 1

0.9162258 0.1652598 -0.3649927 0
-0.2323543 0.9613028 -0.1480149 0
0.3264076 0.2204227 0.9191691 0
-0.05438931 1.655894 0.2614124 1

0.6004351 -0.7919725 0.1107122 0
-0.2056775 -0.01915677 0.9784323 0
-0.7727706 -0.6102561 -0.1743934 0
0.08439582 1.057759 0.2016875 1

0.5767552 0.5413276 -0.6118159 0
0.5470052 0.3003414 0.7813969 0
0.606745 -0.7853407 -0.1228855 0
-0.2060552 1.01882 0.3505675 1

0.3063476 -0.8598791 0.4083617 0
-0.6819032 0.1010922 0.7244229 0
-0.6641984 -0.5003883 -0.5553849 0
0.05106022 1.068921 0.2200899 1

0.6297905 -0.7753748 0.04645105 0
-0.5660772 -0.4171967 0.7109876 0
-0.5319027 -0.4740682 -0.7016687 0
0.0480914 1.070751 0.2874009 1

0.6297905 -0.7753748 0.04645105 0
-0.5660772 -0.4171967 0.7109876 0
-0.5319027 -0.4740682 -0.7016688 0
0.06478942 1.055933 0.2949565 1

0.6297905 -0.7753748 0.04645105 0
-0.5660772 -0.4171967 0.7109876 0
-0.5319027 -0.4740682 -0.7016688 0
0.07653787 1.040981 0.2927498 1

0.6297905 -0.7753748 0.04645103 0
-0.5660772 -0.4171968 0.7109877 0
-0.5319027 -0.4740682 -0.7016688 0
0.08687704 1.023097 0.2840776 1

0.2099738 0.5519307 -0.8070218 0
0.9078269 0.1963903 0.3705151 0
0.3629897 -0.8104343 -0.4598206 0
-0.1675347 1.028365 0.3514937 1

0.5875652 0.5456504 -0.5975227 0
0.622339 0.1672259 0.7646766 0
0.517167 -0.8211588 -0.2413232 0
-0.1400498 1.054344 0.4072846 1

0.5875444 0.5456448 -0.5975484 0
0.6222144 0.1674733 0.7647237 0
0.5173406 -0.8211121 -0.2411101 0
-0.153907 1.047453 0.4250611 1

0.5875652 0.5456504 -0.5975227 0
0.622339 0.1672259 0.7646766 0
0.517167 -0.8211588 -0.2413232 0
-0.1667489 1.035731 0.4330679 1

0.629932 0.5563665 -0.541888 0
0.574614 0.1355289 0.8071253 0
0.5224987 -0.8198102 -0.2343217 0
-0.1808679 1.018653 0.4363761 1

0.4181369 -0.8636409 0.2815775 0
-0.6132265 -0.03968458 0.7889097 0
-0.6701606 -0.5025431 -0.5462011 0
0.02249537 1.073156 0.2504359 1

0.6788132 -0.7342085 0.01226822 0
-0.7227731 -0.665104 0.187712 0
-0.1296601 -0.1362886 -0.9821476 0
0.02714654 1.055315 0.3137074 1

0.6788132 -0.7342085 0.01226822 0
-0.7227731 -0.665104 0.187712 0
-0.1296601 -0.1362886 -0.9821476 0
0.04384459 1.040496 0.3212631 1

0.6788132 -0.7342085 0.01226822 0
-0.7227731 -0.665104 0.187712 0
-0.1296601 -0.1362886 -0.9821476 0
0.05740858 1.026883 0.3167761 1

0.6788132 -0.7342085 0.01226807 0
-0.7227731 -0.665104 0.187712 0
-0.1296601 -0.1362885 -0.9821477 0
0.06649826 1.008078 0.3096731 1

0.5470061 0.6963181 -0.4646786 0
0.6243567 0.03041241 0.7805473 0
0.5576409 -0.7170892 -0.4181151 0
-0.1295231 1.036588 0.3670076 1

0.599632 0.5474752 -0.5837061 0
0.6829394 0.03015141 0.7298528 0
0.4171756 -0.8362788 -0.3558125 0
-0.1170232 1.060531 0.4355776 1

0.5996321 0.5474753 -0.5837063 0
0.6829394 0.03015176 0.7298529 0
0.4171758 -0.8362787 -0.3558123 0
-0.1308851 1.05365 0.4533558 1

0.599632 0.5474752 -0.5837061 0
0.6829394 0.03015141 0.7298528 0
0.4171756 -0.8362788 -0.3558125 0
-0.1471451 1.040998 0.4571553 1

0.5996319 0.5474753 -0.5837063 0
0.6829395 0.03015159 0.7298528 0
0.4171757 -0.8362788 -0.3558125 0
-0.1601819 1.023532 0.4654326 1

0.4112325 -0.8630115 0.2934262 0
-0.591108 -0.007435981 0.8065583 0
-0.6938872 -0.5051294 -0.5131908 0
0.001545921 1.0718 0.2773872 1

0.7047703 -0.7093534 0.0107967 0
-0.7045254 -0.7015988 -0.1067852 0
0.08332342 0.0676523 -0.9942235 0
0.006547481 1.03636 0.3190572 1

0.7047703 -0.7093534 0.0107967 0
-0.7045254 -0.7015988 -0.1067852 0
0.08332342 0.0676523 -0.9942235 0
0.02252277 1.020876 0.3268005 1

0.7047703 -0.7093534 0.0107967 0
-0.7045254 -0.7015988 -0.1067852 0
0.08332342 0.0676523 -0.9942235 0
0.03652272 1.007664 0.3222004 1

0.7047703 -0.7093534 0.01079661 0
-0.7045254 -0.7015988 -0.1067853 0
0.08332345 0.06765245 -0.9942236 0
0.05132001 0.994111 0.3136151 1

0.6181056 0.7355816 -0.2772474 0
0.4288186 -0.01992062 0.9031712 0
0.6588328 -0.6771437 -0.3277439 0
-0.1081802 1.037628 0.3936897 1

0.6060485 0.547435 -0.5770792 0
0.7072515 -0.03885785 0.7058936 0
0.3640066 -0.8359459 -0.410724 0
-0.09755946 1.061391 0.4563784 1

0.6060484 0.5474352 -0.5770794 0
0.7072517 -0.03885764 0.7058936 0
0.3640066 -0.8359459 -0.4107239 0
-0.1107383 1.054539 0.4748864 1

0.6060485 0.547435 -0.5770792 0
0.7072515 -0.03885785 0.7058936 0
0.3640066 -0.8359459 -0.410724 0
-0.1269984 1.041888 0.478686 1

0.6060483 0.547435 -0.5770795 0
0.7072517 -0.03885764 0.7058934 0
0.3640066 -0.8359458 -0.4107239 0
-0.1458402 1.024165 0.4807595 1

0.5013206 -0.7183422 0.4823505 0
-0.6433628 0.06330314 0.7629396 0
-0.5785862 -0.6928038 -0.4304197 0
-0.013675 1.071609 0.2981558 1

0.7050588 -0.7090941 0.008821517 0
-0.7044026 -0.7017223 -0.1067836 0
0.08190998 0.06907475 -0.9942433 0
-0.01298331 1.01691 0.3160968 1

0.7051585 -0.7089929 0.0089854 0
-0.7042907 -0.7018347 -0.1067821 0
0.08201411 0.06896992 -0.994242 0
0.001763016 1.000202 0.323654 1

0.7036675 -0.710454 0.01033556 0
-0.7056512 -0.7004641 -0.1068018 0
0.08311751 0.06785949 -0.9942268 0
0.01793156 0.9891496 0.3193825 1

0.7049702 -0.7091954 0.007666916 0
-0.7045836 -0.7015402 -0.1067858 0
0.08111078 0.06987868 -0.9942527 0
0.03641377 0.9792668 0.3113557 1

0.7213995 0.5481029 -0.423281 0
0.491048 0.02613776 0.8707406 0
0.4883187 -0.8360028 -0.2502889 0
-0.09711423 1.037114 0.4169967 1

0.6057919 0.5480651 -0.5767505 0
0.7072358 -0.03887223 0.7059087 0
0.364464 -0.8355321 -0.4111595 0
-0.0779342 1.060313 0.475966 1

0.6052619 0.5491485 -0.5762765 0
0.7072855 -0.03882688 0.7058613 0
0.3652472 -0.8348228 -0.4119052 0
-0.08985416 1.053392 0.4957305 1

0.6063846 0.5466111 -0.577507 0
0.7072709 -0.0388399 0.7058753 0
0.3634088 -0.8364857 -0.4101538 0
-0.1082963 1.04086 0.4973519 1

0.605895 0.5487211 -0.5760182 0
0.7068939 -0.03918181 0.706234 0
0.3649557 -0.8350869 -0.4116275 0
-0.1308073 1.023339 0.4957635 1

0.8421555 0.08776192 -0.5320452 0
0.0442369 0.972097 0.2303704 0
0.5374172 -0.2175437 0.8147745 0
-0.1037549 0.9370677 -0.03637511 1

0.8191858 0.125597 -0.559607 0
0.02551111 0.9667817 0.2543271 0
0.5729605 -0.2226174 0.7887698 0
-0.0992505 1.036051 -0.01291779 1

-0.7921299 -0.251766 0.5560074 0
0.4719859 -0.8302596 0.2964763 0
0.3869878 0.4972753 0.7765035 0
-0.04575509 0.8817327 -0.1079656 1

-0.9445692 0.2816938 0.1686347 0
-0.1311912 -0.7946986 0.5926576 0
0.3009617 0.5376827 0.7876036 0
-0.1839998 0.8673257 -0.02062732 1

0.8033419 0.1422301 -0.5782841 0
0.09672599 0.9270024 0.362368 0
0.5876104 -0.3470405 0.7309425 0
-0.0966987 1.132755 0.01252173 1

-0.8131956 -0.2787251 0.5109065 0
0.1010773 -0.9321577 -0.3476568 0
0.573146 -0.2310718 0.7861994 0
0.163672 0.5133343 0.0235853 1

-0.9440814 0.3293074 0.01633996 0
-0.3276473 -0.9314765 -0.1581101 0
-0.03684652 -0.1546225 0.9872863 0
-0.2422111 0.5147069 0.2423431 1

0.789905 0.160114 -0.5919574 0
0.1850011 0.8581159 0.4789697 0
0.5846577 -0.4878533 0.6482086 0
-0.08768182 1.219171 0.04630201 1

-0.853948 0.04862709 0.5180816 0
0.3587977 -0.6660729 0.6539199 0
0.3768783 0.7442998 0.5513443 0
0.2086795 0.09826487 -0.1312187 1

-0.9937716 0.01206462 -0.1107814 0
-0.09035206 -0.6691242 0.7376378 0
-0.06522729 0.7430527 0.6660467 0
-0.3881054 0.09994036 0.1719401 1

0.8072845 0.1361778 -0.5742362 0
0.1828115 0.8674523 0.4627167 0
0.5611342 -0.478521 0.675386 0
-0.05648078 1.363895 0.1270818 1

-0.6212553 0.6245126 -0.4733135 0
0.6335828 0.04490384 -0.7723708 0
-0.4611017 -0.7797227 -0.4235773 0
-0.035587 1.326497 0.06764577 1

0.3674603 -0.6518273 0.6633958 0
-0.9233144 -0.1700534 0.3443436 0
-0.1116399 -0.7390555 -0.6643294 0
-0.1077879 1.31186 0.1217522 1

-0.8539484 0.04862722 0.5180808 0
0.5203005 0.06503618 0.8515031 0
0.007712252 0.9966974 -0.08083842 0
0.2582541 0.006234407 -0.04086742 1

-0.9937716 0.0120647 -0.1107815 0
-0.1108591 -0.005957626 0.9938184 0
0.01133011 0.9999095 0.007258102 0
-0.4005892 0.00748837 0.2738584 1

0.8991233 0.163848 -0.4058707 0
-0.250543 0.9530086 -0.1703019 0
0.3588947 0.2548106 0.8979235 0
-0.02346063 1.431337 0.1894964 1

-0.0249818 0.3996096 -0.9163449 0
0.2388847 -0.8876895 -0.393626 0
-0.9707267 -0.2287342 -0.07328451 0
0.03308183 1.331363 -0.01606514 1

0.580938 -0.4553556 0.6746572 0
-0.662024 -0.7465555 0.06617686 0
0.4735349 -0.4850837 -0.7351588 0
-0.207854 1.29343 0.1590712 1

-0.8535392 0.07175201 0.5160645 0
0.5203005 0.06503618 0.8515031 0
0.02753422 0.9952999 -0.09284363 0
0.3065282 0.01226866 0.03813604 1

-0.9937605 -0.01167324 -0.1109226 0
-0.1108591 -0.005957626 0.9938184 0
-0.01226193 0.9999141 0.004626431 0
-0.4108748 0.006935596 0.3660663 1

0.2347375 -0.9680904 -0.0877437 0
-0.05087575 -0.1023775 0.9934437 0
-0.9707265 -0.2287345 -0.07328421 0
0.09959094 1.084217 -0.1256566 1

0.5213525 0.8271132 -0.209942 0
0.7098988 -0.2838618 0.6445667 0
0.473535 -0.4850838 -0.7351587 0
-0.3921716 1.085577 0.1774958 1

0.8991233 0.163848 -0.4058707 0
-0.250543 0.9530086 -0.1703019 0
0.3588947 0.2548106 0.8979235 0
-0.03965076 1.656908 0.2446926 1

0.6056119 -0.7934633 0.06041574 0
-0.160439 -0.04738634 0.9859078 0
-0.7794187 -0.6067704 -0.1560002 0
0.0851783 1.055215 0.1557745 1

0.561453 0.5330083 -0.6329873 0
0.5878955 0.2814034 0.7584137 0
0.5823654 -0.7979438 -0.1553582 0
-0.1910655 1.005163 0.360094 1

0.3215634 -0.8722543 0.368469 0
-0.6474033 0.08144248 0.7577838 0
-0.6909892 -0.4822234 -0.5385115 0
0.05271426 1.065776 0.1759995 1

0.6326983 -0.7743781 -0.005614087 0
-0.5378255 -0.4446178 0.7162811 0
-0.5571685 -0.4501703 -0.6977894 0
0.05284292 1.065688 0.2434006 1

0.6326982 -0.7743781 -0.005614057 0
-0.5378255 -0.4446178 0.7162811 0
-0.5571685 -0.4501703 -0.6977894 0
0.06988429 1.050697 0.2497561 1

0.6326982 -0.7743781 -0.005614057 0
-0.5378255 -0.4446178 0.7162811 0
-0.5571685 -0.4501703 -0.6977894 0
0.08153239 1.035841 0.2465872 1

0.6326982 -0.7743781 -0.005614161 0
-0.5378254 -0.4446179 0.7162811 0
-0.5571685 -0.4501704 -0.6977895 0
0.09147798 1.018233 0.2369435 1

0.1867266 0.5535653 -0.8116027 0
0.9276544 0.1726072 0.331156 0
0.3234046 -0.8147222 -0.4812868 0
-0.1523313 1.013819 0.3593739 1

0.5729833 0.5369667 -0.6191585 0
0.6593133 0.1467454 0.7374089 0
0.4868226 -0.8307424 -0.2699465 0
-0.1218074 1.038708 0.4140708 1

0.5729612 0.5369619 -0.6191833 0
0.6591967 0.1469952 0.7374633 0
0.4870064 -0.8307012 -0.2697408 0
-0.1350191 1.031991 0.4323965 1

0.5729833 0.5369667 -0.6191585 0
0.6593133 0.1467454 0.7374089 0
0.4868226 -0.8307424 -0.2699465 0
-0.1477614 1.020499 0.4408829 1

0.6180102 0.5462596 -0.5653885 0
0.6127955 0.1157998 0.7817115 0
0.492489 -0.8295727 -0.2631797 0
-0.1621116 1.003721 0.4446939 1

0.4265426 -0.8722653 0.2391955 0
-0.5779824 -0.05945122 0.8138809 0
-0.6956996 -0.4854057 -0.5295125 0
0.02559461 1.069188 0.207743 1

0.6812821 -0.7309074 -0.04036388 0
-0.7146492 -0.6760436 0.1795585 0
-0.1585284 -0.09348398 -0.9829187 0
0.03294338 1.049237 0.269903 1

0.6812821 -0.7309074 -0.04036388 0
-0.7146492 -0.6760436 0.1795585 0
-0.1585284 -0.09348398 -0.9829187 0
0.04998475 1.034247 0.2762586 1

0.6812821 -0.7309074 -0.04036388 0
-0.7146493 -0.6760436 0.1795585 0
-0.1585284 -0.09348398 -0.9829187 0
0.06335779 1.020816 0.2707923 1

0.6812821 -0.7309074 -0.04036401 0
-0.7146492 -0.6760436 0.1795585 0
-0.1585284 -0.09348394 -0.9829187 0
0.07211626 1.002227 0.2627296 1

0.5386738 0.6855986 -0.4896788 0
0.6635036 0.01297797 0.7480608 0
0.5192242 -0.7278641 -0.4479061 0
-0.1134895 1.021047 0.3732397 1

0.5856894 0.5384031 -0.6058797 0
0.7151225 0.008613441 0.6989461 0
0.3815334 -0.8426434 -0.3799793 0
-0.09741277 1.044138 0.441355 1

0.5856893 0.5384032 -0.6058798 0
0.7151225 0.0086137 0.6989462 0
0.3815336 -0.8426434 -0.3799791 0
-0.1106287 1.037429 0.4596826 1

0.5856894 0.5384031 -0.6058797 0
0.7151225 0.008613441 0.6989461 0
0.3815334 -0.8426434 -0.3799793 0
-0.126993 1.025121 0.4641113 1

0.5856893 0.5384031 -0.6058798 0
0.7151226 0.008613696 0.6989461 0
0.3815334 -0.8426435 -0.3799792 0
-0.140051 1.00789 0.4728354 1

0.4197399 -0.8717746 0.2526401 0
-0.5557908 -0.02680894 0.8308901 0
-0.7175758 -0.4891728 -0.4957773 0
0.005849175 1.067157 0.2355474 1

0.7074895 -0.7055076 -0.0414418 0
-0.7044611 -0.6993219 -0.1211753 0
0.05650917 0.1149242 -0.9917656 0
0.01257586 1.029969 0.2750204 1

0.7074895 -0.7055076 -0.0414418 0
-0.7044611 -0.6993219 -0.1211753 0
0.05650917 0.1149242 -0.9917656 0
0.02890259 1.014303 0.2815555 1

0.7074895 -0.7055076 -0.0414418 0
-0.7044611 -0.6993219 -0.1211753 0
0.0565092 0.1149242 -0.9917657 0
0.04270668 1.00128 0.2759809 1

0.7074894 -0.7055077 -0.04144186 0
-0.7044612 -0.6993217 -0.1211753 0
0.05650905 0.1149243 -0.9917657 0
0.05710861 0.98803 0.2665002 1

0.6184732 0.7214497 -0.3114507 0
0.4776881 -0.03047105 0.878001 0
0.6239432 -0.6917961 -0.3634734 0
-0.09080844 1.02149 0.3988113 1

0.5923905 0.5381626 -0.5995454 0
0.7367455 -0.06073441 0.6734371 0
0.3260054 -0.84065 -0.4324673 0
-0.07703181 1.044383 0.461275 1

0.5923905 0.5381628 -0.5995455 0
0.7367457 -0.06073428 0.6734371 0
0.3260055 -0.84065 -0.4324673 0
-0.08953269 1.037683 0.4803016 1

0.5923905 0.5381626 -0.5995454 0
0.7367455 -0.06073441 0.6734371 0
0.3260054 -0.84065 -0.4324673 0
-0.1058969 1.025375 0.4847302 1

0.5923903 0.5381627 -0.5995456 0
0.7367457 -0.06073431 0.673437 0
0.3260054 -0.8406498 -0.4324672 0
-0.1250334 1.008071 0.4875132 1

0.5185243 -0.732432 0.4412211 0
-0.6095699 0.04522461 0.7914414 0
-0.5996311 -0.6793365 -0.4230185 0
-0.00846231 1.066466 0.2569426 1

0.7077241 -0.705154 -0.04340944 0
-0.704338 -0.6994446 -0.1211829 0
0.05509037 0.1163388 -0.9916806 0
-0.006953135 1.010583 0.2716612 1

0.7078278 -0.7050602 -0.04324359 0
-0.7042255 -0.6995565 -0.1211897 0
0.05519477 0.1162346 -0.9916872 0
0.008144766 0.9936969 0.2779849 1

0.706379 -0.7065911 -0.04192495 0
-0.7055911 -0.6981933 -0.1211085 0
0.05630249 0.1151304 -0.9917536 0
0.02411722 0.9828264 0.2727833 1

0.7076052 -0.7052014 -0.04456469 0
-0.7045195 -0.6992634 -0.1211718 0
0.05428794 0.1171383 -0.9916308 0
0.04220378 0.9732339 0.2639364 1

0.7091828 0.5317719 -0.4629026 0
0.5390623 0.0141756 0.8421466 0
0.4543916 -0.846769 -0.276605 0
-0.07848121 1.020704 0.4214689 1

0.5921635 0.5387957 -0.599201 0
0.7367301 -0.06074863 0.6734527 0
0.3264526 -0.8402435 -0.43292 0
-0.05658807 1.042698 0.4799619 1

0.5916801 0.539887 -0.5986961 0
0.7367788 -0.06070408 0.6734036 0
0.3272181 -0.8395459 -0.4336945 0
-0.06777759 1.03589 0.5001872 1

0.5926883 0.5373347 -0.5999935 0
0.7367646 -0.06071679 0.6734182 0
0.325421 -0.8411807 -0.431875 0
-0.08641487 1.023769 0.5025379 1

0.5923139 0.5394431 -0.5984693 0
0.736396 -0.06105295 0.6737908 0
0.3269331 -0.8398055 -0.433406 0
-0.1093736 1.00678 0.5018274 1

0.8086306 0.1126305 -0.5774348 0
0.05198511 0.9639847 0.2608275 0
0.5860155 -0.2409311 0.7736524 0
-0.1107537 0.9333029 -0.04371481 1

0.7657322 0.1580421 -0.6234396 0
0.03625242 0.9571918 0.287175 0
0.6421371 -0.2425003 0.7272232 0
-0.1054603 1.03146 -0.01715622 1

-0.759781 -0.2451583 0.602188 0
0.492695 -0.8214369 0.2872163 0
0.4242459 0.5149165 0.7449003 0
-0.05676512 0.880912 -0.1204714 1

-0.9279969 0.2905135 0.2332884 0
-0.09374613 -0.7880449 0.608438 0
0.3606013 0.5427587 0.7585379 0
-0.1895065 0.8624226 -0.02568218 1

0.7342489 0.1825342 -0.6538805 0
0.119318 0.9134834 0.3889872 0
0.6683126 -0.3636331 0.6489447 0
-0.1018341 1.127205 0.01156897 1

-0.7831935 -0.2652622 0.5623559 0
0.09405296 -0.9445659 -0.3145624 0
0.6146237 -0.193472 0.7647264 0
0.1618509 0.5164285 0.00697073 1

-0.9357904 0.3417439 0.0866445 0
-0.3516013 -0.9227121 -0.1580468 0
0.02593639 -0.1783629 0.9836228 0
-0.231103 0.5127562 0.2442902 1

0.7051206 0.2104926 -0.6771247 0
0.2235672 0.8402244 0.4940048 0
0.6729211 -0.4997157 0.5454003 0
-0.09071118 1.212361 0.0478307 1

-0.8500678 0.0453674 0.5247159 0
0.3702022 -0.6571687 0.6565667 0
0.3746135 0.7523771 0.5418428 0
0.2037306 0.0958339 -0.133097 1

-0.9949336 0.02682713 -0.09688801 0
-0.08948264 -0.6755934 0.7318242 0
-0.04582402 0.7367861 0.6745712 0
-0.3876635 0.1018924 0.1739154 1

0.7005212 0.1064272 -0.7056509 0
0.2729525 0.8736705 0.4027364 0
0.6593687 -0.4747346 0.5829753 0
-0.05300585 1.354067 0.1311462 1

-0.7062739 0.6198625 -0.341976 0
0.5107447 0.1116497 -0.8524519 0
-0.4902216 -0.7767269 -0.3954467 0
-0.03888514 1.320081 0.06779495 1

0.4995888 -0.6564494 0.5652301 0
-0.8306867 -0.1779669 0.5275295 0
-0.2457041 -0.733077 -0.6342141 0
-0.1033365 1.300839 0.129686 1

-0.8500682 0.04536752 0.524715 0
0.5266691 0.07687519 0.8465874 0
-0.001930088 0.9960081 -0.08924295 0
0.254881 0.005033791 -0.04238012 1

-0.9949335 0.02682719 -0.09688804 0
-0.09729275 -0.01421601 0.9951543 0
0.02531993 0.9995389 0.01675411 0
-0.4000272 0.008546531 0.2750306 1

0.8695611 0.1616388 -0.4666223 0
-0.2654596 0.9497787 -0.165685 0
0.4164069 0.2679426 0.8687993 0
-0.008773908 1.422197 0.1853321 1

-0.2269143 0.4961235 -0.838076 0
0.2030973 -0.8174987 -0.538932 0
-0.9525027 -0.2925023 0.08474076 0
0.01647027 1.332182 -0.02459531 1

0.5825603 -0.5071294 0.6351718 0
-0.7049444 -0.7042372 0.08428147 0
0.40457 -0.4968598 -0.7677586 0
-0.1933639 1.281552 0.1868581 1

-0.849884 0.06847721 0.5225019 0
0.5266691 0.07687519 0.8465874 0
0.01780438 0.9946867 -0.1013999 0
0.303746 0.0121665 0.03616729 1

-0.9952542 0.003093943 -0.09725845 0
-0.09729275 -0.01421601 0.9951543 0
0.0016964 0.9998942 0.01444954 0
-0.4090541 0.007227659 0.3673622 1

0.2653617 -0.9337305 -0.2402717 0
0.1494054 -0.2063724 0.9669998 0
-0.9525026 -0.2925027 0.08474085 0
0.07301563 1.104578 -0.1746421 1

0.559245 0.7986761 -0.2221746 0
0.7235803 -0.33948 0.600987 0
0.4045699 -0.49686 -0.7677585 0
-0.3896311 1.085482 0.2103233 1

0.8695611 0.1616388 -0.4666223 0
-0.2654596 0.9497787 -0.165685 0
0.4164069 0.2679426 0.8687993 0
-0.02226905 1.648421 0.2385479 1

0.6093909 -0.7927644 -0.01294394 0
-0.06932744 -0.06953996 0.9951673 0
-0.7898333 -0.6055485 -0.09733751 0
0.1153403 1.046115 0.09929772 1

0.5722474 0.4894109 -0.6580349 0
0.6283689 0.2539262 0.7353055 0
0.5269588 -0.8342652 -0.1622217 0
-0.1846493 0.9893109 0.3805758 1

0.3550135 -0.8791016 0.3180342 0
-0.575305 0.06270714 0.8155317 0
-0.7368782 -0.4724916 -0.4834897 0
0.08485672 1.056131 0.1226417 1

0.6314327 -0.7710261 -0.08253287 0
-0.4800436 -0.472266 0.7392719 0
-0.6089754 -0.4271811 -0.6683303 0
0.09116429 1.054561 0.1897288 1

0.6314327 -0.7710261 -0.08253287 0
-0.4800436 -0.472266 0.7392719 0
-0.6089754 -0.4271811 -0.6683303 0
0.1087315 1.039486 0.194162 1

0.6314327 -0.7710261 -0.08253287 0
-0.4800436 -0.472266 0.7392719 0
-0.6089754 -0.4271811 -0.6683303 0
0.1200547 1.024738 0.1896103 1

0.6314327 -0.771026 -0.08253302 0
-0.4800436 -0.472266 0.7392721 0
-0.6089755 -0.4271811 -0.6683304 0
0.1290919 1.007377 0.1787077 1

0.1938865 0.5308641 -0.8249795 0
0.9467597 0.1190563 0.2991183 0
0.2570102 -0.8390522 -0.4795173 0
-0.1455008 0.9955481 0.3785059 1

0.5844417 0.4928205 -0.6446363 0
0.6906706 0.1148629 0.7139893 0
0.4259132 -0.8625165 -0.2732458 0
-0.1117474 1.01918 0.4318461 1

0.5844185 0.4928167 -0.6446604 0
0.6905715 0.1151199 0.7140438 0
0.4261059 -0.8624843 -0.2730467 0
-0.1247443 1.013519 0.4506754 1

0.5844417 0.4928205 -0.6446363 0
0.6906706 0.1148629 0.7139893 0
0.4259132 -0.8625165 -0.2732458 0
-0.1378855 1.002943 0.4597251 1

0.6316761 0.4999797 -0.5924574 0
0.6438047 0.08740214 0.7601818 0
0.4318576 -0.8616154 -0.2666792 0
-0.1531067 0.9871323 0.464229 1

0.447898 -0.8760179 0.1788298 0
-0.5002998 -0.07979517 0.8621677 0
-0.7410045 -0.4756317 -0.4740117 0
0.06075726 1.058757 0.1568042 1

0.6788018 -0.7244781 -0.1198327 0
-0.7004958 -0.6878114 0.1903188 0
-0.220304 -0.04524641 -0.9743814 0
0.07340267 1.037087 0.2170819 1

0.6788018 -0.7244781 -0.1198327 0
