MeshAnim
1
28
65
30
0.1600834 0.07573307 -0.9841941 0
0.005189937 0.9969741 0.07756065 0
0.9870899 -0.01752409 0.159206 0
0.01400595 1.016798 0.005328584 1

0.2617197 0.04202824 -0.9642285 0
-0.08233331 0.9963818 0.02108206 0
0.9616258 0.0738705 0.2642331 0
0.01453441 1.118315 0.01322615 1

-0.107789 0.08931543 0.9901539 0
0.2301075 -0.9666703 0.1122469 0
0.9671775 0.2399407 0.0836442 0
0.01186685 0.9557668 -0.08311176 1

-0.2096541 -0.03235765 0.9772404 0
0.2334835 -0.9721962 0.01790019 0
0.9494898 0.2319222 0.2113798 0
-0.01441172 0.9433343 0.07844935 1

0.5028578 0.04309756 -0.8632942 0
-0.05447474 0.9983509 0.01810906 0
0.8626511 0.03792142 0.5043763 0
0.006298881 1.21798 0.01533492 1

0.02053641 0.05182603 0.9984452 0
-0.1796227 -0.982215 0.05467819 0
0.9835213 -0.1804664 -0.01086208 0
0.1139689 0.526841 -0.03330618 1

-0.2314589 0.1663457 0.9585179 0
-0.7734315 -0.629114 -0.07758565 0
0.5901108 -0.7593057 0.274271 0
0.08918815 0.5119574 0.08639193 1

0.7094476 0.04082851 -0.7035746 0
-0.01483656 0.9989644 0.04300962 0
0.704602 -0.02007446 0.7093188 0
0.001220698 1.311047 0.01702306 1

0.02996807 -0.00930962 0.9995077 0
0.7737898 -0.6327744 -0.02909423 0
0.6327336 0.7742805 -0.0117594 0
0.03398687 0.08948219 -0.008959179 1

-0.3331752 0.2603297 0.9062137 0
-0.1896859 -0.9599833 0.2060373 0
0.9235875 -0.1032495 0.3692235 0
-0.2552043 0.2318265 0.0518447 1

0.7755567 0.01023293 -0.6311949 0
0.04958427 0.995792 0.07706857 0
0.6293275 -0.09106842 0.771786 0
-0.001281537 1.479525 0.02427677 1

-0.5846412 0.2307774 -0.7777768 0
0.7134736 -0.3101121 -0.6283202 0
-0.3862001 -0.9222648 0.01665077 0
0.02629763 1.424917 -0.01603639 1

0.5869612 -0.2415573 0.7727398 0
-0.8095797 -0.1840517 0.5574098 0
0.007577676 -0.9527723 -0.3035911 0
-0.03854878 1.421183 0.04827321 1

0.02996856 -0.009309642 0.9995077 0
0.9981994 0.05226223 -0.02944259 0
-0.05196245 0.9985901 0.01085908 0
0.1409004 0.002052665 -0.01297909 1

-0.3331749 0.2603295 0.9062139 0
0.4449441 -0.8039658 0.394543 0
0.8312759 0.5346661 0.1520292 0
-0.2814129 0.0991869 0.08031258 1

0.9997833 -0.01970626 -0.006751999 0
0.01879227 0.993094 -0.1158079 0
0.008987695 0.1156559 0.9932488 0
0.02123004 1.569964 0.05340321 1

-0.5711709 0.2770536 -0.7726611 0
-0.03233502 -0.9481792 -0.3160863 0
-0.8201941 -0.1555553 0.5505309 0
0.1036251 1.391307 -0.08413482 1

0.9879774 -0.02310111 0.1528625 0
-0.06336808 -0.9624066 0.2641174 0
0.1410146 -0.2706285 -0.9522998 0
-0.1262886 1.401236 0.1086836 1

0.02875417 0.01387472 0.9994906 0
0.9981994 0.05226223 -0.02944259 0
-0.05264414 0.9985372 -0.012347 0
0.2335145 0.006901503 -0.01571081 1

-0.3528128 0.247565 0.9023498 0
0.4449441 -0.8039658 0.394543 0
0.8231332 0.5406947 0.1734968 0
-0.2401305 0.02459389 0.1169188 1

-0.5714561 0.2679083 -0.7756696 0
-0.02683224 -0.9508038 -0.3086298 0
-0.8201939 -0.1555554 0.550531 0
0.09462254 1.127319 -0.172138 1

0.9309564 0.3634917 0.03455544 0
0.3368015 -0.8914226 0.3032011 0
0.1410146 -0.2706285 -0.9522998 0
-0.1439313 1.133288 0.182218 1

0.9997833 -0.01970626 -0.006751999 0
0.01879227 0.993094 -0.1158079 0
0.008987695 0.1156559 0.9932488 0
0.02607923 1.789852 0.1296726 1

-0.05768874 0.407559 -0.911355 0
-0.3655701 -0.8580943 -0.3606002 0
-0.9289944 0.3123615 0.1984938 0
0.08702139 0.8579674 -0.2595691 1

0.7934812 0.4728265 -0.3831744 0
0.5923725 -0.4556384 0.6644462 0
0.1395788 -0.7542074 -0.6416299 0
-0.04851943 0.880758 0.2681113 1

-0.214488 0.1555507 -0.9642609 0
-0.724517 -0.6874215 0.05026792 0
-0.6550343 0.7094052 0.2601427 0
0.06493568 0.8308034 -0.2408918 1

-0.02949561 0.469735 -0.8823147 0
-0.7274081 -0.6155031 -0.3033703 0
-0.685571 0.6328547 0.3598437 0
0.05021698 0.7722172 -0.2707905 1

0.02529316 0.5300815 -0.8475695 0
-0.8615996 -0.4183979 -0.2873837 0
-0.5069579 0.7375345 0.4461352 0
0.05217298 0.7761697 -0.2939434 1

0.1197561 0.5608599 -0.8192039 0
-0.9231554 -0.2407009 -0.299746 0
-0.3652987 0.7921486 0.4889354 0
0.05226529 0.787586 -0.3093092 1

0.1805392 0.5907302 -0.7864117 0
-0.938536 -0.1356931 -0.3173918 0
-0.2942036 0.7953774 0.5299237 0
0.05077821 0.805695 -0.3224162 1

0.4789977 0.6780108 -0.5575508 0
0.8121186 -0.5833747 -0.01171416 0
-0.3332033 -0.4471862 -0.8300605 0
-0.01043158 0.8703134 0.2641085 1

0.7983661 0.4650542 -0.3825397 0
0.5847511 -0.4470338 0.6769247 0
0.1437985 -0.7641237 -0.6288376 0
0.02409629 0.8460306 0.3166547 1

0.8492543 0.4223042 -0.3169014 0
0.5256887 -0.6204092 0.5820174 0
0.0491799 -0.660872 -0.7488856 0
0.007954081 0.8373206 0.3314557 1

0.902016 0.3485059 -0.2547756 0
0.4316112 -0.7158808 0.5488414 0
0.008885562 -0.6050276 -0.796155 0
-0.009325716 0.8301311 0.3354764 1

0.9247361 0.3013591 -0.232478 0
0.379495 -0.7767456 0.5026429 0
-0.02910026 -0.5530361 -0.832649 0
-0.03019126 0.8222834 0.3332445 1

0.04092427 0.5038278 -0.8628341 0
-0.5692096 -0.6979688 -0.4345571 0
-0.8211734 0.5089173 0.2582198 0
0.0345858 0.8020074 -0.238786 1

0.001540408 0.4912726 -0.8710046 0
-0.8772594 -0.4174317 -0.2369954 0
-0.4800144 0.7644621 0.4303305 0
0.02330293 0.7494435 -0.2820153 1

0.07363781 0.5458096 -0.8346674 0
-0.9862633 -0.08422962 -0.1420919 0
-0.1478588 0.8336651 0.5321096 0
0.02029381 0.7606889 -0.3045767 1

0.1672007 0.5610204 -0.8107406 0
-0.9846778 0.1363375 -0.1087286 0
0.04953536 0.8164974 0.5752201 0
0.02106931 0.779452 -0.3194383 1

0.2328984 0.5880111 -0.7745975 0
-0.9381653 0.3456261 -0.01970745 0
0.2561329 0.7312902 0.6321476 0
0.01699093 0.80081 -0.3338423 1

0.6902708 0.552325 -0.4674006 0
0.7162678 -0.6130421 0.3333766 0
-0.102404 -0.5649039 -0.8187778 0
0.02357257 0.845887 0.263618 1

0.8066872 0.4583751 -0.3730257 0
0.5739645 -0.4573022 0.6792936 0
0.1407859 -0.7620807 -0.6319908 0
0.04573205 0.8294904 0.3417009 1

0.8572193 0.4123873 -0.3084024 0
0.5130727 -0.6328683 0.5798569 0
0.04394756 -0.6552973 -0.7540917 0
0.02740455 0.8143654 0.3529904 1

0.9051364 0.3431776 -0.2509129 0
0.4251097 -0.7262956 0.5401633 0
0.003135122 -0.5955868 -0.8032848 0
0.004270014 0.8075808 0.3527649 1

0.9245353 0.3018866 -0.2325918 0
0.3791367 -0.7904224 0.4811317 0
-0.03859857 -0.533007 -0.8452299 0
-0.01652943 0.7943205 0.3513396 1

0.1482581 0.6360618 -0.7572619 0
-0.5477753 -0.5847139 -0.5983746 0
-0.8233845 0.5035231 0.2617303 0
0.01514005 0.778163 -0.2536317 1

0.01243468 0.4989136 -0.8665627 0
-0.9866965 -0.134367 -0.09151881 0
-0.1620974 0.8561721 0.4906054 0
-0.00169897 0.7375467 -0.2887696 1

0.1102482 0.543502 -0.8321365 0
-0.9740595 0.2255545 0.01826747 0
0.1976205 0.8085362 0.5542701 0
-0.008800934 0.7582043 -0.3087684 1

0.1695479 0.5627159 -0.8090764 0
-0.9119174 0.4008888 0.08772071 0
0.3737114 0.7229378 0.5811204 0
-0.007384713 0.7833918 -0.3225803 1

0.2364923 0.5969456 -0.7666337 0
-0.793349 0.5741571 0.2023388 0
0.5609537 0.5603564 0.60937 0
-0.002710543 0.8080683 -0.3342561 1

0.811909 0.4592218 -0.3604429 0
0.5823628 -0.6801726 0.4452179 0
-0.04070964 -0.571385 -0.8196722 0
0.04805738 0.8249308 0.2750141 1

0.798919 0.4641359 -0.3825002 0
0.5684304 -0.3749047 0.7323478 0
0.1965079 -0.8025112 -0.5633476 0
0.06209004 0.8164573 0.3610608 1

0.8527257 0.4175073 -0.3139215 0
0.5098521 -0.5345215 0.6740459 0
0.1136212 -0.7348294 -0.6686671 0
0.0425402 0.7956958 0.3700961 1

0.8999615 0.3517072 -0.2576258 0
0.4324957 -0.6457944 0.6292038 0
0.05492237 -0.6776811 -0.7333021 0
0.01681074 0.7861552 0.3686998 1

0.9218002 0.3069948 -0.236725 0
0.384987 -0.6532775 0.6519305 0
0.04549222 -0.6920855 -0.7203805 0
-0.008567638 0.7777216 0.3614435 1

0.2812205 0.4410512 -0.8522845 0
-0.578135 -0.6309998 -0.5173 0
-0.7659473 0.638211 0.07753696 0
0.001034976 0.7631066 -0.2690397 1

0.01228124 0.500653 -0.8655612 0
-0.9866943 -0.1342798 -0.09166947 0
-0.1621221 0.8551698 0.4923423 0
-0.02905206 0.7338218 -0.2913067 1

0.1109393 0.5449279 -0.8311114 0
-0.9740225 0.2257359 0.01799084 0
0.1974154 0.8075253 0.555815 0
-0.03750283 0.7648505 -0.3082301 1

0.1681992 0.5635673 -0.8087651 0
-0.9121875 0.3999884 0.08901379 0
0.3736619 0.7227734 0.5813567 0
-0.03144854 0.7939705 -0.3202655 1

0.2381864 0.598749 -0.7647005 0
-0.7933686 0.5741077 0.2024019 0
0.5602086 0.55848 0.6117735 0
-0.01949605 0.8202161 -0.3299752 1

0.7259254 0.3620778 -0.5847496 0
0.6455163 -0.6521043 0.397579 0
-0.2373632 -0.6660778 -0.7071063 0
0.06308572 0.8073785 0.2865032 1

0.7987852 0.4647319 -0.3820556 0
0.5684094 -0.3749169 0.7323579 0
0.1971111 -0.8021603 -0.5636362 0
0.07786327 0.8060542 0.3813825 1

0.8524626 0.4190414 -0.312589 0
0.5099 -0.5344982 0.6740283 0
0.1153676 -0.733973 -0.6693088 0
0.0575955 0.7799121 0.3899998 1

0.9000016 0.351059 -0.2583695 0
0.4325246 -0.6457825 0.6291959 0
0.05403446 -0.6780283 -0.7330471 0
0.0282475 0.7690783 0.3853379 1

0.9219549 0.3076928 -0.2352107 0
0.3844424 -0.6534597 0.6520697 0
0.04693644 -0.6916037 -0.7207505 0
-0.0003845682 0.7638361 0.3753003 1

0.150095 0.06443322 -0.9865698 0
0.007887686 0.9977643 0.06636436 0
0.9886402 -0.01774271 0.1492512 0
0.00757547 1.023593 0.006819325 1

0.2683493 0.03690412 -0.9626146 0
-0.08021422 0.9966516 0.01584759 0
0.9599764 0.07296266 0.270411 0
0.008378629 1.12519 0.01357683 1

-0.06027562 0.08891796 0.9942139 0
0.1235477 -0.9877014 0.09582579 0
0.9905064 0.1286088 0.04854862 0
0.004410413 0.9615836 -0.08090729 1

-0.1536837 -0.06319599 0.9860973 0
0.3298692 -0.9439831 -0.009086797 0
0.9314333 0.3238865 0.1659211 0
-0.0202285 0.9510061 0.08104382 1

0.5134909 0.03957148 -0.8571822 0
-0.05180698 0.9985434 0.01506265 0
0.8565299 0.03667349 0.5147931 0
0.0003550616 1.224882 0.01516202 1

0.02041212 0.05954766 0.9980171 0
-0.2066959 -0.9764081 0.06248588 0
0.9781924 -0.2075615 -0.007622361 0
0.05923036 0.523326 -0.03838799 1

-0.2040674 0.1253167 0.9709029 0
-0.6677066 -0.7430978 -0.04442719 0
0.7159084 -0.6573442 0.2353168 0
0.126139 0.5321476 0.07701189 1

0.7219377 0.03853529 -0.6908844 0
-0.01255455 0.9990131 0.04260288 0
0.6918444 -0.02208288 0.721709 0
-0.004474432 1.317967 0.01656617 1

0.03360492 -0.01278633 0.9993538 0
0.7733081 -0.633113 -0.03410425 0
0.6331396 0.7739542 -0.011388 0
-0.03280681 0.08855283 -0.01056439 1

-0.3672286 0.2759034 0.8882684 0
0.05564519 -0.9467658 0.317078 0
0.9284649 0.1658679 0.3323267 0
-0.1711764 0.2012621 0.0572294 1

0.7836683 0.008553565 -0.6211208 0
0.05502205 0.9950191 0.08312389 0
0.6187382 -0.09931688 0.7792942 0
-0.006591796 1.486453 0.02375128 1

-0.5595769 0.2304229 -0.7961025 0
0.731495 -0.3142412 -0.605118 0
-0.3896014 -0.9209548 0.007288903 0
0.02153169 1.431754 -0.01605882 1

0.5754265 -0.2463854 0.7798582 0
-0.8176019 -0.1969652 0.5410473 0
0.02029879 -0.9489461 -0.3147841 0
-0.04445637 1.428229 0.04709083 1

0.03360508 -0.01278635 0.9993538 0
0.9981041 0.05202185 -0.03289758 0
-0.05156764 0.9985645 0.01451028 0
0.07404011 0.001076698 -0.01527653 1

-0.3905459 0.2505033 0.8858455 0
0.646767 -0.6101065 0.4576711 0
0.6551082 0.751677 0.07625725 0
-0.1634879 0.07044888 0.1010396 1

0.9997383 -0.02121231 -0.008591682 0
0.02013166 0.9936486 -0.1107122 0
0.01088566 0.1105102 0.9938154 0
0.01612693 1.576586 0.05365673 1

-0.4760852 0.1923937 -0.8580955 0
0.05767721 -0.9668422 -0.2487761 0
-0.877506 -0.1679311 0.4492025 0
0.1008124 1.397696 -0.08164257 1

0.9583399 -0.02657925 0.2843915 0
-0.08998576 -0.9730543 0.2122918 0
0.2710859 -0.2290388 -0.9349086 0
-0.1330657 1.406883 0.105728 1

0.03239892 0.01039832 0.9994212 0
0.9981041 0.05202185 -0.03289758 0
-0.05233383 0.9985922 -0.008693188 0
0.1666455 0.005903006 -0.01832882 1

-0.405986 0.2325905 0.8837858 0
0.646767 -0.6101065 0.4576711 0
0.6456534 0.7574115 0.09726278 0
-0.10348 0.01384234 0.143503 1

-0.4734179 0.1538302 -0.8673015 0
0.07654624 -0.9737222 -0.2144886 0
-0.8775059 -0.1679314 0.4492026 0
0.1168706 1.128512 -0.1509056 1

0.9393635 0.2748747 0.2050373 0
0.2100213 -0.9338014 0.2896654 0
0.2710858 -0.2290389 -0.9349085 0
-0.158119 1.13597 0.1648332 1

0.9997383 -0.02121231 -0.008591682 0
0.02013166 0.9936486 -0.1107122 0
0.01088566 0.1105102 0.9938154 0
0.02144902 1.796069 0.1310516 1

0.01329692 0.2571031 -0.9662927 0
-0.2898938 -0.9238818 -0.249808 0
-0.9569668 0.2834438 0.06224795 0
0.1385553 0.8526679 -0.2116675 1

0.874431 0.3455181 -0.3405701 0
0.4842867 -0.5797857 0.6552215 0
0.0289332 -0.7378794 -0.6743124 0
-0.09862251 0.8714349 0.246892 1

-0.1299417 -0.01282995 -0.9914386 0
-0.6951112 -0.711869 0.100316 0
-0.7070615 0.7021952 0.08358335 0
0.1159909 0.8274623 -0.1909305 1

0.03265546 0.3140081 -0.9488586 0
-0.6113883 -0.7447463 -0.267502 0
-0.7906569 0.5888564 0.1676609 0
0.1068948 0.7641761 -0.2122617 1

0.07956578 0.3898605 -0.9174305 0
-0.7771325 -0.5521291 -0.3020246 0
-0.6242875 0.7369955 0.2590427 0
0.1109208 0.7645991 -0.2354806 1

0.1713139 0.4365754 -0.8832065 0
-0.856747 -0.3766142 -0.3523447 0
-0.4864533 0.8170457 0.3095155 0
0.1120005 0.7734789 -0.2524049 1

0.2213654 0.4735742 -0.8524818 0
-0.8814965 -0.2767089 -0.3826181 0
-0.4170875 0.8361575 0.3562002 0
0.1109901 0.7892146 -0.2683205 1

0.6441558 0.583483 -0.4945815 0
0.6840295 -0.7287908 0.03110586 0
-0.342297 -0.3583453 -0.8685746 0
-0.06277335 0.8547719 0.2432891 1

0.8795508 0.3319495 -0.3408818 0
0.4736651 -0.5429862 0.6934031 0
0.04508066 -0.7713467 -0.6348166 0
-0.03459649 0.8226061 0.2953886 1

0.9192157 0.2819372 -0.2748713 0
0.393135 -0.6963004 0.6005089 0
-0.02208706 -0.6600585 -0.7508895 0
-0.05245318 0.8161619 0.309357 1

0.9581733 0.1945603 -0.2098821 0
0.2797678 -0.7912604 0.5437251 0
-0.06028414 -0.579701 -0.8125964 0
-0.0708269 0.8118864 0.3126086 1

0.9724325 0.1391275 -0.1871329 0
0.215033 -0.8454524 0.4888469 0
-0.09019991 -0.5156104 -0.8520623 0
-0.09264518 0.807857 0.3094993 1

0.06004933 0.3727246 -0.925997 0
-0.4704568 -0.8076095 -0.3555806 0
-0.880378 0.4569938 0.1268545 0
0.08687279 0.7976421 -0.1867282 1

0.05893306 0.3405199 -0.9383888 0
-0.7850786 -0.5648044 -0.2542595 0
-0.6165864 0.751693 0.2340492 0
0.08427335 0.7366203 -0.2221593 1

0.123507 0.4125356 -0.9025301 0
-0.9469154 -0.2230386 -0.231529 0
-0.2968132 0.8832147 0.3630894 0
0.08216691 0.7441702 -0.2466555 1

0.2164761 0.4429334 -0.8700278 0
-0.9715706 0.01023618 -0.23653 0
-0.09586135 0.896496 0.4325568 0
0.0830486 0.7607521 -0.2643115 1

0.2713382 0.4780954 -0.8353447 0
-0.9557 0.2367005 -0.1749606 0
0.1140786 0.8458118 0.5211412 0
0.07925619 0.7792531 -0.2820947 1

0.7984729 0.4176121 -0.4336375 0
0.5756794 -0.740406 0.346976 0
-0.1761663 -0.526687 -0.8316046 0
-0.03413241 0.8242567 0.2445915 1

0.8870654 0.3229159 -0.3299098 0
0.4603559 -0.565415 0.684382 0
0.0344619 -0.7589673 -0.6502163 0
-0.01707088 0.8025155 0.3210445 1

0.9262 0.268836 -0.2643509 0
0.3752134 -0.7260286 0.5762792 0
-0.03700167 -0.6329377 -0.7733185 0
-0.03790719 0.7903987 0.3315758 1

0.9610913 0.185668 -0.2045266 0
0.2661869 -0.8203536 0.5061272 0
-0.0738124 -0.5408768 -0.8378571 0
-0.06201422 0.7869616 0.329736 1

0.973394 0.1356259 -0.1846887 0
0.2035493 -0.8819406 0.4251457 0
-0.1052236 -0.4514275 -0.8860822 0
-0.08490397 0.7774208 0.3270978 1

0.1463386 0.5431925 -0.8267568 0
-0.4364118 -0.7145796 -0.5467366 0
-0.887767 0.4408149 0.1324851 0
0.07080071 0.770052 -0.1988759 1

0.06759664 0.3498516 -0.9343634 0
-0.9421538 -0.2857711 -0.175161 0
-0.3282943 0.892154 0.3102969 0
0.0618987 0.7205234 -0.2294057 1

0.1587119 0.4151452 -0.8958043 0
-0.9866871 0.09930868 -0.1287909 0
0.03549428 0.9043187 0.4253797 0
0.05423294 0.7375907 -0.2534856 1

0.2176334 0.4452039 -0.8685788 0
-0.949855 0.3013228 -0.08355012 0
0.2245259 0.8432069 0.4884569 0
0.05497332 0.7610478 -0.2711465 1

0.272359 0.4886608 -0.8288736 0
-0.8622886 0.5061929 0.01508656 0
0.4269423 0.7106191 0.5592327 0
0.05918648 0.7842238 -0.2857689 1

0.9031501 0.292419 -0.3143429 0
0.4137238 -0.7883803 0.4552903 0
-0.1146862 -0.5412463 -0.8330063 0
-0.01445344 0.7989467 0.2564526 1

0.8821787 0.3287361 -0.3371847 0
0.4662845 -0.509611 0.7231014 0
0.06587648 -0.7951286 -0.6028523 0
-0.003950783 0.7864012 0.3405494 1

0.9241729 0.2725157 -0.2676564 0
0.3819717 -0.6565083 0.6504573 0
0.001541167 -0.703372 -0.7108203 0
-0.02683844 0.7689809 0.3485761 1

0.9589859 0.1918377 -0.208673 0
0.2784569 -0.77521 0.5670196 0
-0.05298968 -0.6018702 -0.7968341 0
-0.05416174 0.7627612 0.3446667 1

0.9729863 0.1372023 -0.1856702 0
0.2201019 -0.7939764 0.5667071 0
-0.06966423 -0.5922644 -0.8027266 0
-0.08062945 0.7589 0.3360258 1

0.3052544 0.3530371 -0.8844122 0
-0.4686002 -0.7528228 -0.4622467 0
-0.8289959 0.5555382 -0.06436925 0
0.05956323 0.751652 -0.2129542 1

0.06710237 0.3516898 -0.9337085 0
-0.9421423 -0.2857099 -0.1753235 0
-0.3284291 0.8914506 0.3121699 0
0.03578035 0.7126012 -0.2342615 1

0.159106 0.4167913 -0.8949696 0
-0.9866341 0.09944741 -0.1290887 0
0.03519949 0.903546 0.4270431 0
0.02515891 0.7405169 -0.2572806 1

0.2161803 0.4459314 -0.8685687 0
-0.9502018 0.3006103 -0.08216183 0
0.2244623 0.843077 0.4887106 0
0.02990836 0.7689993 -0.2733512 1

0.2736265 0.4909308 -0.8271129 0
-0.862311 0.5061523 0.01515472 0
0.4260851 0.7090817 0.5618316 0
0.04094236 0.7949337 -0.2854497 1

0.8102795 0.2172692 -0.5442804 0
0.4833803 -0.7728817 0.4110928 0
-0.3313466 -0.5961943 -0.7312741 0
-0.003776966 0.7786019 0.2682017 1

0.8821409 0.3293231 -0.3367105 0
0.4662615 -0.5096198 0.7231103 0
0.06654271 -0.7948799 -0.6031069 0
0.008988071 0.7722602 0.3606145 1

0.9241465 0.2739925 -0.2662361 0
0.3820234 -0.6564929 0.6504424 0
0.003434196 -0.7028123 -0.7113671 0
-0.01555932 0.7495952 0.3677832 1

0.9589243 0.1912684 -0.2094774 0
0.2784877 -0.7752035 0.5670134 0
-0.05393591 -0.6020597 -0.7966274 0
-0.04679823 0.7422622 0.3596605 1

0.9732243 0.137661 -0.1840773 0
0.2195269 -0.794058 0.566816 0
-0.06813969 -0.5920486 -0.8030164 0
-0.07595113 0.7420238 0.3480714 1

0.1325085 0.05341412 -0.9897416 0
0.01265842 0.9983743 0.05557474 0
0.9911011 -0.01989269 0.131617 0
0.00325417 1.02534 0.009600594 1

0.2708191 0.02766344 -0.9622327 0
-0.07606796 0.9970762 0.00725593 0
0.9596201 0.07123003 0.2721317 0
0.004543106 1.126999 0.01525946 1

-0.00219506 0.07780854 0.996966 0
0.01574761 -0.996842 0.07783356 0
0.9998736 0.01587067 0.0009628981 0
-0.001714627 0.9624172 -0.07738904 1

-0.09999029 -0.08430216 0.9914106 0
0.4058164 -0.9132165 -0.03672383 0
0.9084685 0.3986586 0.125524 0
-0.02346662 0.9536486 0.08508275 1

0.5207287 0.03130347 -0.8531481 0
-0.04772376 0.9988323 0.007520139 0
0.8523872 0.03679948 0.5216147 0
-0.003065725 1.226733 0.01598524 1

0.020316 0.06895506 0.9974129 0
-0.2361271 -0.9690655 0.07180489 0
0.9715098 -0.236975 -0.003405347 0
0.005272816 0.5201039 -0.04285315 1

-0.1861653 0.08618547 0.9787311 0
-0.4948848 -0.8687797 -0.01762915 0
0.8487824 -0.4876412 0.2043886 0
0.1565998 0.5484416 0.06878787 1

0.7318276 0.03148617 -0.6807621 0
-0.009119499 0.9992952 0.03641519 0
0.6814288 -0.02044144 0.7315989 0
-0.007514575 1.319845 0.01668628 1

0.03545094 -0.01401389 0.9992732 0
0.7743664 -0.6316936 -0.03633086 0
0.6317436 0.7750915 -0.0115422 0
-0.09986939 0.08860022 -0.01088002 1

-0.4225723 0.2416746 0.8735136 0
0.297214 -0.8735453 0.3854639 0
0.8562106 0.4225068 0.297307 0
-0.06376179 0.1615928 0.06093799 1

0.7902236 0.003325727 -0.6128096 0
0.05816701 0.9950634 0.08040711 0
0.6100519 -0.0991849 0.7861292 0
-0.009052605 1.488379 0.02282782 1

-0.5315686 0.224351 -0.8167629 0
0.7512906 -0.3204174 -0.5769709 0
-0.3911491 -0.9203258 0.001770936 0
0.0194121 1.433328 -0.01624867 1

0.5580328 -0.2487011 0.7916737 0
-0.8290558 -0.2079921 0.519043 0
0.03557533 -0.9459848 -0.3222534 0
-0.04747993 1.430448 0.04597579 1

0.03545065 -0.01401395 0.9992732 0
0.9981427 0.05006589 -0.03470835 0
-0.04954318 0.9986475 0.01576281 0
0.007123794 0.001320004 -0.01589978 1

-0.4682847 0.1537396 0.8700997 0
0.7912688 -0.365249 0.4903947 0
0.3931962 0.9181272 0.04939113 0
-0.02269614 0.04089612 0.114197 1

0.9998402 -0.01603997 -0.007892713 0
0.01502765 0.9932662 -0.1148762 0
0.009682164 0.1147393 0.9933484 0
0.01371314 1.57852 0.05267364 1

-0.3590218 0.1153006 -0.9261799 0
0.1424368 -0.9739473 -0.176461 0
-0.9223965 -0.1952754 0.333245 0
0.1008383 1.398601 -0.07878179 1

0.9114009 -0.05438714 0.4079102 0
-0.1314735 -0.9777624 0.1633875 0
0.3899531 -0.2025408 -0.8982838 0
-0.1373306 1.407907 0.1022281 1

0.03429097 0.009172995 0.9993698 0
0.9981427 0.05006589 -0.03470835 0
-0.05035278 0.9987038 -0.007439159 0
0.09973268 0.005965233 -0.01912008 1

-0.4774859 0.131903 0.8686821 0
0.7912688 -0.365249 0.4903947 0
0.3819699 0.9215176 0.07003049 0
0.05071885 0.007007957 0.1596965 1

-0.345955 0.03403362 -0.9376338 0
0.1717557 -0.9801578 -0.09894913 0
-0.9223964 -0.1952759 0.333245 0
0.1404949 1.127439 -0.1279112 1

0.915552 0.189623 0.3546939 0
0.09849526 -0.9607394 0.2593809 0
0.3899531 -0.2025411 -0.8982838 0
-0.1739348 1.135683 0.1477177 1

0.9998402 -0.01603997 -0.007892713 0
0.01502765 0.9932662 -0.1148762 0
0.009682164 0.1147393 0.9933484 0
0.01784344 1.798351 0.1291484 1

0.09784442 0.1015676 -0.9900053 0
-0.2304576 -0.9654267 -0.1218227 0
-0.9681509 0.2400738 -0.0710547 0
0.1891513 0.8497719 -0.1559421 1

0.922066 0.205056 -0.3282475 0
0.3698591 -0.716683 0.5912442 0
-0.1140112 -0.6665714 -0.7366709 0
-0.1460323 0.8635166 0.2211972 1

-0.03681919 -0.1807086 -0.9828473 0
-0.6766826 -0.7192134 0.1575858 0
-0.7353539 0.6708778 -0.09580141 0
0.1656084 0.827031 -0.1335127 1

0.11206 0.1513871 -0.9821021 0
-0.5014039 -0.8446718 -0.1874141 0
-0.857926 0.5134314 -0.01874784 0
0.1609357 0.760786 -0.1450336 1

0.1513326 0.2411612 -0.9586133 0
-0.6903584 -0.6682935 -0.2771088 0
-0.7074631 0.7037224 0.0653531 0
0.1671825 0.7577429 -0.1675551 1

0.2378736 0.3029181 -0.9228526 0
-0.7816781 -0.5042679 -0.3670059 0
-0.5765377 0.8086748 0.1168325 0
0.1695793 0.7638812 -0.1855278 1

0.2785446 0.3447857 -0.8964016 0
-0.8133034 -0.4117501 -0.4110957 0
-0.5108334 0.8435547 0.1657248 0
0.1695502 0.7768319 -0.2038095 1

0.7626829 0.4697219 -0.4446082 0
0.5189405 -0.8547146 -0.01280046 0
-0.3860256 -0.2209624 -0.8956338 0
-0.1139807 0.8408348 0.2153642 1

0.9254477 0.1871267 -0.3294388 0
0.364812 -0.6748166 0.6415098 0
-0.102267 -0.7138671 -0.6927735 0
-0.09209386 0.7994126 0.2638214 1

0.9549342 0.1268788 -0.2683326 0
0.2587516 -0.7987769 0.5431419 0
-0.1454248 -0.5880963 -0.7956095 0
-0.1107717 0.7951926 0.2775631 1

0.9772973 0.02451047 -0.21045 0
0.1219603 -0.8772998 0.4641884 0
-0.1732502 -0.4793166 -0.8603721 0
-0.1296047 0.7941546 0.2808324 1

0.9806388 -0.03689659 -0.1923188 0
0.04369769 -0.9160964 0.3985701 0
-0.1908883 -0.399257 -0.8967471 0
-0.1518072 0.7945741 0.2778639 1

0.1133843 0.2118228 -0.9707086 0
-0.3901404 -0.8890419 -0.2395727 0
-0.9137475 0.4058763 -0.01816273 0
0.1372622 0.7969031 -0.1269115 1

0.1337062 0.1815819 -0.9742437 0
-0.6864569 -0.6920687 -0.2231995 0
-0.7147727 0.6986192 0.0321143 0
0.1423838 0.7295333 -0.1519679 1

0.1905845 0.269902 -0.9438382 0
-0.8900098 -0.3581645 -0.2821368 0
-0.4141987 0.893796 0.1719548 0
0.1416393 0.7330158 -0.1778082 1

0.2799771 0.3153513 -0.906734 0
-0.9353821 -0.122942 -0.3315805 0
-0.2160401 0.9409778 0.2605531 0
0.1431642 0.7468406 -0.19793 1

0.3251172 0.3564417 -0.8759269 0
-0.9456134 0.1120686 -0.3053785 0
-0.01068569 0.9275721 0.3734915 0
0.1402713 0.7620089 -0.2186089 1

0.8622045 0.276482 -0.424454 0
0.4173906 -0.862545 0.2860095 0
-0.2870342 -0.4237617 -0.859091 0
-0.09225222 0.805047 0.2148282 1

0.9318823 0.1745405 -0.3180115 0
0.3431758 -0.7083146 0.6168639 0
-0.1175844 -0.6839783 -0.7199637 0
-0.07859584 0.7744445 0.2875573 1

0.9602775 0.1088779 -0.256929 0
0.2259517 -0.8436839 0.4869737 0
-0.1637461 -0.5256836 -0.8347719 0
-0.101198 0.7656379 0.2976593 1

0.9787968 0.01052393 -0.2045637 0
0.09041364 -0.9183235 0.3853671 0
-0.1838 -0.3956914 -0.8998033 0
-0.1257629 0.7665197 0.2954543 1

0.9810869 -0.04629537 -0.1879506 0
0.007786568 -0.9607534 0.2772952 0
-0.1934116 -0.2735141 -0.942222 0
-0.1502341 0.7615948 0.2922125 1

0.1779929 0.4114241 -0.8938952 0
-0.339502 -0.8269485 -0.448213 0
-0.9236109 0.3832579 -0.007511593 0
0.123934 0.7665312 -0.1350959 1

0.14017 0.191951 -0.971343 0
-0.8763909 -0.4324641 -0.2119288 0
-0.4607509 0.8809822 0.1076057 0
0.1228198 0.7098093 -0.158329 1

0.2235872 0.2773102 -0.9344023 0
-0.9692615 -0.03772464 -0.2431243 0
-0.1026709 0.9600397 0.2603513 0
0.115384 0.7224501 -0.1861311 1

0.2800244 0.3179103 -0.9058251 0
-0.9556081 0.1823929 -0.2314013 0
0.09165132 0.9304119 0.3548721 0
0.1161347 0.7432879 -0.2075116 1

0.3236813 0.3680166 -0.8716618 0
-0.8980131 0.4096438 -0.1605145 0
0.2979988 0.8347189 0.4630777 0
0.1204134 0.7643623 -0.2250219 1

0.9444683 0.1149731 -0.307833 0
0.2372146 -0.8868216 0.3965818 0
-0.2273968 -0.447581 -0.8648479 0
-0.07798416 0.7755619 0.2246051 1

0.929581 0.17941 -0.3220111 0
0.3527448 -0.6865406 0.6357937 0
-0.1070058 -0.7046095 -0.7014809 0
-0.06881537 0.7542574 0.3051379 1

0.9600521 0.1096286 -0.2574522 0
0.2359286 -0.8118404 0.5340905 0
-0.1504586 -0.573495 -0.8052737 0
-0.09453236 0.7407491 0.312025 1

0.9784766 0.01250844 -0.2059785 0
0.09692533 -0.9090634 0.4052274 0
-0.1821787 -0.4164701 -0.8907097 0
-0.1230957 0.7394292 0.3068226 1

0.98116 -0.05035532 -0.1865192 0
0.02400167 -0.9261855 0.3763036 0
-0.1917002 -0.3736908 -0.9075275 0
-0.1500706 0.7414188 0.2980357 1

0.3537211 0.2279003 -0.9071619 0
-0.3759965 -0.8534064 -0.3610045 0
-0.8564509 0.4687846 -0.2161782 0
0.1151919 0.7452373 -0.1466373 1

0.1393983 0.1937926 -0.9710884 0
-0.8763667 -0.4324304 -0.2120979 0
-0.4610311 0.8805955 0.1095534 0
0.09852457 0.6978205 -0.1642041 1

0.2237186 0.2791057 -0.9338363 0
-0.969187 -0.03763165 -0.243435 0
-0.103086 0.9595228 0.2620866 0
0.08682346 0.7213383 -0.1932951 1

0.2785233 0.3184732 -0.9060904 0
-0.9560543 0.1818841 -0.2299531 0
0.09156949 0.9303188 0.3551366 0
0.09091793 0.7481009 -0.2136179 1

0.3245409 0.3706687 -0.8702171 0
-0.8980398 0.4096132 -0.1604427 0
0.2969813 0.8335598 0.4658116 0
0.1014134 0.7730295 -0.228418 1

0.8376401 0.07678419 -0.5407987 0
0.3085496 -0.8834945 0.3524697 0
-0.4507286 -0.4621057 -0.763742 0
-0.07186269 0.7526768 0.2348392 1

0.9296708 0.1799241 -0.3214647 0
0.3527206 -0.686545 0.6358021 0
-0.106304 -0.7044737 -0.7017236 0
-0.05902712 0.735207 0.3227803 1

0.9603452 0.1108485 -0.255832 0
0.2359823 -0.8118343 0.5340762 0
-0.1484916 -0.5732694 -0.8057994 0
-0.08756572 0.7167767 0.327796 1

0.9782934 0.01212659 -0.2068705 0
0.09695682 -0.9090628 0.4052212 0
-0.1831442 -0.4164826 -0.8905057 0
-0.1205325 0.7153906 0.317538 1

0.9814732 -0.05031694 -0.1848747 0
0.02342186 -0.9261559 0.3764129 0
-0.1901627 -0.3737692 -0.9078186 0
-0.1495604 0.7217325 0.306034 1

0.1081278 0.04455445 -0.9931381 0
0.01923888 0.9987143 0.04689924 0
0.9939508 -0.02417798 0.1071316 0
0.00141376 1.020639 0.01303816 1

0.2681492 0.01725995 -0.9632227 0
-0.07048731 0.9975111 -0.001748428 0
0.9607953 0.06836382 0.2686983 0
0.003372747 1.122332 0.01781365 1

0.06369675 0.05376446 0.99652 0
-0.08360767 -0.9947499 0.05901308 0
0.9944609 -0.08707566 -0.05886725 0
-0.006044858 0.9570307 -0.07327248 1

-0.05988356 -0.09424636 0.9937463 0
0.4628888 -0.8846454 -0.05600543 0
0.8843913 0.4566402 0.09660126 0
-0.02379462 0.9497164 0.08975685 1

0.5235171 0.02121785 -0.8517509 0
-0.04262909 0.99909 -0.001313198 0
0.8509482 0.03699685 0.5239452 0
-0.003677869 1.22211 0.01763876 1

0.02142937 0.08153445 0.9964401 0
-0.2744468 -0.9579015 0.08428324 0
0.9613635 -0.275276 0.001849592 0
-0.0431428 0.5156457 -0.04708751 1

-0.1752425 0.04337129 0.9835697 0
-0.2756284 -0.9612409 -0.006721996 0
0.9451557 -0.2722778 0.1804045 0
0.1815956 0.557187 0.06490646 1

0.7381701 0.02234852 -0.6742443 0
-0.004763343 0.9995987 0.02791777 0
0.6745977 -0.01739642 0.7379805 0
-0.007651791 1.315246 0.01751634 1

0.02997679 -0.008703746 0.9995126 0
0.7723 -0.63461 -0.02868854 0
0.6345505 0.7727836 -0.01230169 0
-0.165348 0.08911294 -0.009558031 1

-0.4647543 0.1430856 0.8738021 0
0.5241072 -0.7509502 0.4017285 0
0.7136633 0.6446709 0.274015 0
0.05886417 0.1291671 0.0619133 1

0.7942023 -0.003399219 -0.607644 0
0.05987564 0.9955556 0.07268939 0
0.6046963 -0.09411316 0.7908762 0
-0.008455142 1.483832 0.02222477 1

-0.5034981 0.2153616 -0.8367252 0
0.7704835 -0.3262928 -0.5476205 0
-0.3909539 -0.9204087 -0.001644649 0
0.02010755 1.428321 -0.01612358 1

0.5346488 -0.2505195 0.8070877 0
-0.8435304 -0.2159119 0.491771 0
0.05106159 -0.9437278 -0.3267578 0
-0.04736423 1.426276 0.04550514 1

0.02997643 -0.008703861 0.9995127 0
0.998575 0.04443435 -0.02956139 0
-0.04415546 0.9989745 0.01002342 0
-0.05864032 0.001429915 -0.01352189 1

-0.4647545 0.1430856 0.8738021 0
0.8529106 -0.1926884 0.4851957 0
0.2377959 0.9707718 -0.03248644 0
0.1312793 0.02540928 0.1174196 1

0.9999452 -0.0075674 -0.007226713 0
0.00661266 0.9922537 -0.1240505 0
0.008109428 0.1239959 0.9922495 0
0.01431807 1.574162 0.05148447 1

-0.2263087 0.05869495 -0.9722856 0
0.2252564 -0.9679713 -0.1108651 0
-0.9476519 -0.2441031 0.2058391 0
0.1036139 1.392957 -0.07547566 1

0.8606126 -0.1215862 0.4945329 0
-0.2003852 -0.9735954 0.109352 0
0.4681793 -0.1932066 -0.8622525 0
-0.1387836 1.402877 0.09880184 1

0.0289433 0.01448926 0.999476 0
0.998575 0.04443435 -0.02956139 0
-0.04483942 0.9989073 -0.01318254 0
0.03400867 0.00555253 -0.01626464 1

-0.4702681 0.1200024 0.8743269 0
0.8529106 -0.1926884 0.4851957 0
0.2266973 0.9738946 -0.01173611 0
0.2104135 0.007531404 0.1624367 1

-0.1919358 -0.07970411 -0.9781655 0
0.2551799 -0.9664681 0.02867944 0
-0.9476517 -0.2441036 0.2058389 0
0.1663287 1.123459 -0.1063422 1

0.8835683 0.114222 0.4541589 0
0.01074144 -0.9744867 0.2241877 0
0.4681791 -0.1932068 -0.8622527 0
-0.1945738 1.131813 0.1292471 1

0.9999452 -0.0075674 -0.007226713 0
0.00661266 0.9922537 -0.1240505 0
0.008109428 0.1239959 0.9922495 0
0.01652516 1.794718 0.1259248 1

0.1871689 -0.0359793 -0.9816687 0
-0.1742991 -0.9846886 0.002857417 0
-0.9667406 0.1705692 -0.1905738 0
0.2386182 0.8496699 -0.09821744 1

0.9370449 0.08288847 -0.3392293 0
0.2513827 -0.8343892 0.4905111 0
-0.2423917 -0.5449074 -0.8026968 0
-0.1915309 0.8557521 0.1927568 1

0.06028395 -0.3271213 -0.9430575 0
-0.6581361 -0.7233547 0.2088418 0
-0.7504818 0.6080705 -0.2588968 0
0.2140861 0.829049 -0.07481967 1

0.1979856 0.009219855 -0.9801617 0
-0.4107012 -0.907168 -0.09149189 0
-0.8900148 0.4206677 -0.1758195 0
0.2135065 0.7616782 -0.07675995 1

0.2295932 0.1078237 -0.9672957 0
-0.6090857 -0.7592629 -0.2292042 0
-0.7591455 0.6417897 -0.1086476 0
0.2220028 0.7558046 -0.09794533 1

0.3086648 0.1825692 -0.9334852 0
-0.7015848 -0.6189818 -0.3530442 0
-0.6422656 0.7638914 -0.06297005 0
0.2258253 0.7594303 -0.1163487 1

0.3418785 0.2277596 -0.9117263 0
-0.737847 -0.5357754 -0.4105199 0
-0.5819802 0.8130624 -0.01511824 0
0.2269596 0.7696005 -0.1362792 1

0.8308495 0.3696125 -0.4160239 0
0.3528908 -0.9279777 -0.1196881 0
-0.4302991 -0.04736824 -0.9014426 0
-0.1640231 0.828809 0.1831042 1

0.9381573 0.06292328 -0.3404432 0
0.2452662 -0.8148174 0.525278 0
-0.2443469 -0.5762926 -0.7798598 0
-0.1487115 0.7787954 0.2256146 1

0.9574734 -0.00941875 -0.2883674 0
0.1153777 -0.9035736 0.412605 0
-0.2644472 -0.4283296 -0.8640609 0
-0.1675652 0.7762066 0.2395194 1

0.9609452 -0.1244112 -0.247197 0
-0.04121503 -0.9476261 0.3167113 0
-0.2736527 -0.2941539 -0.9157444 0
-0.1862247 0.7780045 0.2433971 1

0.9531906 -0.1862665 -0.2381863 0
-0.1286655 -0.9627148 0.2379607 0
-0.2736296 -0.1961755 -0.9416168 0
-0.2080713 0.782544 0.241383 1

0.1963878 0.04815796 -0.9793431 0
-0.3306597 -0.9370345 -0.1123847 0
-0.9230905 0.3459002 -0.1680981 0
0.1865169 0.7987477 -0.06607132 1

0.2156974 0.04146912 -0.9755792 0
-0.5961015 -0.7857313 -0.1651953 0
-0.7733936 0.6171767 -0.1447602 0
0.1983105 0.7281128 -0.08014517 1

0.2643248 0.1413297 -0.9540222 0
-0.8251548 -0.4789338 -0.2995698 0
-0.4992516 0.8663997 -0.009975075 0
0.1994666 0.7277117 -0.1064259 1

0.3472357 0.2007439 -0.9160399 0
-0.8832071 -0.2583528 -0.3914062 0
-0.3152341 0.9449635 0.08758915 0
0.2021169 0.7385131 -0.1282791 1

0.3844078 0.2461376 -0.8897455 0
-0.9152529 -0.02428811 -0.4021469 0
-0.1205939 0.9689305 0.2159417 0
0.2003972 0.7503126 -0.1510579 1

0.8857868 0.1676872 -0.4327389 0
0.2643013 -0.9487289 0.1733722 0
-0.3814794 -0.2679443 -0.8846917 0
-0.1492472 0.7899535 0.1780929 1

0.9428472 0.0459342 -0.3300442 0
0.2094213 -0.8520909 0.4796702 0
-0.2591946 -0.521374 -0.8130112 0
-0.1396366 0.7486471 0.24505 1

0.9598861 -0.03356568 -0.278374 0
0.05815356 -0.9473886 0.3147589 0
-0.2742935 -0.3183211 -0.9074332 0
-0.1632962 0.7427745 0.2547858 1

0.9592447 -0.1441719 -0.2430311 0
-0.09939398 -0.9772394 0.187414 0
-0.2645196 -0.15562 -0.9517415 0
-0.187523 0.7481543 0.2533735 1

0.9507594 -0.2028076 -0.2343631 0
-0.1968372 -0.9792185 0.04884907 0
-0.2393996 -0.0003122948 -0.9709211 0
-0.2127033 0.7478862 0.2499497 1

0.2420856 0.2644793 -0.9335123 0
-0.2603742 -0.9091309 -0.3250939 0
-0.9346656 0.321763 -0.1512236 0
0.1752207 0.766736 -0.06991068 1

0.2202481 0.0521053 -0.9740514 0
-0.8036862 -0.5562057 -0.2114791 0
-0.5527921 0.8294096 -0.08062695 0
0.1813216 0.7057195 -0.08485319 1

0.2947267 0.153017 -0.9432508 0
-0.9316931 -0.1733191 -0.3192317 0
-0.2123314 0.9729062 0.09148313 0
0.1751246 0.7135832 -0.1152632 1

0.3462957 0.2032784 -0.9158369 0
-0.937764 0.04791027 -0.3439524 0
-0.02604029 0.9779481 0.2072182 0
0.1765949 0.7310476 -0.1395895 1

0.3806975 0.2579266 -0.8879998 0
-0.9079399 0.2862689 -0.3060966 0
0.1752561 0.9227805 0.3431636 0
0.1811768 0.7498026 -0.159503 1

0.9426804 -0.02679778 -0.3326194 0
0.07544449 -0.9538456 0.2906655 0
-0.3250567 -0.2990991 -0.8971499 0
-0.1402123 0.7575223 0.1840194 1

0.9424369 0.04818152 -0.3308947 0
0.2083736 -0.8585575 0.4684644 0
-0.2615209 -0.510448 -0.8191761 0
-0.1336681 0.7243626 0.2587206 1

0.9600963 -0.03740751 -0.2771562 0
0.05646518 -0.9446775 0.3231035 0
-0.2739096 -0.3258602 -0.9048695 0
-0.1615807 0.7148263 0.2640712 1

0.9585775 -0.1478069 -0.2434797 0
-0.1126264 -0.9818448 0.1526304 0
-0.2616192 -0.1188858 -0.9578212 0
-0.1904551 0.7193258 0.2589022 1

0.9485882 -0.2136734 -0.2335046 0
-0.1980392 -0.9761679 0.08875041 0
-0.2469032 -0.0379447 -0.9682968 0
-0.216837 0.7273226 0.2509755 1

0.4260685 0.09195401 -0.9000057 0
-0.3036135 -0.9225928 -0.2379944 0
-0.8522233 0.3746559 -0.3651691 0
0.1685161 0.7433262 -0.0782818 1

0.2192792 0.05386531 -0.9741743 0
-0.8036481 -0.5561963 -0.2116488 0
-0.5532327 0.8293037 -0.07867331 0
0.1590419 0.6903003 -0.0907158 1

0.2946419 0.1548817 -0.942973 0
-0.931595 -0.1732676 -0.3195454 0
-0.2128785 0.9726204 0.09323519 0
0.147671 0.7084761 -0.1246697 1

0.3447885 0.2036404 -0.9163249 0
-0.9383164 0.04758464 -0.3424882 0
-0.02614148 0.9778886 0.2074857 0
0.1518491 0.7323118 -0.1486658 1

0.3811706 0.2608455 -0.8869433 0
-0.9079713 0.2862475 -0.3060234 0
0.1740604 0.9219665 0.3459494 0
0.1619668 0.7558594 -0.1659793 1

0.8257608 -0.0185452 -0.5637154 0
0.1452079 -0.9587784 0.2442504 0
-0.545008 -0.2835484 -0.7890289 0
-0.1382654 0.7329077 0.1915202 1

0.9426396 0.04854456 -0.3302638 0
0.208349 -0.8585588 0.468473 0
-0.2608092 -0.5104115 -0.8194258 0
-0.127886 0.7005386 0.2717198 1

0.9606522 -0.03668712 -0.2753202 0
0.05651893 -0.9446798 0.3230882 0
-0.2719426 -0.3259363 -0.9054351 0
-0.1599133 0.6869314 0.2736119 1

0.9583225 -0.1478927 -0.2444298 0
-0.1125955 -0.9818494 0.1526231 0
-0.2625652 -0.1187404 -0.9575804 0
-0.1934331 0.6933626 0.2629382 1

0.9488567 -0.2141902 -0.2319347 0
-0.1985997 -0.9760416 0.08888753 0
-0.2454167 -0.03827932 -0.9686615 0
-0.2210463 0.7065739 0.2528619 1

0.07779843 0.03977511 -0.9961754 0
0.02749951 0.9987381 0.04202507 0
0.9965898 -0.03066382 0.07660645 0
0.002105229 1.009893 0.01667809 1

0.259355 0.008677363 -0.9657431 0
-0.0639823 0.9979172 -0.00821631 0
0.9636604 0.06392141 0.25937 0
0.004905349 1.111589 0.02095726 1

0.1329485 0.01810848 0.9909578 0
-0.1677561 -0.9849962 0.04050599 0
0.9768227 -0.1716244 -0.1279159 0
-0.008442059 0.9459895 -0.06909018 1

-0.03629487 -0.09564686 0.9947535 0
0.5099832 -0.8578098 -0.06387214 0
0.8594183 0.5049894 0.07991237 0
-0.02121308 0.9394598 0.09443775 1

0.5207899 0.01219936 -0.8535979 0
-0.03686906 0.9992864 -0.008212756 0
0.8528883 0.03574847 0.520868 0
-0.001494593 1.211408 0.02013541 1

0.04418948 0.08545169 0.9953622 0
-0.3246738 -0.9410231 0.09520074 0
0.9447932 -0.3273748 -0.01383939 0
-0.08287789 0.5089322 -0.05111708 1

-0.1586164 -0.002782114 0.9873365 0
-0.05021316 -0.9986793 -0.01088087 0
0.9860625 -0.05130332 0.1582672 0
0.2050736 0.5588377 0.0660968 1

0.7400276 0.01363764 -0.6724384 0
0.0003059753 0.9997876 0.0206133 0
0.6725765 -0.01546016 0.7398662 0
-0.004931557 1.304562 0.01936981 1

0.03126251 -0.004993808 0.999499 0
0.7626635 -0.6462283 -0.0270835 0
0.6460396 0.7631282 -0.01639416 0
-0.227448 0.08991534 -0.00872628 1

-0.4399081 -0.01416585 0.8979312 0
0.740604 -0.5712422 0.3538195 0
0.5079238 0.8206595 0.2617853 0
0.1827147 0.1141472 0.06125177 1

0.7945955 -0.009691624 -0.6070617 0
0.06095131 0.9960948 0.06387798 0
0.6040719 -0.08775839 0.7920831 0
-0.004879955 1.473179 0.02284631 1

-0.4784903 0.2067125 -0.853415 0
0.7870744 -0.3299306 -0.5212099 0
-0.3893083 -0.9210948 -0.004829545 0
0.02349652 1.417245 -0.01502058 1

0.505029 -0.2539519 0.8248965 0
-0.8607137 -0.2192394 0.4594626 0
0.06416841 -0.9420418 -0.3293022 0
-0.04414505 1.415996 0.04644307 1

0.03126264 -0.004993934 0.9994991 0
0.998704 0.0403377 -0.03103624 0
-0.04016238 0.9991739 0.006248498 0
-0.1220718 0.0006268024 -0.01246837 1

-0.4399079 -0.01416587 0.8979313 0
0.896004 0.06041654 0.439917 0
-0.06048188 0.998073 -0.01388505 0
0.2850429 0.03521955 0.1101385 1

0.9999586 0.0008400781 -0.009061933 0
-0.002044288 0.9910187 -0.1337076 0
0.008868173 0.1337205 0.9909795 0
0.017976 1.563741 0.05131715 1

-0.09128784 0.0306975 -0.9953513 0
0.3115988 -0.9484526 -0.05782919 0
-0.9458185 -0.3154293 0.07701702 0
0.108801 1.381486 -0.07151021 1

0.8152879 -0.2182194 0.5363637 0
-0.2823192 -0.9585208 0.03915921 0
0.5055705 -0.1833518 -0.8430782 0
-0.1374267 1.392236 0.09623827 1

0.03032186 0.01820281 0.9993748 0
0.998704 0.0403377 -0.03103624 0
-0.04087724 0.9990206 -0.01695614 0
-0.02941089 0.004369259 -0.01534794 1

-0.4383484 -0.03785282 0.8980078 0
0.896004 0.06041654 0.439917 0
-0.07090682 0.9974555 0.007432749 0
0.3681754 0.04082501 0.1509546 1

-0.02326017 -0.1707656 -0.9850372 0
0.3238617 -0.9334579 0.1541763 0
-0.9458184 -0.3154296 0.07701686 0
0.1955549 1.117422 -0.08761074 1

0.8608484 0.04175622 0.5071457 0
-0.05778228 -0.9821602 0.1789488 0
0.5055703 -0.1833518 -0.8430783 0
-0.2160286 1.125369 0.1071408 1

0.9999586 0.0008400781 -0.009061933 0
-0.002044288 0.9910187 -0.1337076 0
0.008868173 0.1337205 0.9909795 0
0.01844517 1.785022 0.1236045 1

0.2869134 -0.1417914 -0.9474049 0
-0.1091158 -0.9873859 0.1147302 0
-0.9517218 0.0704592 -0.2987659 0
0.2873011 0.8529848 -0.04393413 1

0.9401799 -0.004479408 -0.3406489 0
0.1291741 -0.9205608 0.3686214 0
-0.3152393 -0.3905736 -0.8649144 0
-0.2323977 0.8471342 0.1578349 1

0.1708814 -0.4409864 -0.8810962 0
-0.6307927 -0.7359268 0.2459924 0
-0.7569016 0.5137537 -0.4039271 0
0.261937 0.8335593 -0.02040081 1

0.2938325 -0.09650382 -0.950973 0
-0.3387101 -0.9408462 -0.009178795 0
-0.8938333 0.3248011 -0.3091379 0
0.2659501 0.7666201 -0.01362159 1

0.3171895 0.003943916 -0.9483541 0
-0.5281563 -0.8298283 -0.1800998 0
-0.7876813 0.5580049 -0.2611298 0
0.2768993 0.7588623 -0.03299784 1

0.3866965 0.08943245 -0.9178604 0
-0.6132425 -0.7184108 -0.3283592 0
-0.6887668 0.6898463 -0.222963 0
0.282309 0.7604829 -0.05128864 1

0.4142731 0.1377565 -0.8996672 0
-0.6508873 -0.6460869 -0.3986448 0
-0.636179 0.7507297 -0.1779923 0
0.2847768 0.7681828 -0.07218273 1

0.8745709 0.303607 -0.3780852 0
0.2155625 -0.9418712 -0.257704 0
-0.4343483 0.1438794 -0.8891796 0
-0.2089678 0.8181555 0.1441576 1

0.939574 -0.02576887 -0.3413749 0
0.1072717 -0.9247856 0.3650542 0
-0.3251055 -0.3796151 -0.8661403 0
-0.2010171 0.7611529 0.179235 1

0.9471047 -0.1094798 -0.3016735 0
-0.03862561 -0.9720665 0.2315058 0
-0.3185919 -0.2076078 -0.9248778 0
-0.2200826 0.7593735 0.1929772 1

0.9306745 -0.2309637 -0.283727 0
-0.2034559 -0.9712902 0.1232932 0
-0.3040575 -0.05701991 -0.950946 0
