MeshAnim
1
22
65
30
0.9174382 0.09807423 -0.3856016 0
-0.008703921 0.9738597 0.2269836 0
0.3977831 -0.2048872 0.8943098 0
0.006129733 0.9110291 0.01306038 1

0.8852142 0.1375829 -0.4443722 0
0.0540633 0.9183613 0.3920327 0
0.4620313 -0.3710571 0.8055084 0
0.005243462 1.010192 0.03617284 1

-0.9989339 -0.01081968 0.04488128 0
0.0324091 -0.8566902 0.5148124 0
0.03287926 0.515718 0.8561273 0
0.07600519 0.8562297 -0.04748369 1

-0.8563564 0.2874454 0.4289863 0
0.09076899 -0.734022 0.6730327 0
0.5083454 0.6152944 0.602493 0
-0.07459757 0.8401299 0.01581499 1

0.837355 0.1462136 -0.5267429 0
0.07860938 0.9213463 0.3807119 0
0.540978 -0.360198 0.7600002 0
0.01065124 1.102052 0.0753866 1

-0.9970052 -0.05737643 0.05185404 0
0.02417734 -0.8681382 -0.4957335 0
0.07345986 -0.4929952 0.8669253 0
0.09038558 0.4761037 0.1809461 1

-0.9983226 0.002134077 0.05786031 0
-0.05522209 -0.3354714 -0.9404305 0
0.0174035 -0.9420482 0.3350264 0
-0.03432211 0.5144341 0.314449 1

0.7821611 0.1497155 -0.6048218 0
0.1219558 0.9151407 0.3842452 0
0.6110245 -0.3743031 0.6975287 0
0.01797928 1.187941 0.1108769 1

-0.9998139 0.003921375 0.01889694 0
0.01211786 -0.6345185 0.7728128 0
0.01502092 0.7728978 0.6343527 0
0.1011512 0.08954084 -0.03979323 1

-0.9863911 -0.1634607 0.01770833 0
0.1519635 -0.9474936 -0.2813601 0
0.06276977 -0.2748401 0.959439 0
-0.05891132 0.3650559 -0.1043045 1

0.9473143 0.08682809 -0.308312 0
0.006155898 0.957444 0.2885537 0
0.3202462 -0.275249 0.9064659 0
0.03854752 1.342283 0.1756811 1

-0.6544248 0.3934895 -0.6456736 0
0.7099712 0.02599699 -0.7037508 0
-0.260133 -0.9189615 -0.2963794 0
0.06244906 1.30026 0.1206298 1

0.7012981 -0.3985795 0.5910293 0
-0.707841 -0.487635 0.5110513 0
0.08451182 -0.776754 -0.6241084 0
-0.009043919 1.286574 0.1759122 1

-0.9993864 0.004561447 0.0347327 0
0.03472862 -0.0009663962 0.9993963 0
0.004592262 0.9999893 0.000807371 0
0.1028255 0.001870155 0.06698528 1

-0.9885344 -0.1508608 0.006421745 0
0.1411895 -0.9084117 0.3935148 0
-0.05353242 0.3899097 0.9192959 0
-0.03791471 0.2341419 -0.1431797 1

0.9970775 -0.07625137 -0.004714429 0
0.07637414 0.9963883 0.03711396 0
0.001867503 -0.03736547 0.9993 0
0.04822093 1.423906 0.2283907 1

-0.6305721 -0.7744161 -0.05156247 0
0.6216198 -0.4641436 -0.6309992 0
0.4647235 -0.4299426 0.7740683 0
0.139397 1.303078 0.04435601 1

0.8800239 0.02120339 0.4744563 0
-0.1271605 -0.9520097 0.278403 0
0.4575898 -0.3053333 -0.8350948 0
-0.08575761 1.233725 0.2312984 1

-0.9990105 0.02777454 0.03474212 0
0.03472862 -0.0009663962 0.9993963 0
0.02779136 0.9996139 8.791685E-07 0
0.1060477 0.00178057 0.1597104 1

-0.9869851 -0.1600734 -0.01540107 0
0.1411895 -0.9084117 0.3935148 0
-0.07698178 0.3862189 0.9191893 0
-0.02481495 0.1498584 -0.1066689 1

0.7620106 -0.1721273 -0.6242696 0
0.6440012 0.3024288 0.7027089 0
0.06784172 -0.9375015 0.3413039 0
0.3124654 1.173853 -0.1313237 1

0.7830111 0.4251193 -0.4540567 0
0.6045899 -0.691714 0.3949721 0
-0.1461671 -0.5837857 -0.7986426 0
-0.1211611 0.9686713 0.3088101 1

0.9970775 -0.07625137 -0.004714429 0
0.07637414 0.9963883 0.03711396 0
0.001867503 -0.03736547 0.9993 0
0.0644201 1.628994 0.3373292 1

0.8865612 -0.1138387 -0.4483863 0
0.4266414 0.5759162 0.6973506 0
0.1788473 -0.809544 0.5591532 0
0.4949033 1.259528 0.06774566 1

0.7077134 0.5688084 -0.4190455 0
0.6941712 -0.4495198 0.562191 0
0.1314097 -0.6887592 -0.7129815 0
0.05011214 0.7727167 0.4207012 1

0.9852837 0.1372708 0.1018482 0
-0.1340032 0.2504374 0.9588143 0
0.1061107 -0.9583517 0.2651466 0
0.4844579 1.264034 0.10576 1

0.7652912 0.220244 -0.6048326 0
0.2831545 0.7286552 0.6236069 0
0.5780599 -0.6485015 0.4952702 0
0.5146543 1.310364 0.1442907 1

0.8653579 -0.04760357 -0.4988888 0
0.4067892 0.6481491 0.6437591 0
0.2927091 -0.7600241 0.5802456 0
0.5355731 1.314427 0.1342207 1

0.849097 -0.3315352 -0.4112408 0
0.5268758 0.4756851 0.7043622 0
-0.03789955 -0.8147441 0.5785807 0
0.5503556 1.309485 0.1231074 1

0.7889048 -0.5516078 -0.2708471 0
0.538088 0.407198 0.7380053 0
-0.296801 -0.7279552 0.6180539 0
0.5639772 1.297769 0.109723 1

0.1802421 0.8293558 -0.5288501 0
0.9698139 -0.2396139 -0.04523733 0
-0.1642376 -0.5047323 -0.8475091 0
0.08828169 0.7660285 0.41209 1

0.7728261 0.3703667 -0.5153334 0
0.6264926 -0.3157232 0.7126193 0
0.1012276 -0.8735833 -0.4760312 0
0.1300205 0.7410548 0.4587496 1

0.7666854 0.4380716 -0.4693481 0
0.6413044 -0.4879556 0.5921388 0
0.030378 -0.7549788 -0.6550456 0
0.1162905 0.7298626 0.4742972 1

0.7838362 0.4685332 -0.4075263 0
0.6154588 -0.6733986 0.4095669 0
-0.08253205 -0.571849 -0.816197 0
0.1001703 0.7208849 0.4793948 1

0.7327489 0.6276309 -0.2629806 0
0.675334 -0.6231663 0.3944466 0
0.08368611 -0.46663 -0.8804846 0
0.07988815 0.7114018 0.4785924 1

0.990467 -0.1360133 -0.02180851 0
0.06458679 0.3187024 0.945652 0
-0.1216708 -0.9380455 0.3244489 0
0.4788446 1.274525 0.1459246 1

0.7666412 0.2144095 -0.6052191 0
0.4510981 0.4909137 0.7453287 0
0.4569158 -0.8444124 0.2796348 0
0.5251311 1.337324 0.1673642 1

0.8607358 -0.05264105 -0.5063227 0
0.5036306 0.2328346 0.8319523 0
0.07409462 -0.9710908 0.2269205 0
0.5506244 1.338408 0.1580398 1

0.8479345 -0.3317589 -0.4134526 0
0.4579069 0.06544795 0.8865881 0
-0.2670737 -0.9410911 0.2074102 0
0.5681601 1.32556 0.1469098 1

0.7880731 -0.5508013 -0.2748799 0
0.2553306 -0.113836 0.9601293 0
-0.5601315 -0.8268369 0.05092514 0
0.5833484 1.312429 0.1362912 1

0.424517 0.8546372 -0.2989664 0
0.905406 -0.3988544 0.1454492 0
0.005062073 -0.3324316 -0.9431138 0
0.1288887 0.7559958 0.4101959 1

0.7744375 0.3736342 -0.5105337 0
0.5895751 -0.7189066 0.368205 0
-0.229452 -0.5861493 -0.7770333 0
0.1532008 0.729373 0.4851165 1

0.7747303 0.4321439 -0.4615681 0
0.5644072 -0.8017092 0.1967418 0
-0.2850226 -0.4129342 -0.8650134 0
0.1400188 0.7118083 0.4962062 1

0.7872687 0.465938 -0.4038687 0
0.490313 -0.870214 -0.04817832 0
-0.3739003 -0.1600926 -0.9135476 0
0.1195572 0.6996729 0.492296 1

0.736932 0.6232267 -0.2617632 0
0.523999 -0.7713221 -0.3612308 0
-0.4270324 0.1290389 -0.8949821 0
0.1042002 0.6889678 0.4927925 1

0.949168 -0.2683637 -0.1645033 0
0.2765934 0.4616156 0.8428567 0
-0.1502549 -0.845513 0.5123784 0
0.481051 1.285412 0.1782307 1

0.766591 0.2094844 -0.6070046 0
0.5967943 0.1164801 0.7938952 0
0.2370124 -0.9708493 -0.03572675 0
0.5379874 1.351315 0.1886061 1

0.859438 -0.04466379 -0.5092857 0
0.442976 -0.4322571 0.7854467 0
-0.2552232 -0.9006438 -0.3517134 0
0.5654815 1.345277 0.1825825 1

0.8437703 -0.3293118 -0.423799 0
0.2448538 -0.466475 0.8499695 0
-0.4775966 -0.8209476 -0.3129646 0
0.5813922 1.327451 0.1725293 1

0.7894315 -0.5474095 -0.2777428 0
-0.1247207 -0.5860699 0.8006041 0
-0.6010349 -0.5973816 -0.5309355 0
0.5887102 1.310038 0.156454 1

0.4467497 0.8402863 -0.3071385 0
0.8937342 -0.4035573 0.1959113 0
0.04067367 -0.3620234 -0.9312817 0
0.159839 0.7423615 0.4151678 1

0.7775677 0.3737826 -0.5056433 0
0.3863392 -0.9184476 -0.08483212 0
-0.4961157 -0.1293869 -0.8585621 0
0.1700035 0.7088842 0.4956102 1

0.7766493 0.4257323 -0.4642934 0
0.2086482 -0.8693017 -0.4480856 0
-0.5943755 0.2511314 -0.7639709 0
0.1566688 0.6881578 0.5020102 1

0.7950069 0.4520386 -0.4045062 0
0.113516 -0.7659272 -0.6328272 0
-0.5958845 0.457184 -0.660231 0
0.1340214 0.6740015 0.4908748 1

0.7391043 0.6189485 -0.2657595 0
0.06025809 -0.4537145 -0.8891078 0
-0.6708907 0.641129 -0.3726391 0
0.1152042 0.67277 0.4852066 1

0.9805054 -0.01779815 -0.1956851 0
0.1813279 0.4656043 0.8662178 0
0.07569484 -0.8848141 0.4597548 0
0.4881732 1.297299 0.199934 1

0.7669609 0.2075167 -0.6072134 0
0.5969278 0.1165162 0.7937894 0
0.2354748 -0.9712676 -0.0345093 0
0.5545316 1.354544 0.2106143 1

0.8588149 -0.04619291 -0.5101994 0
0.4432618 -0.4322725 0.7852768 0
-0.2568194 -0.9005592 -0.3507667 0
0.5785343 1.33254 0.2057266 1

0.8440211 -0.3302969 -0.4225309 0
0.2435048 -0.4659475 0.8506461 0
-0.4778429 -0.8208512 -0.3128408 0
0.5878534 1.315141 0.1949585 1

0.7875307 -0.5493305 -0.2793419 0
-0.1247858 -0.5860245 0.8006273 0
-0.60351 -0.5956604 -0.5300611 0
0.5860715 1.297638 0.173393 1

0.3666774 0.7579976 -0.5394328 0
0.9277536 -0.3411902 0.1512047 0
-0.06943637 -0.5559041 -0.8283416 0
0.1829026 0.7319472 0.4202236 1

0.7779523 0.3738562 -0.5049971 0
0.3863187 -0.9184573 -0.08481893 0
-0.4955283 -0.1291048 -0.8589437 0
0.180724 0.6833985 0.4932563 1

0.7778534 0.4252656 -0.4627025 0
0.2086917 -0.8692781 -0.4481118 0
-0.5927834 0.252003 -0.7649202 0
0.1628298 0.6624886 0.4887788 1

0.794415 0.4525141 -0.4051373 0
0.1135419 -0.7659128 -0.6328399 0
-0.5966688 0.4567373 -0.6598319 0
0.1370233 0.6537482 0.4741408 1

0.7401899 0.617675 -0.2657005 0
0.05982095 -0.4540795 -0.888951 0
-0.6697316 0.6420978 -0.3730548 0
0.116485 0.6631261 0.4663083 1

0.90738 0.08389328 -0.4118538 0
0.0275205 0.9659166 0.2573862 0
0.4194094 -0.2448815 0.8741446 0
0.00817821 0.9002277 0.0170331 1

0.8823049 0.1521782 -0.4453987 0
0.05592411 0.9056937 0.420228 0
0.4673443 -0.3956777 0.7905874 0
0.01098047 0.9985815 0.04324128 1

-0.9884067 0.01418844 0.1511654 0
0.05190437 -0.9040626 0.4242365 0
0.1426822 0.4271643 0.8928451 0
0.07444803 0.845407 -0.04741955 1

-0.825406 0.4216173 0.3754252 0
0.08481613 -0.5648491 0.8208238 0
0.5581321 0.7093549 0.4304698 0
-0.07450362 0.8316351 0.02018857 1

0.8416933 0.1636458 -0.5145605 0
0.07334106 0.9094869 0.4092121 0
0.5349519 -0.3821696 0.7535071 0
0.01657437 1.089175 0.08527532 1

-0.9828517 -0.09302913 0.1592112 0
-0.03651668 -0.7481169 -0.6625613 0
0.180746 -0.6570134 0.7318908 0
0.09747877 0.4442612 0.1408204 1

-0.9822884 0.1646904 -0.08937007 0
-0.03870018 -0.644987 -0.7632132 0
-0.1833364 -0.7462365 0.6399367 0
-0.03686955 0.5810037 0.3843995 1

0.7954667 0.1694784 -0.5818161 0
0.1103889 0.9035084 0.4141099 0
0.5958583 -0.3936366 0.7000023 0
0.0234113 1.173958 0.1234225 1

-0.990527 -0.07001033 0.1181311 0
0.1313082 -0.7346326 0.6656373 0
0.04018138 0.6748434 0.7368663 0
0.0812187 0.1111411 -0.1542036 1

-0.9969995 -0.07485193 0.01973706 0
0.07740256 -0.9675674 0.2404627 0
0.001097769 0.2412688 0.9704579 0
-0.05410187 0.2938048 0.04455715 1

0.9459398 0.08522371 -0.3129458 0
0.00523111 0.9607273 0.2774444 0
0.3243004 -0.2640828 0.9083444 0
0.04202873 1.326338 0.1932634 1

-0.6329982 0.4207851 -0.6498101 0
0.7113179 -0.01512337 -0.7027077 0
-0.3055163 -0.9070345 -0.2897389 0
0.06731647 1.286034 0.1375503 1

0.6741374 -0.4237259 0.6049752 0
-0.7356786 -0.4580618 0.4989555 0
0.06569563 -0.781432 -0.6205226 0
-0.005392691 1.270541 0.1907299 1

-0.9893883 0.0008391142 0.1452928 0
0.1451005 -0.04603827 0.9883451 0
0.007518362 0.9989392 0.04542801 0
0.09936138 0.009637952 -0.06223345 1

-0.997573 -0.06954268 0.003484637 0
0.04422516 -0.5941565 0.8031331 0
-0.0537817 0.8013377 0.5957899 0
-0.04340729 0.1601173 0.07778154 1

0.9977689 -0.06676368 0.0001432896 0
0.06670538 0.996983 0.03969008 0
-0.002792627 -0.03959202 0.9992122 0
0.05173093 1.408586 0.2449885 1

-0.5956192 -0.7948971 -0.1156566 0
0.6768067 -0.4190721 -0.6052368 0
0.4326324 -0.4387678 0.7875988 0
0.1444104 1.284395 0.06138958 1

0.8713698 -0.001114558 0.4906256 0
-0.1665592 -0.9412821 0.2936772 0
0.4614897 -0.3376197 -0.8203903 0
-0.08512337 1.220898 0.2448052 1

-0.9889473 0.02402882 0.1463082 0
0.1451005 -0.04603827 0.9883451 0
0.03048459 0.9986505 0.04204297 0
0.112824 0.005366504 0.02946642 1

-0.9960154 -0.08854418 -0.01065841 0
0.04422516 -0.5941565 0.8031331 0
-0.0774456 0.7994612 0.5957048 0
-0.03930405 0.1049907 0.1522974 1

0.8107387 -0.1467709 -0.5667108 0
0.583682 0.2769566 0.7632894 0
0.04492564 -0.9496069 0.3102069 0
0.3328436 1.167719 -0.1071175 1

0.8046146 0.3985641 -0.4401616 0
0.5767036 -0.7011002 0.4193703 0
-0.1414516 -0.5912743 -0.7939687 0
-0.131496 0.9588305 0.3265694 1

0.9977689 -0.06676368 0.0001432896 0
0.06670538 0.996983 0.03969008 0
-0.002792627 -0.03959202 0.9992122 0
0.06543151 1.613573 0.3544582 1

0.9138674 -0.1002755 -0.3934355 0
0.3729579 0.590306 0.71585 0
0.1604651 -0.8009267 0.57686 0
0.4981937 1.246177 0.1091136 1

0.6957978 0.5634165 -0.4454519 0
0.7097906 -0.4445537 0.5464153 0
0.109832 -0.696372 -0.7092271 0
0.03187741 0.760217 0.4453722 1

0.9756574 0.153503 0.1566198 0
-0.1924216 0.2566296 0.9471618 0
0.105199 -0.9542422 0.2799198 0
0.4854035 1.25081 0.146389 1

0.7959118 0.2300185 -0.5600146 0
0.2315052 0.7390777 0.6325893 0
0.5594016 -0.6331314 0.53499 0
0.5123429 1.298063 0.1861937 1

0.8944132 -0.03587878 -0.4458005 0
0.3584755 0.6535454 0.6666137 0
0.2674335 -0.7560363 0.5974013 0
0.5337462 1.302448 0.1773521 1

0.8765292 -0.3202017 -0.3593991 0
0.4773086 0.4816493 0.7349765 0
-0.06223655 -0.8157726 0.5750146 0
0.5492603 1.297701 0.167192 1

0.8140661 -0.538375 -0.217828 0
0.4850293 0.4239343 0.7648702 0
-0.3194424 -0.7283076 0.6062379 0
0.5638817 1.28614 0.1547628 1

0.1656263 0.8235207 -0.5425698 0
0.9678272 -0.2414022 -0.07096222 0
-0.1894165 -0.5133604 -0.8370083 0
0.06977245 0.7533868 0.435723 1

0.756873 0.3648409 -0.5422496 0
0.6508721 -0.3455735 0.6759769 0
0.05923676 -0.8645635 -0.49902 0
0.1128275 0.7288462 0.4814061 1

0.7535703 0.4321324 -0.4953723 0
0.6572282 -0.5107827 0.554213 0
-0.01353444 -0.743211 -0.6689202 0
0.09954484 0.7178363 0.4974643 1

0.773048 0.4622135 -0.4344603 0
0.620586 -0.6929436 0.3670182 0
-0.1314158 -0.5533425 -0.8225217 0
0.08357049 0.7089346 0.5031236 1

0.7289441 0.6208935 -0.2883264 0
0.6840348 -0.6439119 0.3427448 0
0.02715117 -0.4470668 -0.8940883 0
0.06326353 0.6994714 0.5030124 1

0.9920306 -0.1207389 0.03602406 0
0.005616695 0.3280001 0.9446613 0
-0.1258731 -0.9369303 0.3260642 0
0.4773429 1.26156 0.1860655 1

0.7973862 0.2241908 -0.5602804 0
0.3992019 0.5003037 0.7683321 0
0.4525632 -0.836322 0.3094376 0
0.5209086 1.325408 0.2095994 1

0.8903153 -0.04097687 -0.4534974 0
0.449326 0.2404587 0.8603987 0
0.07379079 -0.9697941 0.2324959 0
0.5470098 1.326629 0.2020169 1

0.875513 -0.3204224 -0.361672 0
0.4038814 0.07439402 0.9117814 0
-0.2652491 -0.944349 0.1945457 0
0.5653898 1.313977 0.1920289 1

0.8134555 -0.5376284 -0.2219146 0
0.1935382 -0.109595 0.9749522 0
-0.548483 -0.836029 0.01490107 0
0.5813428 1.301401 0.1822981 1

0.4248708 0.8486645 -0.3150455 0
0.9051502 -0.4035383 0.1336419 0
-0.01371592 -0.3419442 -0.9396203 0
0.1102963 0.743279 0.4327517 1

0.7588448 0.3679348 -0.5373812 0
0.5789275 -0.7590484 0.2978068 0
-0.2983251 -0.5370937 -0.7890073 0
0.1369097 0.71606 0.5064173 1

0.7619154 0.4258175 -0.4880209 0
0.5442462 -0.8294086 0.1260047 0
-0.3511139 -0.3616085 -0.8636888 0
0.1238622 0.6989374 0.51797 1

0.7767385 0.4593037 -0.4309492 0
0.4537137 -0.8826278 -0.1229315 0
-0.4368307 -0.1000422 -0.8939635 0
0.103119 0.6871069 0.5146847 1

0.733222 0.6162359 -0.2874705 0
0.4657324 -0.76314 -0.4480075 0
-0.4954585 0.1946045 -0.8465518 0
0.08788877 0.6762905 0.5153512 1

0.9654145 -0.2417238 -0.09769765 0
0.2037195 0.4655311 0.8612661 0
-0.1627073 -0.8513814 0.4986743 0
0.4775349 1.272766 0.2183377 1

0.7975096 0.2192551 -0.562055 0
0.5483761 0.1249524 0.8268437 0
0.2515198 -0.9676333 -0.02058355 0
0.5322859 1.339667 0.2314969 1

0.8890896 -0.0330215 -0.4565408 0
0.4005185 -0.4267314 0.8108544 0
-0.221596 -0.9037755 -0.3661766 0
0.5602649 1.333723 0.2273987 1

0.8719333 -0.3180673 -0.3722445 0
0.1995327 -0.4634415 0.8633704 0
-0.4471236 -0.8270764 -0.3406251 0
0.5770608 1.316127 0.2183765 1

0.8149391 -0.5342183 -0.2246886 0
-0.1728358 -0.5940824 0.785617 0
-0.5531746 -0.6013958 -0.5764728 0
0.585407 1.2991 0.2027722 1

0.4597669 0.8305323 -0.3143734 0
0.8872868 -0.4150517 0.2011337 0
0.03656673 -0.3714139 -0.9277472 0
0.1412379 0.7294846 0.4373201 1

0.7623901 0.3675113 -0.5326322 0
0.3018003 -0.9300188 -0.2097185 0
-0.5724319 -0.0008611996 -0.819952 0
0.1534092 0.6944271 0.5149049 1

0.7634413 0.4193172 -0.4912542 0
0.1152567 -0.8368387 -0.5351794 0
-0.6355105 0.3519576 -0.6872062 0
0.1399175 0.6744698 0.5216872 1

0.783894 0.4450501 -0.4329444 0
0.009482861 -0.7057915 -0.7083562 0
-0.6208224 0.5511705 -0.557486 0
0.1165035 0.6610694 0.5110581 1

0.734926 0.612037 -0.2920532 0
-0.06545043 -0.3646373 -0.9288467 0
-0.6749818 0.7017484 -0.2279232 0
0.09766916 0.6602646 0.5059429 1

0.9919761 0.009728126 -0.1260501 0
0.1069707 0.4668269 0.8778554 0
0.06738336 -0.8842953 0.4620405 0
0.4827806 1.284753 0.240515 1

0.7979169 0.2172924 -0.5622391 0
0.5485151 0.1249902 0.8267459 0
0.2499201 -0.9680712 -0.01945626 0
0.5474877 1.343131 0.2544186 1

0.8885432 -0.03455824 -0.4574901 0
0.4008143 -0.4267429 0.8107024 0
-0.2232473 -0.9037125 -0.3653281 0
0.5720667 1.321149 0.2512915 1

0.8721204 -0.3190494 -0.3709634 0
0.198139 -0.4629321 0.8639647 0
-0.4473783 -0.8269832 -0.3405163 0
0.582326 1.303898 0.2411592 1

0.8131844 -0.5361524 -0.226432 0
-0.172903 -0.5940381 0.7856357 0
-0.5557301 -0.5997162 -0.5757648 0
0.5817502 1.28653 0.2193941 1

0.3788007 0.7472546 -0.5460045 0
0.9223038 -0.3536295 0.1558927 0
-0.07659182 -0.5626341 -0.8231505 0
0.164135 0.7187738 0.4425105 1

0.76283 0.3674875 -0.5320183 0
0.3017803 -0.9300283 -0.2097045 0
-0.571856 -0.0005836645 -0.8203539 0
0.1617837 0.6686204 0.5090854 1

0.7647348 0.4186423 -0.4898156 0
0.1152994 -0.8368152 -0.5352067 0
-0.6339454 0.3528158 -0.688211 0
0.1433208 0.6497592 0.5058841 1

0.7832806 0.4456165 -0.4334715 0
0.009508461 -0.7057775 -0.7083697 0
-0.6215956 0.5507306 -0.5570589 0
0.1167544 0.6424061 0.4923269 1

0.7359438 0.6107212 -0.2922444 0
-0.06588525 -0.3649982 -0.9286742 0
-0.6738294 0.7027064 -0.2283804 0
0.096278 0.6525141 0.4862001 1

0.902557 0.06546434 -0.4255646 0
0.06474618 0.9565006 0.2844546 0
0.4256745 -0.2842902 0.8590578 0
0.008825835 0.906143 0.02414123 1

0.8834067 0.1649325 -0.4386227 0
0.04686014 0.9002298 0.4328862 0
0.4662582 -0.4029685 0.7875403 0
0.01541857 1.003538 0.05310564 1

-0.9795918 -0.01220834 0.2006275 0
0.05799595 -0.9728683 0.2239736 0
0.1924496 0.2310382 0.9537213 0
0.07208422 0.8510432 -0.04304164 1

-0.9034231 0.3217261 0.2834064 0
0.06837234 -0.544441 0.836008 0
0.4232637 0.774646 0.4698632 0
-0.07607572 0.8402965 0.02681717 1

0.8479424 0.1736622 -0.5008346 0
0.06075725 0.9067466 0.417276 0
0.5265951 -0.3842553 0.7583176 0
0.02010584 1.093585 0.09640584 1

-0.9832098 -0.1145094 0.1420799 0
-0.02982616 -0.6672879 -0.7442026 0
0.1800262 -0.7359449 0.6526683 0
0.09781788 0.4193674 0.05633871 1

-0.9888794 0.08542244 -0.1217401 0
-0.02031624 -0.8885047 -0.4584178 0
-0.1473258 -0.4508467 0.8803593 0
-0.04573797 0.5987205 0.3977655 1

0.8073445 0.176905 -0.5629383 0
0.0941261 0.9031784 0.4188186 0
0.5825248 -0.391118 0.7125247 0
0.02576968 1.178113 0.1353047 1

-0.9907516 -0.07945974 0.1099908 0
0.129463 -0.7963012 0.5908841 0
0.04063416 0.5996589 0.7992234 0
0.08453695 0.1222387 -0.2750384 1

-0.9995914 0.01953527 0.02087507 0
0.0008027852 -0.7106845 0.7035104 0
0.02857885 0.7032397 0.7103783 0
-0.05478438 0.2030885 0.1936419 1

0.9445736 0.0738335 -0.3198894 0
0.006739628 0.9698163 0.2437436 0
0.3282304 -0.2323898 0.9155654 0
0.04164436 1.330437 0.2059398 1

-0.6167125 0.4244504 -0.662954 0
0.7157067 -0.04832792 -0.6967272 0
-0.3277652 -0.9041606 -0.2739776 0
0.06850447 1.290471 0.1507214 1

0.6566557 -0.4252578 0.6228637 0
-0.7518798 -0.4337275 0.4965454 0
0.05899329 -0.7943779 -0.6045524 0
-0.005290337 1.274299 0.2021755 1

-0.989363 -0.01017462 0.1451139 0
0.145441 -0.0492512 0.9881403 0
-0.002906948 0.9987348 0.05020696 0
0.1024247 0.01221484 -0.1933967 1

-0.9998686 0.01567752 0.004131109 0
0.002534539 -0.1005228 0.9949317 0
0.01601327 0.9948114 0.1004699 0
-0.05467344 0.1048942 0.290845 1

0.9975841 -0.06731544 0.01716289 0
0.06620336 0.9960764 0.05872488 0
-0.02104852 -0.0574468 0.9981267 0
0.05159913 1.414434 0.2547217 1

-0.5292821 -0.8361042 -0.1441884 0
0.719722 -0.352457 -0.5981425 0
0.4492893 -0.4203614 0.7883117 0
0.146074 1.285233 0.0752089 1

0.8696224 -0.06237797 0.489761 0
-0.2259167 -0.9323169 0.2823951 0
0.4389973 -0.3562222 -0.8248559 0
-0.08677684 1.227293 0.2559896 1

-0.9891639 0.01301332 0.1462404 0
0.145441 -0.0492512 0.9881403 0
0.02006146 0.998702 0.04682463 0
0.1159189 0.00764513 -0.1017159 1

-0.9999671 -0.007940423 0.001745105 0
0.002534539 -0.1005228 0.9949317 0
-0.007724759 0.9949031 0.1005397 0
-0.05443828 0.09556758 0.3831561 1

0.8182208 -0.05557492 -0.5722121 0
0.5637144 0.272978 0.7795573 0
0.1128774 -0.9604139 0.2546846 0
0.3464555 1.187103 -0.09132301 1

0.8332803 0.3031366 -0.4623334 0
0.5111275 -0.7411277 0.4352912 0
-0.2106955 -0.5990307 -0.7725088 0
-0.1496755 0.9677217 0.3346127 1

0.9975841 -0.06731544 0.01716289 0
0.06620336 0.9960764 0.05872488 0
-0.02104852 -0.0574468 0.9981267 0
0.06334645 1.617424 0.3680718 1

0.9332542 -0.0767784 -0.3509158 0
0.3265199 0.5885292 0.7396071 0
0.1497382 -0.8048221 0.574317 0
0.5061491 1.264435 0.1295166 1

0.682092 0.5656776 -0.4634213 0
0.7266341 -0.4530781 0.5164527 0
0.08217959 -0.689006 -0.7200816 0
-0.004879061 0.7577689 0.4579256 1

0.9657272 0.1641857 0.2010341 0
-0.2369026 0.2410666 0.9411506 0
0.1060607 -0.9565198 0.2717004 0
0.4915255 1.268332 0.1661972 1

0.8165979 0.2532679 -0.5186749 0
0.1865656 0.7345478 0.6524059 0
0.5462248 -0.6295198 0.5525789 0
0.5155749 1.315607 0.2077864 1

0.914893 -0.01363951 -0.4034667 0
0.3182868 0.639145 0.700134 0
0.2483242 -0.7689655 0.5890903 0
0.537275 1.320536 0.2000197 1

0.8955566 -0.301364 -0.3273505 0
0.4373696 0.4610254 0.7721165 0
-0.08177131 -0.8346469 0.5446817 0
0.5533451 1.316234 0.1905497 1

0.8346095 -0.5188246 -0.1850629 0
0.4394387 0.4245373 0.79162 0
-0.3321458 -0.7420171 0.5823141 0
0.5687721 1.305129 0.1786906 1

0.1499093 0.8287668 -0.5391408 0
0.963774 -0.2441637 -0.1073487 0
-0.2206056 -0.5035172 -0.8353464 0
0.03262794 0.7509052 0.4468845 1

0.7386352 0.3687505 -0.564306 0
0.6740286 -0.391363 0.6265144 0
0.01017889 -0.8431239 -0.5376229 0
0.07715242 0.7257108 0.490768 1

0.7379336 0.4347212 -0.5162089 0
0.6713591 -0.550824 0.4958528 0
-0.06878264 -0.7124678 -0.6983254 0
0.06439412 0.7145755 0.5071613 1

0.7597861 0.4635868 -0.4558647 0
0.621011 -0.7250753 0.2976761 0
-0.1925377 -0.509267 -0.8387948 0
0.04859128 0.7056714 0.5132796 1

0.7225658 0.6197335 -0.3063154 0
0.689907 -0.6745901 0.2625958 0
-0.04389814 -0.401072 -0.9149944 0
0.02825474 0.6962845 0.5137767 1

0.9910756 -0.1091358 0.07654572 0
-0.03839082 0.3162141 0.9479112 0
-0.1276558 -0.9423897 0.309202 0
0.4816017 1.278431 0.2056218 1

0.8181885 0.2474323 -0.5189848 0
0.3596345 0.4840266 0.7977356 0
0.4485878 -0.8393422 0.3070397 0
0.5224778 1.342785 0.2319254 1

0.9112289 -0.01857217 -0.4114819 0
0.4051496 0.2205409 0.8872519 0
0.07427028 -0.9752011 0.2084876 0
0.5490515 1.344184 0.2259248 1

0.894657 -0.3015069 -0.3296714 0
0.360264 0.05051232 0.9314821 0
-0.264196 -0.9521251 0.153813 0
0.5681249 1.331813 0.2166416 1

0.8341612 -0.5180619 -0.1891751 0
0.1367781 -0.1379673 0.9809471 0
-0.5342914 -0.8441429 -0.04422747 0
0.5845919 1.320412 0.207189 1

0.425744 0.8480608 -0.3154918 0
0.9040224 -0.4135185 0.1083804 0
-0.03854835 -0.3313538 -0.9427187 0
0.07298216 0.7406818 0.4423897 1

0.7409894 0.3715467 -0.559364 0
0.5583792 -0.8036308 0.2058889 0
-0.3730248 -0.4648986 -0.8029459 0
0.1020914 0.7112303 0.513949 1

0.746601 0.4277541 -0.5095227 0
0.5105576 -0.8594318 0.02660789 0
-0.4265185 -0.2800062 -0.8600459 0
0.0892344 0.694195 0.5255077 1

0.7637447 0.4602094 -0.4526609 0
0.3994711 -0.8877888 -0.2285922 0
-0.5070674 -0.00623899 -0.861884 0
0.0681532 0.6828315 0.5226563 1

0.7269163 0.614767 -0.3060304 0
0.3877123 -0.735217 -0.5559993 0
-0.5668086 0.2855131 -0.7727938 0
0.05309146 0.6719992 0.5232301 1

0.9780891 -0.2042894 -0.04009962 0
0.1285281 0.4410091 0.8882524 0
-0.1637762 -0.8739433 0.4576029 0
0.4802902 1.289233 0.238005 1

0.818433 0.2425368 -0.5209065 0
0.513028 0.09984935 0.852545 0
0.2587857 -0.9649901 -0.04270834 0
0.5327274 1.35658 0.2546609 1

0.9100617 -0.01054884 -0.4143389 0
0.3656503 -0.4502794 0.8145849 0
-0.1951613 -0.8928257 -0.4059249 0
0.5610035 1.35069 0.2520987 1

0.8915548 -0.2988799 -0.3402962 0
0.1596413 -0.4957515 0.8536658 0
-0.4238459 -0.8154149 -0.3942761 0
0.5785355 1.333272 0.2435586 1

0.8357441 -0.5145512 -0.1917532 0
-0.2204172 -0.6341842 0.7410983 0
-0.5029398 -0.5771027 -0.6434316 0
0.5874642 1.317515 0.2277889 1

0.4886554 0.8208691 -0.2956174 0
0.8713605 -0.4420283 0.2129363 0
0.04412165 -0.3616419 -0.9312725 0
0.1038851 0.7265461 0.4460946 1

0.7448788 0.370478 -0.5548887 0
0.2058506 -0.9187062 -0.3370526 0
-0.6346503 0.1368391 -0.7605882 0
0.1180052 0.6883269 0.5198168 1

0.7476137 0.4212797 -0.5134175 0
0.005839884 -0.7772033 -0.6292228 0
-0.6641085 0.4674171 -0.583508 0
0.1042958 0.6688418 0.5262926 1

0.770034 0.44569 -0.4565176 0
-0.1111978 -0.6108348 -0.7839108 0
-0.628238 0.6544015 -0.4208038 0
0.07993756 0.6566417 0.5159129 1

0.7280015 0.6108225 -0.3113036 0
-0.2050498 -0.2392934 -0.9490487 0
-0.6541931 0.7547415 -0.04895698 0
0.06123344 0.6565596 0.5115542 1

0.9971167 0.04879307 -0.05811951 0
0.03090894 0.4383371 0.8982795 0
0.06930564 -0.8974856 0.435565 0
0.4835998 1.300589 0.2608774 1

0.8188611 0.2405838 -0.5211395 0
0.5131707 0.09989122 0.8524544 0
0.2571439 -0.9654746 -0.04166353 0
0.5469496 1.359348 0.2782951 1

0.9095759 -0.01205751 -0.4153634 0
0.365953 -0.4502835 0.8144467 0
-0.1968515 -0.8928045 -0.4051546 0
0.5717778 1.337422 0.2761014 1

0.891685 -0.2999102 -0.3390462 0
0.1582161 -0.4952728 0.8542089 0
-0.4241063 -0.8153276 -0.3941768 0
0.5827482 1.32019 0.2660851 1

0.8341432 -0.5164124 -0.1937109 0
-0.2204861 -0.6341417 0.7411141 0
-0.5055608 -0.5754848 -0.6428266 0
0.5828007 1.304097 0.2434689 1

0.4098898 0.7425513 -0.5297243 0
0.9089377 -0.381097 0.169107 0
-0.07630572 -0.5508016 -0.8311409 0
0.1263713 0.7151393 0.4515896 1

0.7453633 0.3703505 -0.554323 0
0.2058311 -0.9187159 -0.3370381 0
-0.6340878 0.1371189 -0.7610069 0
0.1237172 0.662834 0.510464 1

0.748972 0.4203649 -0.512186 0
0.005881757 -0.7771797 -0.6292514 0
-0.6625758 0.468279 -0.5845585 0
0.1044682 0.645892 0.5077125 1

0.7694171 0.4463553 -0.4569075 0
-0.1111727 -0.610821 -0.7839251 0
-0.6289976 0.653961 -0.4203535 0
0.07699734 0.6404895 0.4951837 1

0.7289042 0.6094977 -0.3117871 0
-0.2054805 -0.2396535 -0.9488648 0
-0.6530516 0.7556975 -0.04944456 0
0.05687493 0.6514734 0.4913818 1

0.9156218 0.03308885 -0.4006767 0
0.1006125 0.9460368 0.3080446 0
0.3892477 -0.3223655 0.8628828 0
0.007861454 0.9225539 0.03116258 1

0.9003022 0.1706029 -0.4004379 0
0.0185193 0.9041389 0.426837 0
0.4348711 -0.3916981 0.8108389 0
0.01810626 1.018883 0.06252903 1

-0.9696341 -0.05217943 0.23893 0
0.04879965 -0.9986076 -0.02004334 0
0.2396431 -0.007774935 0.97083 0
0.07031424 0.8660812 -0.03563284 1

-0.9493088 0.2308763 0.2133296 0
0.05373862 -0.549461 0.8337897 0
0.3097184 0.8029878 0.5092008 0
-0.07999039 0.8606491 0.03014046 1

0.8687916 0.1722318 -0.46426 0
0.03460483 0.9141524 0.4038911 0
0.4939673 -0.3669628 0.7882478 0
0.01995869 1.109322 0.1052241 1

-0.9877707 -0.1127464 0.1076921 0
-0.01282856 -0.6295992 -0.7768144 0
0.1553857 -0.768696 0.620453 0
0.09196734 0.4229844 -0.04452638 1

-0.9989784 0.04285348 -0.01435211 0
-0.04062025 -0.9906188 -0.13048 0
-0.01980907 -0.1297639 0.9913472 0
-0.05614578 0.6168456 0.4001046 1

0.8318174 0.1692001 -0.5286312 0
0.06831635 0.9139529 0.4000286 0
0.550829 -0.368865 0.748683 0
0.02318458 1.19454 0.1428752 1

-0.9951447 -0.04355349 0.08826378 0
0.07943556 -0.8848993 0.4589593 0
0.05811512 0.4637422 0.8840623 0
0.08625507 0.1426377 -0.3904248 1

-0.995369 0.03410173 0.0898782 0
0.06454998 -0.4557214 0.8877793 0
0.07123409 0.8894694 0.4514093 0
-0.07423314 0.1757444 0.3420047 1

0.9517718 0.0453114 -0.3034426 0
0.01577317 0.9804997 0.1958863 0
0.3064013 -0.1912254 0.9324973 0
0.03470635 1.348681 0.2103414 1

-0.5989043 0.398 -0.6949173 0
0.7479144 -0.03218845 -0.6630144 0
-0.286248 -0.9168206 -0.2783923 0
0.06440382 1.307572 0.1574644 1

0.6475639 -0.4008117 0.6480826 0
-0.7559239 -0.4451778 0.4799955 0
0.09612405 -0.8007289 -0.5912642 0
-0.01162786 1.292105 0.2057827 1

-0.9911388 0.005301949 0.1327261 0
0.1318918 -0.07938062 0.9880806 0
0.01577464 0.9968305 0.07797797 0
0.09723058 0.02037233 -0.327011 1

-0.9968507 0.02503982 0.07524699 0
0.0788787 0.2149575 0.9734331 0
0.008199729 0.9763029 -0.2162557 0
-0.06531432 0.1127781 0.4646679 1

0.9975236 -0.05678699 0.04149479 0
0.05338274 0.9954448 0.07899285 0
-0.04579154 -0.0765821 0.9960111 0
0.04488486 1.434846 0.2551335 1

-0.4238721 -0.8910456 -0.1623894 0
0.7663573 -0.2572795 -0.5886458 0
0.4827308 -0.3739587 0.7919129 0
0.1454641 1.304084 0.08560575 1

0.863992 -0.1167772 0.4897763 0
-0.2705892 -0.9280145 0.2560681 0
0.4246165 -0.3537689 -0.8333957 0
-0.09355268 1.243858 0.2578033 1

-0.9905055 0.02844151 0.1345006 0
0.1318918 -0.07938062 0.9880806 0
0.03877926 0.9964387 0.07487567 0
0.1094676 0.01300728 -0.2353357 1

-0.9967645 0.001858566 0.08035898 0
0.0788787 0.2149575 0.9734331 0
-0.01546448 0.9766222 -0.2144086 0
-0.05799588 0.1327221 0.5549843 1

0.8400326 0.009178892 -0.5424581 0
0.5150439 0.3007534 0.8026689 0
0.1705139 -0.9536578 0.2479152 0
0.3588296 1.232453 -0.07828217 1

0.8528299 0.2977287 -0.4289978 0
0.4823817 -0.7637872 0.4288793 0
-0.1999733 -0.5727015 -0.7949994 0
-0.1688888 0.9854844 0.3290965 1

0.9975236 -0.05678699 0.04149479 0
0.05338274 0.9954448 0.07899285 0
-0.04579154 -0.0765821 0.9960111 0
0.05143991 1.635766 0.3725182 1

0.9553332 -0.02825061 -0.2941774 0
0.2555585 0.578885 0.7743271 0
0.1484198 -0.8149197 0.5602477 0
0.5047354 1.317653 0.1491047 1

0.6598244 0.5876719 -0.4682667 0
0.7482285 -0.4564716 0.4814436 0
0.06918046 -0.6680384 -0.740904 0
-0.03223578 0.7691125 0.450593 1

0.946363 0.1883583 0.2625228 0
-0.2990246 0.202789 0.9324491 0
0.1223978 -0.9609359 0.2482358 0
0.4877499 1.319852 0.184898 1

0.8354344 0.3018 -0.4593104 0
0.1157736 0.720338 0.6838932 0
0.5372577 -0.6245238 0.5668547 0
0.507192 1.366798 0.2291818 1

0.9375489 0.03400519 -0.3461877 0
0.2530946 0.6160425 0.7459457 0
0.2386324 -0.7869787 0.5689632 0
0.5290968 1.372835 0.2229176 1

0.9222857 -0.2588294 -0.2870475 0
0.3760469 0.4292769 0.8211641 0
-0.08931845 -0.8652912 0.4932478 0
0.5458825 1.369474 0.2143508 1

0.8660297 -0.4782113 -0.1459686 0
0.3714966 0.4200389 0.8279842 0
-0.3346387 -0.7712855 0.54142 0
0.5624609 1.359366 0.2031742 1

0.1220764 0.8450972 -0.5204883 0
0.963197 -0.2274036 -0.1433165 0
-0.2394773 -0.483837 -0.8417556 0
0.005001772 0.7630854 0.4382303 1

0.7160869 0.3949325 -0.5755415 0
0.6976286 -0.4322352 0.5713907 0
-0.0231086 -0.8106796 -0.585034 0
0.0511922 0.737351 0.4800288 1

0.7160722 0.4589408 -0.5259413 0
0.6889682 -0.5856863 0.4269595 0
-0.1120874 -0.6680905 -0.7355893 0
0.03909612 0.7255956 0.496491 1

0.7392796 0.4864016 -0.4657028 0
0.6276704 -0.7482259 0.2149132 0
-0.243917 -0.4511887 -0.8584483 0
0.02361037 0.7163048 0.5028408 1

0.7043889 0.6378529 -0.3114164 0
0.7016938 -0.6919097 0.1699609 0
-0.1070619 -0.3382375 -0.9349509 0
0.00342666 0.7066188 0.5036991 1

0.9882541 -0.08200434 0.1289536 0
-0.1005573 0.2864577 0.9528015 0
-0.1150735 -0.9545772 0.2748467 0
0.4752238 1.328347 0.2239581 1

0.8372692 0.2959797 -0.4597568 0
0.3017781 0.4510368 0.8399381 0
0.4559718 -0.8419988 0.2883191 0
0.5114756 1.39345 0.2544859 1

0.9345514 0.02933024 -0.3546173 0
0.3434637 0.1860765 0.9205478 0
0.09298593 -0.9820974 0.1638243 0
0.5384613 1.395628 0.2505176 1

0.9215243 -0.2588869 -0.2894318 0
0.3005748 0.003634607 0.9537514 0
-0.2458617 -0.9659009 0.08116429 0
0.5585901 1.383981 0.2421002 1

0.8657757 -0.4773907 -0.150102 0
0.0601562 -0.1984883 0.9782556 0
-0.4968036 -0.8559793 -0.1431284 0
0.5758348 1.374488 0.2329817 1

0.4126432 0.859943 -0.3003732 0
0.9092667 -0.4085621 0.0794431 0
-0.05440441 -0.3059008 -0.9505078 0
0.04533174 0.7535638 0.4322296 1

0.7187358 0.3973895 -0.5705262 0
0.5427758 -0.8335119 0.1032091 0
-0.4345262 -0.383848 -0.8147685 0
0.07700442 0.7213582 0.5011703 1

0.7251319 0.4513484 -0.5200655 0
0.4809639 -0.8724564 -0.08656497 0
-0.4928057 -0.1873617 -0.8497285 0
0.06458791 0.7039252 0.5122885 1

0.7435247 0.4825634 -0.4629293 0
0.3499059 -0.8706936 -0.3456278 0
-0.5698569 0.09500118 -0.8162341 0
0.04338204 0.6927357 0.5096107 1

0.7088597 0.6326811 -0.3118218 0
0.3146544 -0.6792973 -0.6629838 0
-0.631277 0.3718463 -0.6806025 0
0.0286876 0.6817101 0.5098177 1

0.9894026 -0.1395417 0.04013491 0
0.01769972 0.3902607 0.9205344 0
-0.1441158 -0.9100684 0.3885947 0
0.4717885 1.338133 0.2565084 1

0.8377404 0.2911857 -0.4619542 0
0.4677349 0.05393693 0.8822216 0
0.2818067 -0.9551451 -0.09101264 0
0.5200762 1.406305 0.2784242 1

0.9333141 0.0374473 -0.3571032 0
0.328545 -0.4902937 0.8072611 0
-0.1448557 -0.8707525 -0.4699011 0
0.5485935 1.401118 0.2776738 1

0.9190184 -0.2557338 -0.3000088 0
0.1137876 -0.5565527 0.8229833 0
-0.3774355 -0.7904741 -0.4823831 0
0.5672759 1.384086 0.2696606 1

0.8674241 -0.4736811 -0.1523208 0
-0.2730808 -0.7091162 0.6500625 0
-0.4159356 -0.522284 -0.744458 0
0.5770981 1.370319 0.2535249 1

0.5212996 0.816595 -0.2478303 0
0.8494025 -0.4685256 0.2428981 0
0.08223462 -0.3371302 -0.9378597 0
0.076414 0.7395976 0.4349452 1

0.7228839 0.3957466 -0.5664129 0
0.1246704 -0.8809848 -0.4564243 0
-0.6796293 0.2593266 -0.6861876 0
0.09247357 0.6976032 0.5041118 1

0.7256932 0.4450506 -0.5246897 0
-0.0924072 -0.6926527 -0.7153271 0
-0.6817847 0.5675931 -0.4615278 0
0.07877642 0.6781877 0.5097349 1

0.7490112 0.4681363 -0.4688609 0
-0.2200896 -0.4916717 -0.8425079 0
-0.6249342 0.7342393 -0.2652357 0
0.05370427 0.6670502 0.4994147 1

0.7093347 0.629182 -0.3177642 0
-0.3316313 -0.0999047 -0.9381043 0
-0.6219845 0.7708105 0.1377907 0
0.03529531 0.6674447 0.4958951 1

0.9926254 0.1148697 0.03873035 0
-0.08001354 0.3808326 0.9211757 0
0.09106529 -0.9174813 0.3872152 0
0.4722442 1.348182 0.2802119 1

0.8382226 0.2892602 -0.4622895 0
0.4678809 0.05398712 0.8821412 0
0.2801262 -0.955727 -0.0900861 0
0.5330428 1.4078 0.302881 1

0.9329339 0.03599284 -0.3582441 0
0.3288556 -0.4902817 0.8071419 0
-0.1465892 -0.8708205 -0.4692369 0
0.5582744 1.386671 0.3014607 1

0.919089 -0.2568541 -0.2988337 0
0.1123185 -0.556143 0.823462 0
-0.3777039 -0.7903992 -0.4822955 0
0.5702785 1.3694 0.2913776 1

0.8660916 -0.4753768 -0.1546032 0
-0.2731523 -0.709077 0.6500754 0
-0.4186565 -0.5207945 -0.7439762 0
0.5713202 1.355316 0.2672788 1

0.4525359 0.7465958 -0.4876539 0
0.8904911 -0.4073478 0.2027155 0
-0.04729816 -0.5259874 -0.8491764 0
0.09833355 0.7275069 0.4412134 1

0.7234002 0.3955277 -0.5659065 0
0.1246515 -0.8809951 -0.4564094 0
-0.6790833 0.2596254 -0.6866152 0
0.09593295 0.673157 0.4914466 1

0.7270935 0.4439259 -0.5237033 0
-0.09236653 -0.6926279 -0.7153566 0
-0.6802968 0.5685036 -0.4626015 0
0.07604763 0.6577346 0.4886121 1

0.7484012 0.4688766 -0.4690954 0
-0.2200654 -0.4916569 -0.8425228 0
-0.6256733 0.7337769 -0.2647733 0
0.04788459 0.654049 0.477136 1

0.7101123 0.6279144 -0.3185338 0
-0.3320509 -0.1002758 -0.9379164 0
-0.6208726 0.7717956 0.1372927 0
0.02824641 0.6653214 0.4759553 1

0.9314758 0.01463504 -0.3635087 0
0.1123149 0.9388133 0.3255993 0
0.346032 -0.3441153 0.8728382 0
0.006120582 0.9421479 0.04010839 1

0.9178262 0.1697879 -0.3588413 0
-0.01051757 0.9140053 0.4055658 0
0.396843 -0.3684648 0.8406838 0
0.01755697 1.037742 0.07326233 1

-0.9558302 -0.1065182 0.2739395 0
0.0444574 -0.9736924 -0.2234883 0
0.2905382 -0.2014381 0.9354198 0
0.0697357 0.8849787 -0.02497568 1

-0.9429436 0.2273089 0.2432861 0
0.05520067 -0.6138519 0.7874889 0
0.3283449 0.7559872 0.56628 0
-0.08317146 0.8825759 0.0346963 1

0.8907322 0.163358 -0.4241583 0
0.01142926 0.9248383 0.3801885 0
0.4543847 -0.3434941 0.8219163 0
0.01650494 1.129167 0.1138298 1

-0.9864795 -0.1349348 0.0930118 0
0.009966165 -0.6158811 -0.7877761 0
0.1635825 -0.7761979 0.6088988 0
0.0894621 0.4529371 -0.1241407 1

-0.996301 0.07146491 0.04771933 0
-0.06207407 -0.9825308 0.1754431 0
0.05942371 0.171832 0.9833325 0
-0.05867816 0.6102012 0.3841161 1

0.8582768 0.1535452 -0.489678 0
0.04856568 0.9256061 0.3753594 0
0.5108836 -0.3459438 0.7869694 0
0.01757038 1.215381 0.1492713 1

-0.9961894 -0.0598327 0.0634605 0
0.068746 -0.9864257 0.149126 0
0.05367634 0.1529205 0.9867797 0
0.09389979 0.1786987 -0.4749202 1

-0.9903407 0.03253733 0.1347841 0
0.122242 -0.2538928 0.9594766 0
0.06543956 0.9666849 0.247463 0
-0.08631837 0.1727015 0.4622372 1

0.961219 0.004524214 -0.275749 0
0.04243543 0.9855316 0.1640932 0
0.2725018 -0.169431 0.9471198 0
0.02576114 1.371488 0.2125769 1

-0.5798296 0.3652405 -0.7282835 0
0.7826595 0.001341558 -0.6224488 0
-0.2263665 -0.9309123 -0.2866368 0
0.05810976 1.328818 0.1625699 1

0.6435602 -0.3717538 0.6690513 0
-0.752321 -0.4681171 0.4635511 0
0.1408674 -0.8016642 -0.5809397 0
-0.02034039 1.314782 0.2073278 1

-0.9893775 -3.166497E-08 0.1453702 0
0.1428847 -0.1841256 0.9724617 0
0.02676638 0.9829029 0.1821697 0
0.1033984 0.04240561 -0.4543157 1

-0.9922518 0.02034843 0.1225662 0
0.1197397 0.41983 0.8996695 0
-0.03315006 0.9073746 -0.4190136 0
-0.06942838 0.1376215 0.5948067 1

0.9964153 -0.06224329 0.05729142 0
0.05633013 0.9934317 0.09960043 0
-0.06311455 -0.09601621 0.9933768 0
0.03746731 1.458742 0.2548144 1

-0.3429115 -0.9279726 -0.1458734 0
0.7832046 -0.1966968 -0.5898315 0
0.5186545 -0.3165086 0.7942418 0
0.1429358 1.328964 0.09510779 1

0.8605432 -0.1598029 0.4836617 0
-0.3098913 -0.9178274 0.2481143 0
0.4042683 -0.3633955 -0.8393514 0
-0.1018747 1.264048 0.2575661 1

-0.9884894 0.02281765 0.14956 0
0.1428847 -0.1841256 0.9724617 0
0.04972712 0.9826379 0.1787459 0
0.1166554 0.02532232 -0.3640894 1

-0.9911854 -0.001195347 0.1324776 0
0.1197397 0.41983 0.8996695 0
-0.05669346 0.9076021 -0.4159862 0
-0.05831878 0.1765739 0.6782793 1

0.852913 0.01755771 -0.5217574 0
0.4857035 0.3397213 0.8054079 0
0.1913931 -0.9403622 0.2812249 0
0.3609918 1.2742 -0.06911023 1

0.8677433 0.3016857 -0.3949775 0
0.4641277 -0.7761369 0.4268454 0
-0.1777835 -0.5537122 -0.8135082 0
-0.1881532 1.008511 0.3266448 1

0.9964153 -0.06224329 0.05729142 0
0.05633013 0.9934317 0.09960043 0
-0.06311455 -0.09601621 0.9933768 0
0.04288662 1.657273 0.3762523 1

0.9657636 -0.01270432 -0.2591125 0
0.2194075 0.5729406 0.7896834 0
0.1384235 -0.8194985 0.5561124 0
0.4985857 1.370439 0.1590526 1

0.6401998 0.5958771 -0.4848454 0
0.7670506 -0.4611972 0.4460158 0
0.04216124 -0.6574404 -0.7523263 0
-0.05667121 0.7886409 0.4475652 1

0.9356501 0.1872505 0.2991599 0
-0.3328497 0.1863379 0.9243861 0
0.1173468 -0.9644771 0.2366732 0
0.4802722 1.372003 0.1942188 1

0.8479131 0.3178841 -0.4242562 0
0.08196054 0.7120522 0.6973266 0
0.5237615 -0.6260446 0.5777044 0
0.4974622 1.418667 0.2397146 1

0.9490974 0.04861211 -0.311209 0
0.2217181 0.5986791 0.7696914 0
0.2237304 -0.7995125 0.5574264 0
0.519501 1.425055 0.2343293 1

0.9333848 -0.246215 -0.2610959 0
0.3440937 0.4073228 0.8459834 0
-0.1019436 -0.8794695 0.4649098 0
0.5366321 1.422008 0.2263489 1

0.8776856 -0.4645876 -0.1175861 0
0.3345725 0.418343 0.8444232 0
-0.3431172 -0.7804793 0.5226117 0
0.5537399 1.412242 0.2156768 1

0.1003142 0.8526018 -0.5128425 0
0.9574763 -0.2228635 -0.1832246 0
-0.2705116 -0.4726544 -0.8387021 0
-0.01992164 0.7828844 0.4337042 1

0.6932957 0.4050797 -0.5960299 0
0.7172027 -0.4686736 0.5157182 0
-0.07043669 -0.7850195 -0.6154537 0
0.02788787 0.7566892 0.47334 1

0.6946847 0.4680315 -0.5462231 0
0.6990521 -0.6182398 0.3593133 0
-0.1695269 -0.6314479 -0.75666 0
0.01645507 0.7446735 0.4900858 1

0.7198868 0.494911 -0.4866478 0
0.6230716 -0.7697344 0.1388912 0
-0.3058508 -0.4032023 -0.8624865 0
0.001243045 0.7352546 0.4968918 1

0.6893077 0.6451293 -0.3296412 0
0.7021829 -0.7069256 0.08482461 0
-0.1783091 -0.2899388 -0.940288 0
-0.01887303 0.7255048 0.4983849 1

0.983745 -0.0842746 0.1585674 0
-0.13008 0.2743122 0.9528023 0
-0.123794 -0.9579411 0.2588906 0
0.4663292 1.379809 0.2329413 1

0.8498176 0.3120049 -0.4248093 0
0.2816275 0.412484 0.866339 0
0.4455289 -0.8558682 0.2626671 0
0.5004947 1.445014 0.2655157 1

0.9464431 0.04412605 -0.319841 0
0.3100898 0.1517319 0.9385211 0
0.08994323 -0.9874364 0.1299226 0
0.5277047 1.447206 0.2628079 1

0.9326795 -0.2462805 -0.2635427 0
0.2613496 -0.04216737 0.964323 0
-0.2486069 -0.968281 0.02503667 0
0.54826 1.435772 0.2549369 1

