MeshAnim
1
43
65
30
0.988951 -0.1147858 0.09380919 0
0.1019161 0.9859897 0.1320511 0
-0.1076525 -0.1210314 0.986794 0
-0.03027485 1.022741 0.003459713 1

0.9890099 -0.08783539 0.1189304 0
0.08232754 0.9953268 0.05046787 0
-0.1228075 -0.04012198 0.9916191 0
-0.01989731 1.123139 0.01690574 1

-0.9973583 -0.04174569 0.0594435 0
0.0525762 -0.9795469 0.1942258 0
0.05011957 0.1968381 0.9791542 0
0.04562258 0.9483809 -0.0127053 1

-0.9803947 0.03903788 -0.1931387 0
-0.1229092 -0.8872756 0.4445623 0
-0.1540124 0.459585 0.8746781 0
-0.1167195 0.9672233 -0.02810463 1

0.9844477 -0.05340365 0.1673643 0
0.01664557 0.9767453 0.2137558 0
-0.1748877 -0.2076456 0.9624436 0
-0.01166236 1.222698 0.02195387 1

-0.9774094 -0.09589846 0.1883459 0
0.03542276 -0.95286 -0.3013353 0
0.2083648 -0.2878563 0.9347315 0
0.06895143 0.5137417 0.07347552 1

-0.9948248 -0.0733351 -0.07032608 0
0.1005246 -0.8110973 -0.5762087 0
-0.01478495 -0.5802961 0.8142715 0
-0.171256 0.5735268 0.1691538 1

0.9756414 -0.02729186 0.2176668 0
-0.06163556 0.9181588 0.3913893 0
-0.2105345 -0.3952717 0.8941116 0
-0.01011065 1.313751 0.04188039 1

-0.9782441 3.838539E-05 0.207457 0
0.1640787 -0.6117959 0.7738112 0
0.126951 0.7910156 0.5984795 0
0.08472439 0.089454 -0.06070253 1

-0.9826398 -0.1411584 -0.1203893 0
0.05847596 -0.8514923 0.5210965 0
-0.1760677 0.5050102 0.8449645 0
-0.1264946 0.2123627 -0.08741943 1

0.9901252 -0.04318596 0.1333672 0
-0.0158968 0.9106398 0.4128952 0
-0.1392808 -0.4109381 0.9009612 0
-0.02050568 1.468602 0.1078895 1

0.05750563 0.5689207 -0.8203793 0
0.9725188 -0.2176231 -0.08274814 0
-0.2256106 -0.793076 -0.5658008 0
0.0292735 1.418488 0.08843485 1

-0.375087 -0.535806 0.7564533 0
-0.8773533 -0.05825239 -0.476296 0
0.2992674 -0.8423293 -0.4482415 0
-0.05990407 1.420981 0.06853846 1

-0.9782282 -0.0002697781 0.2075318 0
0.2074571 0.02558884 0.9779092 0
-0.005574301 0.9996727 -0.0249757 0
0.1073949 0.004923105 0.04621393 1

-0.9830244 -0.1374406 -0.1215456 0
-0.07077034 -0.3271613 0.9423149 0
-0.1692773 0.9349203 0.3118807 0
-0.118415 0.09471309 -0.01542025 1

0.9989522 0.03796809 -0.02555311 0
-0.03633519 0.9974401 0.06158833 0
0.02782605 -0.06059524 0.9977745 0
-0.02594776 1.541998 0.1720585 1

0.1680172 0.7052284 -0.688784 0
0.5965978 -0.628974 -0.4984604 0
-0.7847556 -0.327177 -0.5264162 0
0.1346768 1.394902 0.07946647 1

0.1239023 -0.3957021 0.9099823 0
-0.5232216 -0.8052588 -0.2789221 0
0.8431413 -0.4415634 -0.3068134 0
-0.154989 1.414667 0.01691891 1

-0.978094 0.02293727 0.2068961 0
0.2074571 0.02558884 0.9779092 0
0.01713637 0.9994094 -0.02978668 0
0.1266431 0.007297039 0.1369455 1

-0.9787295 -0.1595938 -0.1289144 0
-0.07077034 -0.3271613 0.9423149 0
-0.1925633 0.9313945 0.3089079 0
-0.1249812 0.06435871 0.072009 1

0.7138451 -0.330301 -0.6175165 0
-0.06920645 -0.9107402 0.4071399 0
-0.6968758 -0.2478986 -0.6729863 0
0.3007787 1.219786 -0.05931248 1

0.6423904 0.3977763 0.6550639 0
-0.09799148 -0.8051051 0.5849816 0
0.7600871 -0.4399771 -0.4782131 0
-0.3006619 1.190471 -0.06073724 1

0.9989522 0.03796809 -0.02555311 0
-0.03633519 0.9974401 0.06158833 0
0.02782605 -0.06059524 0.9977745 0
-0.03074784 1.744955 0.2859731 1

0.4551865 -0.3798734 -0.805296 0
-0.3182721 -0.9140872 0.2512916 0
-0.8315697 0.1419188 -0.5369834 0
0.2811731 0.9617835 0.05602566 1

0.4601896 0.6485431 0.6063144 0
0.1810776 -0.7371323 0.6510351 0
0.8691585 -0.1898096 -0.4566573 0
-0.3284218 0.9623942 0.1049812 1

0.01371119 -0.7016004 -0.7124387 0
-0.8756665 -0.3523994 0.3301859 0
-0.4827219 0.6193314 -0.6192001 0
0.2480321 0.9516746 0.07536434 1

0.530607 -0.2037612 -0.8227621 0
-0.723594 -0.6144173 -0.3144892 0
-0.4414386 0.7622159 -0.4734547 0
0.2375912 0.8878453 0.09433153 1

0.5306072 -0.2037609 -0.8227622 0
-0.7235935 -0.6144179 -0.3144889 0
-0.4414394 0.7622154 -0.4734545 0
0.2508336 0.8746482 0.07997961 1

0.530607 -0.2037615 -0.822762 0
-0.7235939 -0.6144176 -0.3144888 0
-0.4414388 0.7622156 -0.4734549 0
0.2603305 0.8715448 0.06365106 1

0.5306073 -0.2037603 -0.8227622 0
-0.7235937 -0.6144174 -0.3144898 0
-0.4414389 0.7622161 -0.4734541 0
0.2687457 0.8741874 0.04305634 1

0.07070333 0.9381451 0.3389465 0
0.8033323 -0.2549852 0.5381817 0
0.5913188 0.2342355 -0.7716707 0
-0.2979155 0.958616 0.1300986 1

0.5117504 0.4902484 0.7055268 0
0.6601146 -0.7499718 0.04232068 0
0.5498729 0.4440711 -0.7074184 0
-0.2970247 0.9089195 0.1756223 1

0.5117507 0.4902473 0.7055274 0
0.6601145 -0.7499718 0.04231917 0
0.5498726 0.4440721 -0.707418 0
-0.3111591 0.8921208 0.1670475 1

0.5117505 0.4902478 0.7055272 0
0.6601145 -0.749972 0.0423204 0
0.5498731 0.4440712 -0.707418 0
-0.3201444 0.8831043 0.1527501 1

0.5117505 0.4902479 0.7055269 0
0.6601149 -0.7499716 0.04231974 0
0.5498724 0.4440717 -0.7074182 0
-0.327079 0.8772409 0.1322691 1

0.2444609 -0.5359299 -0.8080953 0
-0.737648 -0.6437067 0.2037576 0
-0.6293765 0.5462791 -0.552689 0
0.2113506 0.9369125 0.0891957 1

0.5616211 -0.1862066 -0.8061693 0
-0.8195496 -0.2590503 -0.5111082 0
-0.1136668 0.9477448 -0.2980937 0
0.2108181 0.8651119 0.08269541 1

0.561621 -0.1862063 -0.8061695 0
-0.8195496 -0.2590511 -0.5111078 0
-0.1136675 0.9477447 -0.2980937 0
0.2240606 0.8519146 0.06834354 1

0.5616214 -0.1862063 -0.8061692 0
-0.8195495 -0.2590505 -0.5111083 0
-0.1136671 0.9477448 -0.2980936 0
0.2358783 0.8507819 0.05302369 1

0.5616212 -0.1862059 -0.8061695 0
-0.8195496 -0.2590501 -0.5111084 0
-0.1136669 0.9477451 -0.2980929 0
0.2426963 0.8520683 0.0317347 1

0.2721437 0.8096551 0.5199965 0
0.6344736 -0.5572658 0.5356288 0
0.7234507 0.1841562 -0.665361 0
-0.2642792 0.9479394 0.1526328 1

0.5412214 0.4646645 0.7008325 0
0.8063836 -0.5230803 -0.2759219 0
0.2383806 0.7144748 -0.6578 0
-0.2726004 0.8811705 0.1771881 1

0.5412217 0.4646633 0.7008331 0
0.806383 -0.5230806 -0.2759227 0
0.238381 0.7144753 -0.6577991 0
-0.2867348 0.8643718 0.1686132 1

0.5412215 0.4646634 0.7008328 0
0.8063829 -0.5230811 -0.2759218 0
0.2383817 0.7144747 -0.6577992 0
-0.2993508 0.8594802 0.1540832 1

0.5412224 0.4646628 0.7008326 0
0.8063825 -0.5230812 -0.275923 0
0.2383813 0.714475 -0.6577994 0
-0.3033149 0.850242 0.1337926 1

0.345344 -0.4160343 -0.8412212 0
-0.5902616 -0.7931625 0.1499481 0
-0.7296088 0.4447569 -0.519483 0
0.1861506 0.9149218 0.09615669 1

0.5600287 -0.1833057 -0.8079399 0
-0.8175815 0.03533366 -0.5747283 0
0.1338982 0.9824208 -0.1300794 0
0.187461 0.857729 0.06812885 1

0.5778551 -0.1830344 -0.7953503 0
-0.8140832 -0.06013393 -0.5776267 0
0.05789785 0.9812656 -0.1837538 0
0.1998839 0.8442726 0.05326587 1

0.5778547 -0.1830348 -0.7953504 0
-0.8140835 -0.06013376 -0.5776266 0
0.05789822 0.9812658 -0.1837541 0
0.212196 0.8432963 0.03825425 1

0.5778545 -0.1830342 -0.7953508 0
-0.8140835 -0.06013292 -0.5776262 0
0.05789847 0.981266 -0.1837533 0
0.2254858 0.8466283 0.02100143 1

0.3543218 0.7072808 0.6117271 0
0.4714814 -0.7000524 0.5363132 0
0.807565 0.09839056 -0.5815135 0
-0.2425904 0.9288899 0.1709426 1

0.539215 0.4629543 0.703506 0
0.8420967 -0.2854989 -0.4575627 0
-0.01098043 0.8391447 -0.5437973 0
-0.2496184 0.8662627 0.1693243 1

0.5574576 0.455766 0.6939154 0
0.8275147 -0.3722826 -0.4202684 0
0.06678864 0.8085068 -0.5846846 0
-0.2629465 0.8489409 0.1604734 1

0.557457 0.4557663 0.6939155 0
0.8275149 -0.372282 -0.420268 0
0.06678864 0.8085068 -0.5846846 0
-0.2755625 0.8440493 0.1459434 1

0.5574577 0.4557659 0.6939152 0
0.8275145 -0.3722819 -0.4202687 0
0.06678801 0.8085071 -0.5846844 0
-0.2863808 0.8392572 0.1279982 1

0.4459546 -0.5837627 -0.6784878 0
-0.6370576 -0.7394873 0.2175226 0
-0.6287149 0.3352306 -0.7016684 0
0.1709515 0.8944981 0.1000179 1

0.5604386 -0.1813413 -0.8080993 0
-0.8174838 0.03530212 -0.574869 0
0.1327749 0.9827865 -0.1284589 0
0.1647961 0.8587085 0.05219629 1

0.5782324 -0.1811912 -0.795498 0
-0.8138909 -0.06019421 -0.5778914 0
0.05682445 0.9816039 -0.182276 0
0.1758959 0.8425008 0.03624532 1

0.5765696 -0.182844 -0.7963265 0
-0.815006 -0.05984159 -0.5763541 0
0.05772933 0.9813191 -0.1835217 0
0.1907138 0.8417094 0.02301175 1

0.5779661 -0.1799581 -0.7959714 0
-0.8141314 -0.06011815 -0.5775607 0
0.05608428 0.9818355 -0.1812559 0
0.2082615 0.845356 0.008780091 1

0.4990154 0.7661411 0.4049836 0
0.5151457 -0.6380482 0.5722931 0
0.6968563 -0.07695748 -0.71307 0
-0.2304234 0.9108245 0.1847826 1

0.539245 0.462313 0.7039045 0
0.8420826 -0.2855109 -0.4575811 0
-0.01057315 0.8394941 -0.543266 0
-0.2262514 0.8583405 0.1566276 1

0.5572733 0.45413 0.6951351 0
0.8275457 -0.3722571 -0.4202295 0
0.06793023 0.8094386 -0.583262 0
-0.2385111 0.837948 0.1480635 1

0.5574961 0.4565759 0.6933517 0
0.8275326 -0.3722678 -0.4202452 0
0.06623882 0.8080564 -0.5853695 0
-0.2536803 0.834205 0.1348304 1

0.557841 0.4542787 0.6945819 0
0.827185 -0.3725505 -0.4206792 0
0.06766133 0.8092198 -0.5835965 0
-0.2687917 0.8313442 0.1190652 1

0.9894137 -0.118253 0.08412325 0
0.1082195 0.9874277 0.1152172 0
-0.09669041 -0.1048937 0.9897718 0
-0.02683098 1.026013 -0.002455704 1

0.9888216 -0.08913518 0.119527 0
0.08552282 0.9957203 0.03502878 0
-0.1221378 -0.02441493 0.9922128 0
-0.0158116 1.126557 0.009276217 1

-0.9963662 -0.04269336 0.0737019 0
0.05191234 -0.9904038 0.1280837 0
0.06752633 0.1314443 0.989021 0
0.04851181 0.9510267 -0.0183208 1

-0.985442 0.03717512 -0.1658988 0
-0.1149697 -0.8645682 0.489187 0
-0.1252452 0.5011386 0.8562557 0
-0.1139062 0.9704383 -0.03213011 1

0.981056 -0.0494462 0.1873077 0
0.01055501 0.9790847 0.2031789 0
-0.1934365 -0.1973528 0.9610589 0
-0.007257029 1.226156 0.01278003 1

-0.9776823 -0.09656069 0.1865841 0
0.03151031 -0.9454684 -0.3241864 0
0.207713 -0.3110719 0.9274101 0
0.07154608 0.5115701 0.03851182 1

-0.9964656 -0.06062154 -0.05815331 0
0.08039505 -0.8889421 -0.4509087 0
-0.02436011 -0.4539902 0.8906737 0
-0.1649199 0.5868173 0.1849289 1

0.9661914 -0.02178317 0.2569038 0
-0.08125685 0.9199174 0.3836003 0
-0.2446863 -0.3915066 0.8870463 0
-0.006273083 1.317427 0.03172055 1

-0.9781121 -0.0009703636 0.208077 0
0.1650541 -0.6125375 0.7730167 0
0.1267049 0.7904409 0.5992905 0
0.08557692 0.09057373 -0.1058413 1

-0.9859431 -0.1365095 -0.09634081 0
0.04352812 -0.7665547 0.6407024 0
-0.1613125 0.6275025 0.7617211 0
-0.1291217 0.1909906 -0.01585092 1

0.9846581 -0.04135878 0.1695226 0
-0.03092525 0.9147639 0.4028035 0
-0.1717326 -0.4018663 0.8994506 0
-0.01997731 1.472574 0.09641598 1

0.0946238 0.5628473 -0.821127 0
0.9778943 -0.207047 -0.02923259 0
-0.1864652 -0.8002091 -0.5699967 0
0.03075792 1.422582 0.07925308 1

-0.4038081 -0.5379956 0.7399324 0
-0.847675 -0.08415901 -0.5237981 0
0.3440731 -0.838736 -0.4220614 0
-0.05755585 1.424571 0.05577027 1

-0.9782813 -0.00227467 0.2072698 0
0.2071676 0.02252775 0.978046 0
-0.006894052 0.9997438 -0.02156729 0
0.1083822 0.005940199 0.0009654181 1

-0.9864215 -0.1414562 -0.0834453 0
-0.06058668 -0.1588252 0.985446 0
-0.1526507 0.9771208 0.1480981 0
-0.1231074 0.08507663 0.07267404 1

0.9988105 0.044822 -0.01920388 0
-0.04382513 0.9978114 0.04951542 0
0.02138126 -0.04861491 0.9985887 0
-0.02774532 1.546613 0.1595993 1

0.2089362 0.7043355 -0.6784227 0
0.6434521 -0.6214234 -0.4469928 0
-0.7364206 -0.3431394 -0.5830441 0
0.1367438 1.400142 0.0760848 1

0.04710191 -0.4526747 0.890431 0
-0.5614145 -0.7493007 -0.3512298 0
0.8261932 -0.4833572 -0.2894317 0
-0.1494244 1.41545 -0.0009974216 1

-0.9781777 0.02093458 0.2067132 0
0.2071676 0.02252775 0.978046 0
0.01581818 0.9995272 -0.02637317 0
0.1276035 0.008030415 0.09170973 1

-0.98252 -0.1646099 -0.08693712 0
-0.06058668 -0.1588252 0.985446 0
-0.176022 0.9734879 0.1460757 0
-0.1287288 0.07034069 0.1641051 1

0.7833213 -0.3310229 -0.5261481 0
-0.102039 -0.9034097 0.4164604 0
-0.613185 -0.2725347 -0.7414373 0
0.3158907 1.227128 -0.0483648 1

0.6597804 0.3426982 0.6687661 0
-0.1522263 -0.8105534 0.5655357 0
0.7358786 -0.474933 -0.4826195 0
-0.3057307 1.206833 -0.09878515 1

0.9988105 0.044822 -0.01920388 0
-0.04382513 0.9978114 0.04951542 0
0.02138126 -0.04861491 0.9985887 0
-0.03476789 1.750861 0.2710656 1

0.5226952 -0.4408841 -0.7296652 0
-0.3574938 -0.8903578 0.2818885 0
-0.7739431 0.113509 -0.6229993 0
0.286984 0.9712027 0.06961368 1

0.4413627 0.6495807 0.6190671 0
0.1536395 -0.7344174 0.6610796 0
0.8840781 -0.1966625 -0.4239456 0
-0.3488547 0.9772131 0.06142446 1

0.06854655 -0.7500947 -0.6577686 0
-0.9094449 -0.318029 0.2678947 0
-0.410136 0.579841 -0.7039696 0
0.2519728 0.9628676 0.08632434 1

0.6012301 -0.2686317 -0.7525687 0
-0.6943866 -0.6416745 -0.3257006 0
-0.3954108 0.7183948 -0.5723283 0
0.2386023 0.9006575 0.1085518 1

0.6012301 -0.2686312 -0.7525689 0
-0.6943861 -0.6416752 -0.3257005 0
-0.3954116 0.7183943 -0.5723282 0
0.2529057 0.8863292 0.09648431 1

0.6012301 -0.2686317 -0.7525687 0
-0.6943867 -0.6416745 -0.3257007 0
-0.3954108 0.7183949 -0.5723283 0
0.2638549 0.8819739 0.08139813 1

0.6012304 -0.2686307 -0.752569 0
-0.6943862 -0.6416747 -0.3257014 0
-0.3954112 0.7183949 -0.5723277 0
0.2742388 0.8830625 0.06157567 1

0.05402846 0.9435479 0.3268004 0
0.7875551 -0.2414666 0.5669662 0
0.6138712 0.226741 -0.7561421 0
-0.3192948 0.9734216 0.08764716 1

0.4895276 0.490398 0.721022 0
0.6630276 -0.746384 0.05749469 0
0.5663545 0.4499123 -0.6905228 0
-0.3203052 0.9239737 0.1334381 1

0.4901678 0.4896812 0.7210743 0
0.6682782 -0.7422441 0.0497792 0
0.559589 0.457478 -0.6910673 0
-0.3342077 0.9071985 0.1244482 1

0.4907291 0.4890617 0.7211128 0
0.6727941 -0.7385758 0.0430577 0
0.5536544 0.4640308 -0.6914786 0
-0.3427179 0.8981481 0.1098841 1

0.4917546 0.4879477 0.7211688 0
0.680829 -0.731791 0.03088702 0
0.5428161 0.4758039 -0.6920705 0
-0.3489391 0.8922064 0.08919752 1

0.310359 -0.5942751 -0.7419668 0
-0.7654004 -0.6191035 0.1757071 0
-0.5637727 0.5133695 -0.6470029 0
0.2138763 0.9495454 0.09754638 1

0.6306908 -0.2496211 -0.7347916 0
-0.7714686 -0.3042335 -0.5588185 0
-0.08405545 0.9193105 -0.3844518 0
0.2129101 0.8769155 0.09650094 1

0.6306908 -0.2496207 -0.7347918 0
-0.7714687 -0.3042341 -0.5588183 0
-0.08405621 0.9193104 -0.3844519 0
0.2272134 0.8625872 0.08443335 1

0.630691 -0.2496205 -0.7347915 0
-0.7714685 -0.3042331 -0.5588191 0
-0.08405545 0.9193106 -0.3844514 0
0.2403896 0.86029 0.07039183 1

0.6306908 -0.2496203 -0.7347919 0
-0.7714686 -0.3042331 -0.5588188 0
-0.08405565 0.9193106 -0.3844512 0
0.2492409 0.8599622 0.04985043 1

0.2636964 0.8023065 0.5355079 0
0.6197744 -0.5663238 0.5432841 0
0.7391509 0.188632 -0.6465864 0
-0.2863191 0.9633112 0.1113866 1

0.5205535 0.4641916 0.7166242 0
0.819864 -0.506117 -0.2677104 0
0.2384266 0.726892 -0.644035 0
-0.2957731 0.8963574 0.1355655 1

0.522134 0.4632309 0.7160959 0
0.8235376 -0.4921305 -0.2821228 0
0.2217246 0.737038 -0.6384462 0
-0.3094814 0.8797354 0.1262901 1

0.5235161 0.4624169 0.7156127 0
0.8264579 -0.479782 -0.2945792 0
0.2071196 0.7456406 -0.6333415 0
-0.3215249 0.8748831 0.1112405 1

0.5247706 0.4616981 0.7151581 0
0.8288739 -0.4684811 -0.3057672 0
0.193866 0.7532334 -0.6285345 0
-0.3244293 0.8658618 0.09030952 1

0.4161239 -0.4781953 -0.773415 0
-0.6163352 -0.7736886 0.146755 0
-0.6685598 0.4156144 -0.6166788 0
0.1877282 0.9283951 0.103549 1

0.6292704 -0.2468838 -0.736931 0
-0.7630318 -0.01611261 -0.64616 0
0.1476524 0.9689111 -0.1985195 0
0.1909232 0.8682448 0.08057459 1

0.645905 -0.2454895 -0.7228706 0
-0.7595518 -0.1114756 -0.6408234 0
0.07673281 0.9629685 -0.2584646 0
0.2044551 0.8536124 0.06794824 1

0.6459049 -0.2454897 -0.7228706 0
-0.759552 -0.111475 -0.6408234 0
0.07673345 0.9629686 -0.2584644 0
0.2180966 0.8514985 0.0542437 1

0.6459045 -0.2454894 -0.7228711 0
-0.759552 -0.1114745 -0.6408229 0
0.07673338 0.9629686 -0.258464 0
0.23304 0.8535733 0.03811526 1

0.3461277 0.6911274 0.6344592 0
0.4501617 -0.715673 0.5340103 0
0.8231345 0.1007734 -0.5588331 0
-0.2651328 0.943952 0.1299582 1

0.5199517 0.4619748 0.7184913 0
0.853695 -0.2522402 -0.4556096 0
-0.02924772 0.8502674 -0.5255383 0
-0.2724071 0.8819331 0.1279357 1

0.5408121 0.4541589 0.7079986 0
0.8407919 -0.3162121 -0.4394076 0
0.02431679 0.8329165 -0.5528643 0
-0.2851871 0.8652176 0.1179674 1

0.5429232 0.4533912 0.7068741 0
0.8397802 -0.2951246 -0.4557096 0
0.002001092 0.841034 -0.5409787 0
-0.2971444 0.8607294 0.1025503 1

0.5441954 0.4529532 0.7061764 0
0.8388805 -0.2823061 -0.4653845 0
-0.01143941 0.8456576 -0.5336033 0
-0.3070229 0.8560237 0.0838884 1

0.4976905 -0.6352254 -0.5905871 0
-0.6683546 -0.7148488 0.2056536 0
-0.5528169 0.2923699 -0.7803294 0
0.1718576 0.9084728 0.107328 1

0.629698 -0.2449374 -0.7372152 0
-0.7629223 -0.01615531 -0.6462885 0
0.1463901 0.9694043 -0.1970412 0
0.1697706 0.8677981 0.06266179 1

0.6462991 -0.2436632 -0.7231361 0
-0.7593367 -0.1115566 -0.6410639 0
0.07553293 0.9634228 -0.2571212 0
0.1820739 0.8503276 0.04906552 1

0.6447121 -0.2453863 -0.7239696 0
-0.7605836 -0.1110829 -0.6396668 0
0.07654463 0.9630402 -0.2582532 0
0.1980534 0.848557 0.03733358 1

0.6460794 -0.2424747 -0.7237318 0
-0.7596056 -0.1114546 -0.6407631 0
0.07470546 0.9637343 -0.2561935 0
0.2169695 0.8512148 0.02455685 1

0.4966656 0.7524188 0.432654 0
0.4935527 -0.6548789 0.5723107 0
0.7139533 -0.07070944 -0.6966141 0
-0.253516 0.9254835 0.1437387 1

0.5199959 0.4613259 0.7188761 0
0.8536813 -0.2522522 -0.4556284 0
-0.0288551 0.850616 -0.5249953 0
-0.2487181 0.8749338 0.1152932 1

0.5407141 0.4524696 0.7091542 0
0.8408222 -0.3161867 -0.4393677 0
0.02542447 0.833845 -0.5514128 0
-0.2603596 0.8558803 0.1049924 1

0.5428981 0.4542304 0.7063545 0
0.8397974 -0.2951103 -0.4556867 0
0.001465797 0.840586 -0.5416763 0
-0.2749379 0.8529254 0.09050014 1

0.5447081 0.4514608 0.7067364 0
0.838559 -0.2825729 -0.4658021 0
-0.01058669 0.8463663 -0.5324963 0
-0.2891922 0.8500232 0.07399651 1

0.9904616 -0.1179605 0.07121216 0
0.110083 0.9882622 0.1059218 0
-0.08287089 -0.09707222 0.9918212 0
-0.02455664 1.024812 -0.008604119 1

0.9893993 -0.08771695 0.1157358 0
0.08519994 0.9960107 0.02652816 0
-0.1176011 -0.01638624 0.9929257 0
-0.01334751 1.125441 0.002181301 1

-0.9949253 -0.04590943 0.08953198 0
0.05199569 -0.9964057 0.06687424 0
0.08614002 0.07119013 0.9937363 0
0.05053699 0.9496751 -0.02493046 1

-0.9900507 0.03948916 -0.135056 0
-0.1059658 -0.8407348 0.5309765 0
-0.0925785 0.540005 0.8365546 0
-0.1120531 0.9690386 -0.03662033 1

0.9788939 -0.04429276 0.1995115 0
0.003796279 0.9800042 0.1989407 0
-0.2043337 -0.1939844 0.9594883 0
-0.004825236 1.225069 0.004834825 1

-0.9776245 -0.09831369 0.1859697 0
0.02688034 -0.9352025 -0.3530917 0
0.2086331 -0.3401922 0.9169195 0
0.07360822 0.5075553 0.004742618 1

-0.9981295 -0.04716088 -0.03889934 0
0.05709925 -0.9465034 -0.3176018 0
-0.02183999 -0.3192288 0.947426 0
-0.1590715 0.5959928 0.1989813 1

0.9584954 -0.01616792 0.284649 0
-0.09782987 0.9191245 0.3816273 0
-0.267798 -0.3936352 0.8793949 0
-0.004471343 1.316426 0.02338026 1

-0.9777168 -0.001797482 0.2099202 0
0.16677 -0.6140032 0.7714843 0
0.1275049 0.7893016 0.6006209 0
0.08557746 0.09113014 -0.1524814 1

-0.9895896 -0.1293134 -0.06316943 0
0.03935528 -0.6653464 0.7454968 0
-0.1384323 0.7352498 0.6635091 0
-0.1336465 0.1745352 0.05756014 1

0.9804439 -0.03615145 0.1934499 0
-0.04511689 0.9155129 0.3997505 0
-0.1915575 -0.4006608 0.8959779 0
-0.02097066 1.471439 0.08774293 1

0.1252534 0.5619971 -0.8176005 0
0.9805831 -0.1954606 0.01586725 0
-0.1508914 -0.8037128 -0.5755669 0
0.03053887 1.421766 0.07202154 1

-0.4245758 -0.5454578 0.7226419 0
-0.8193836 -0.1080489 -0.5629709 0
0.3851576 -0.8311446 -0.4010645 0
-0.05707141 1.423242 0.04600272 1

-0.9780106 -0.004035808 0.2085163 0
0.2084218 0.01685534 0.9778938 0
-0.00746122 0.9998498 -0.01564365 0
0.1086199 0.006294131 -0.04588642 1

-0.9902593 -0.1350535 -0.03386727 0
-0.03666461 0.0182787 0.9991607 0
-0.1343211 0.9906698 -0.02305243 0
-0.1282088 0.08260518 0.1605644 1

0.998355 0.05539338 -0.0147925 0
-0.05478117 0.9977364 0.03900037 0
0.01691938 -0.03812584 0.9991297 0
-0.03062768 1.545583 0.1505424 1

0.2496401 0.7016981 -0.6673076 0
0.6844438 -0.6153454 -0.3910071 0
-0.6849938 -0.3591235 -0.6338878 0
0.1368162 1.400581 0.07374126 1

-0.03084736 -0.506965 0.8614146 0
-0.5865729 -0.6886326 -0.4262837 0
0.8093091 -0.5184318 -0.2761297 0
-0.1458738 1.411532 -0.01501042 1

-0.9779203 0.01917639 0.208097 0
0.2084218 0.01685534 0.9778938 0
0.01524491 0.999674 -0.02047999 0
0.1279575 0.007857919 0.04484372 1

-0.9867918 -0.1585307 -0.03331055 0
-0.03666461 0.0182787 0.9991607 0
-0.1577887 0.987185 -0.02384972 0
-0.1316106 0.08430111 0.2532679 1

0.8370352 -0.3293851 -0.4368951 0
-0.1327253 -0.8968784 0.4218923 0
-0.5308068 -0.2951519 -0.7944366 0
0.3273757 1.22926 -0.03512107 1

0.662895 0.274316 0.6966501 0
-0.2133445 -0.8226832 0.5269503 0
0.7176733 -0.4979389 -0.486829 0
-0.3091846 1.219806 -0.1336943 1

0.998355 0.05539338 -0.0147925 0
-0.05478117 0.9977364 0.03900037 0
0.01691938 -0.03812584 0.9991297 0
-0.04039861 1.750876 0.2598592 1

0.5748813 -0.4902911 -0.6550773 0
-0.3961761 -0.8672823 0.30144 0
-0.7159301 0.08623358 -0.6928259 0
0.289776 0.9751847 0.0843962 1

0.4215959 0.6509011 0.631336 0
0.1328007 -0.7330498 0.6670848 0
0.897007 -0.1973982 -0.3954909 0
-0.3696226 0.9867492 0.01558451 1

0.1107636 -0.7887577 -0.6046425 0
-0.9345303 -0.2896949 0.2067124 0
-0.3382079 0.5421605 -0.7692055 0
0.2533249 0.9683141 0.09848931 1

0.6566113 -0.3222705 -0.6819115 0
-0.6687644 -0.6668073 -0.3288199 0
-0.3487345 0.6719449 -0.6533562 0
0.2369922 0.9077165 0.123068 1

0.6566113 -0.32227 -0.6819115 0
-0.6687639 -0.6668078 -0.3288195 0
-0.3487353 0.6719444 -0.6533561 0
0.2520103 0.8925109 0.1131305 1

0.6566116 -0.3222694 -0.6819116 0
-0.6687642 -0.6668065 -0.3288212 0
-0.3487341 0.671946 -0.653355 0
0.2641236 0.8871233 0.09932155 1

0.6566118 -0.3222695 -0.6819115 0
-0.6687638 -0.6668073 -0.3288205 0
-0.3487349 0.6719453 -0.6533557 0
0.2761753 0.8868949 0.08043642 1

0.03392388 0.9481701 0.3159483 0
0.7750849 -0.2245355 0.5906163 0
0.6309463 0.2248505 -0.7425292 0
-0.3409029 0.9830152 0.04273285 1

0.4676665 0.4906749 0.7352055 0
0.6705732 -0.7388518 0.06655464 0
0.5758647 0.4618834 -0.6745695 0
-0.3433511 0.9336604 0.08856992 1

0.469077 0.4891426 0.7353277 0
0.682126 -0.7295137 0.05013636 0
0.5609557 0.4780682 -0.675855 0
-0.3569624 0.916865 0.07918077 1

0.4702904 0.4878617 0.7354037 0
0.6916516 -0.721323 0.03620964 0
0.548129 0.4916138 -0.6766616 0
-0.3650089 0.9077838 0.06437438 1

0.4724601 0.485648 0.7354782 0
0.707778 -0.7063375 0.01174007 0
0.5251975 0.5150081 -0.6774469 0
-0.370575 0.901799 0.0435143 1

0.3616338 -0.6413764 -0.6766514 0
-0.7886094 -0.5975666 0.1449452 0
-0.497309 0.4811965 -0.7218959 0
0.2141775 0.9561788 0.1071485 1

0.684663 -0.3018727 -0.6634072 0
-0.7269829 -0.3481131 -0.5918726 0
-0.05227034 0.8875191 -0.4577964 0
0.2122479 0.8830445 0.1109016 1

0.684663 -0.3018725 -0.6634074 0
-0.726983 -0.3481134 -0.5918722 0
-0.05227114 0.8875188 -0.4577966 0
0.227266 0.867839 0.1009642 1

0.6846635 -0.3018712 -0.6634073 0
-0.7269825 -0.3481117 -0.5918739 0
-0.05227019 0.88752 -0.4577945 0
0.2415243 0.8645903 0.08820986 1

0.6846631 -0.3018719 -0.6634074 0
-0.7269828 -0.3481127 -0.591873 0
-0.05227062 0.8875194 -0.4577956 0
0.2520998 0.8628899 0.0685989 1

0.2535245 0.7931382 0.5537671 0
0.6112838 -0.5750389 0.5437487 0
0.7497054 0.2006551 -0.6306188 0
-0.3084494 0.9736137 0.06746255 1

0.5005071 0.4640476 0.7308579 0
0.8349634 -0.4818139 -0.2658799 0
0.2287568 0.7433138 -0.6286135 0
-0.3185399 0.9063229 0.09103241 1

0.5040051 0.462102 0.7296855 0
0.8421388 -0.4505194 -0.2963695 0
0.1917849 0.7638677 -0.616218 0
-0.3317237 0.8898729 0.08103585 1

0.5069898 0.4605579 0.7285932 0
0.8469268 -0.4233131 -0.3217478 0
0.1602397 0.7801874 -0.604674 0
-0.3432219 0.8850622 0.06551497 1

0.5096216 0.4592825 0.7275617 0
0.8501461 -0.3989498 -0.343644 0
0.1324311 0.7936617 -0.5937703 0
-0.345095 0.876371 0.04393698 1

0.4717659 -0.5287564 -0.7055871 0
-0.6404302 -0.7555209 0.1379749 0
-0.6060411 0.3867875 -0.6950606 0
0.1872365 0.9357643 0.1121002 1

0.683417 -0.2993092 -0.6658491 0
-0.7112309 -0.06734089 -0.6997255 0
0.1645954 0.9517769 -0.2588999 0
0.191529 0.8731235 0.09403328 1

0.6989267 -0.296803 -0.6506991 0
-0.7083818 -0.1620202 -0.6869824 0
0.09847198 0.9410936 -0.3234901 0
0.20582 0.8575697 0.08350398 1

0.6989268 -0.2968023 -0.6506995 0
-0.7083815 -0.1620185 -0.6869828 0
0.09847276 0.9410942 -0.3234883 0
0.2205168 0.8545308 0.07110654 1

0.6989262 -0.2968029 -0.6506996 0
-0.708382 -0.1620192 -0.6869821 0
0.09847251 0.9410939 -0.3234894 0
0.2368331 0.8555795 0.0561696 1

0.3372419 0.6722283 0.6590734 0
0.4356264 -0.7320549 0.5237607 0
0.8345646 0.1104757 -0.5397199 0
-0.2875533 0.9539567 0.08604997 1

0.5014824 0.4613875 0.7318727 0
0.863176 -0.2094446 -0.4594139 0
-0.05868079 0.8621221 -0.5032911 0
-0.2947434 0.8925911 0.08345481 1

0.5254197 0.453296 0.7200399 0
0.8501419 -0.2453327 -0.4659087 0
-0.03454497 0.8569332 -0.5142685 0
-0.3068806 0.8765827 0.07229283 1

0.5299111 0.4521175 0.7174849 0
0.8440784 -0.1993628 -0.497782 0
-0.08201584 0.869393 -0.4872668 0
-0.3182376 0.8725743 0.05602338 1

0.5325212 0.4515407 0.7159139 0
0.839291 -0.1721715 -0.5157015 0
-0.1096 0.8754815 -0.4706589 0
-0.3272419 0.8679929 0.03672043 1

0.5346308 -0.6756651 -0.5075891 0
-0.696206 -0.6926088 0.1886535 0
-0.4790273 0.2525266 -0.8406922 0
0.1707456 0.9163098 0.115653 1

0.6838695 -0.2973882 -0.6662451 0
-0.7111119 -0.06739275 -0.6998415 0
0.1632246 0.9523754 -0.2575641 0
0.1718123 0.8712566 0.07463548 1

0.6993442 -0.2950003 -0.6510701 0
-0.7081489 -0.1621185 -0.6871991 0
0.09717348 0.9416433 -0.3222808 0
0.1849467 0.8527955 0.06326109 1

0.6978223 -0.2967859 -0.6518912 0
-0.709498 -0.1615444 -0.6859418 0
0.09826854 0.9411809 -0.3232982 0
0.2018239 0.8502555 0.05297829 1

0.6991734 -0.2938608 -0.6517684 0
-0.7084398 -0.1619951 -0.6869283 0
0.0962781 0.942021 -0.3214452 0
0.2218453 0.8521516 0.0416345 1

0.492073 0.7378843 0.4619431 0
0.4785798 -0.6725419 0.5644898 0
0.7272043 -0.05669365 -0.6840762 0
-0.2763117 0.9350654 0.09956605 1

0.5015491 0.460731 0.7322405 0
0.8631629 -0.2094566 -0.4594329 0
-0.05830222 0.8624703 -0.5027381 0
-0.2707915 0.8867793 0.07070673 1

0.5254418 0.4515534 0.7211179 0
0.8501713 -0.2453074 -0.4658685 0
-0.03346884 0.85786 -0.5127924 0
-0.2817771 0.8693383 0.05853527 1

0.5298028 0.4529816 0.7170196 0
0.8440953 -0.1993487 -0.4977587 0
-0.08253837 0.8689463 -0.4879749 0
-0.2959173 0.8673027 0.04286061 1

0.5331882 0.4500667 0.7163456 0
0.8389763 -0.1724375 -0.5161248 0
-0.1087655 0.8761878 -0.4695366 0
-0.3094026 0.8643334 0.02575902 1

0.9919081 -0.1144003 0.05505293 0
0.108357 0.9888176 0.1024617 0
-0.06615897 -0.09566724 0.9932123 0
-0.02339116 1.019858 -0.0148335 1

0.9906296 -0.08397774 0.1077067 0
0.08192751 0.9963652 0.02332884 0
-0.1092743 -0.0142861 0.9939089 0
-0.01235777 1.120543 -0.004400396 1

-0.9929857 -0.05061178 0.1068548 0
0.0527432 -0.9984598 0.01721404 0
0.105819 0.02272917 0.9941256 0
0.05168535 0.9449543 -0.03227288 1

-0.9934354 0.04711379 -0.1042432 0
-0.09829964 -0.8176639 0.5672417 0
-0.058511 0.573765 0.8169273 0
-0.1111421 0.9637334 -0.04131012 1

0.9780716 -0.03819925 0.2047362 0
-0.003489599 0.9798923 0.1994968 0
-0.2082401 -0.1958365 0.9582714 0
-0.004162829 1.220207 -0.002066888 1

-0.9774306 -0.100471 0.1858362 0
0.02200568 -0.9233051 -0.3834366 0
0.2101078 -0.3706932 0.9046775 0
0.07508829 0.5019231 -0.02463475 1

-0.9993175 -0.03054826 -0.02077955 0
0.03378344 -0.9832249 -0.1792421 0
-0.01495542 -0.1798219 0.9835856 0
-0.154759 0.6009246 0.2103829 1

0.9531181 -0.0105567 0.3024146 0
-0.1117481 0.9164672 0.3841879 0
-0.2812088 -0.3999707 0.8723217 0
-0.004488137 1.311553 0.01653038 1

-0.977258 -0.00125695 0.2120504 0
0.168315 -0.6128494 0.7720661 0
0.1289845 0.790199 0.5991235 0
0.08488694 0.09079564 -0.1953707 1

-0.9922497 -0.1202724 -0.03123105 0
0.04081738 -0.5528604 0.8322738 0
-0.1173659 0.8245487 0.5534846 0
-0.139716 0.1631156 0.1305702 1

0.9778913 -0.02831198 0.2071883 0
-0.05872183 0.9137465 0.4020186 0
-0.2006995 -0.405297 0.8918822 0
-0.02333482 1.466118 0.08132491 1

0.1496663 0.5651671 -0.8112869 0
0.9814733 -0.1841956 0.05274624 0
-0.119625 -0.8041508 -0.5822642 0
0.02882624 1.416903 0.0663273 1

-0.4374987 -0.5565264 0.7063097 0
-0.7941362 -0.1293461 -0.5938159 0
0.4218326 -0.8206999 -0.3853689 0
-0.05829249 1.417866 0.03868462 1

-0.9776047 -0.004682921 0.2103981 0
0.2103092 0.01485399 0.9775221 0
-0.007702895 0.9998789 -0.01353643 0
0.1081428 0.006119013 -0.08869535 1

-0.9926888 -0.1198114 0.01464538 0
-0.009078685 0.1951036 0.9807409 0
-0.1203613 0.9734374 -0.1947647 0
-0.1340763 0.08672774 0.2455644 1

0.9975778 0.06880467 -0.01022159 0
-0.06848563 0.9972355 0.02883091 0
0.01217701 -0.02806107 0.9995321 0
-0.03452252 1.539965 0.1442199 1

0.2940988 0.6939342 -0.6572375 0
0.7169513 -0.6149123 -0.3284264 0
-0.6320499 -0.3746174 -0.678362 0
0.1352001 1.39694 0.07204402 1

-0.110498 -0.5535077 0.8254815 0
-0.5920233 -0.6304791 -0.5020009 0
0.79831 -0.5441742 -0.2580226 0
-0.1443586 1.403848 -0.0256714 1

-0.97752 0.01853012 0.2100271 0
0.2103092 0.01485399 0.9775221 0
0.01499385 0.9997181 -0.01841708 0
0.1276555 0.007497191 0.002000346 1

-0.9895521 -0.1428839 0.01926431 0
-0.009078685 0.1951036 0.9807409 0
-0.1438905 0.9703193 -0.1943622 0
-0.1349187 0.1048297 0.3365588 1

0.8756228 -0.3303315 -0.3523719 0
-0.1638098 -0.8894199 0.4267303 0
-0.4543689 -0.3159328 -0.8329077 0
0.3348101 1.225739 -0.01939487 1

0.6373286 0.195757 0.745313 0
-0.2851681 -0.838616 0.4641148 0
0.7158852 -0.508333 -0.4786502 0
-0.3091869 1.228313 -0.1654361 1

0.9975778 0.06880467 -0.01022159 0
-0.06848563 0.9972355 0.02883091 0
0.01217701 -0.02806107 0.9995321 0
-0.04764636 1.746173 0.2514457 1

0.6166503 -0.5273225 -0.5845287 0
-0.4293886 -0.8476292 0.3116894 0
-0.6598242 0.05878666 -0.749117 0
0.2884045 0.9737765 0.1014929 1

0.3979391 0.6527266 0.6446646 0
0.109689 -0.7315105 0.6729493 0
0.9108308 -0.1970803 -0.3626935 0
-0.3899717 0.990743 -0.03395781 1

0.1461494 -0.8185592 -0.5555192 0
-0.9513031 -0.2703535 0.1480923 0
-0.2714089 0.5068235 -0.8182096 0
0.2508978 0.9679515 0.1130606 1

0.7004111 -0.3637047 -0.6141198 0
-0.6429168 -0.6951731 -0.3215472 0
-0.3099713 0.6200432 -0.7207389 0
0.2319423 0.9087932 0.1392125 1

0.7004112 -0.3637044 -0.6141199 0
-0.6429164 -0.6951737 -0.3215466 0
-0.3099721 0.6200428 -0.7207388 0
0.2474729 0.8929762 0.1312043 1

0.7004117 -0.3637025 -0.6141207 0
-0.6429163 -0.695172 -0.3215498 0
-0.3099711 0.6200457 -0.7207369 0
0.2605318 0.8868019 0.118643 1

0.7004117 -0.3637038 -0.6141199 0
-0.6429163 -0.6951732 -0.3215477 0
-0.3099716 0.6200435 -0.7207383 0
0.2739842 0.8855311 0.1007723 1

0.01203491 0.9525434 0.3041649 0
0.7592885 -0.206637 0.6170755 0
0.650643 0.2235226 -0.725742 0
-0.3622385 0.987101 -0.005790458 1

0.4415897 0.4915293 0.7505981 0
0.678499 -0.7303321 0.07908553 0
0.5870587 0.4743568 -0.656009 0
-0.3662685 0.9378374 0.04003287 1

0.4438334 0.4891701 0.7508158 0
0.6968911 -0.7151435 0.05397227 0
0.5633426 0.4992823 -0.6583027 0
-0.3795148 0.9210055 0.03019754 1

0.4457445 0.4872479 0.7509336 0
0.7115542 -0.7018542 0.0330331 0
0.5431414 0.5196056 -0.659551 0
-0.3870149 0.9118838 0.01513149 1

0.4491367 0.4840137 0.7510038 0
0.7354832 -0.6775357 -0.003190115 0
0.5072877 0.5537834 -0.6602901 0
-0.3918233 0.9058493 -0.005901881 1

0.403698 -0.6772701 -0.6150881 0
-0.805163 -0.5822529 0.1126664 0
-0.4344427 0.4497633 -0.7803673 0
0.2110478 0.9566264 0.1192642 1

0.7271188 -0.3417607 -0.5953974 0
-0.6859521 -0.3966902 -0.6100053 0
-0.02771264 0.8519605 -0.5228724 0
0.2081544 0.8830717 0.1273152 1

0.7271187 -0.3417605 -0.5953977 0
-0.6859522 -0.3966908 -0.6100048 0
-0.02771339 0.8519604 -0.5228727 0
0.223685 0.8672548 0.1193071 1

0.7271196 -0.341758 -0.595398 0
-0.6859515 -0.3966881 -0.6100075 0
-0.02771261 0.8519626 -0.522869 0
0.238806 0.8633101 0.107777 1

0.7271191 -0.34176 -0.5953977 0
-0.685952 -0.39669 -0.6100057 0
-0.02771282 0.851961 -0.5228717 0
0.2508391 0.8605048 0.08919656 1

0.2395463 0.783749 0.5730231 0
0.6014324 -0.5831143 0.5461288 0
0.762166 0.2138115 -0.6110547 0
-0.3304463 0.9784489 0.02004708 1

0.4763272 0.4645903 0.7465041 0
0.8513263 -0.4560173 -0.2594073 0
0.2199006 0.7590814 -0.6127312 0
-0.341164 0.9108149 0.04295909 1

0.4819171 0.4617772 0.7446595 0
0.8613319 -0.405645 -0.3058751 0
0.1608212 0.7888056 -0.5932305 0
-0.3537298 0.8945452 0.03219447 1

0.4866079 0.4596924 0.7428967 0
0.8665088 -0.3622488 -0.3434218 0
0.1112449 0.8108383 -0.5746006 0
-0.364601 0.8897755 0.01617206 1

0.4906759 0.4580835 0.7412128 0
0.868665 -0.3237984 -0.3749343 0
0.0682521 0.8278372 -0.5568013 0
-0.3653458 0.8814579 -0.006016714 1

0.5171888 -0.5672528 -0.6408901 0
-0.658976 -0.7417485 0.1247391 0
-0.5461379 0.3578176 -0.7574299 0
0.1835413 0.9367351 0.1231132 1

0.7260173 -0.3393907 -0.5980911 0
-0.6648521 -0.1242056 -0.7365764 0
0.1757007 0.9324094 -0.31582 0
0.1886048 0.871766 0.10993 1

0.740517 -0.3356549 -0.5822117 0
-0.6623182 -0.217699 -0.7168974 0
0.1138831 0.9164841 -0.3835202 0
0.2034494 0.8555524 0.1013119 1

0.7405173 -0.335653 -0.5822125 0
-0.6623178 -0.2176961 -0.7168986 0
0.1138837 0.9164857 -0.3835166 0
0.2189841 0.8518472 0.09014963 1

0.7405166 -0.335655 -0.5822123 0
-0.6623185 -0.2176979 -0.7168972 0
0.1138836 0.9164844 -0.3835193 0
0.2364343 0.8521743 0.07638644 1

0.3240118 0.6528882 0.6846558 0
0.420366 -0.7476878 0.5140581 0
0.847531 0.1212452 -0.5167115 0
-0.3098871 0.9585158 0.03871584 1

0.4789178 0.4616205 0.7466888 0
0.8734227 -0.1651527 -0.4581021 0
-0.08815159 0.8715683 -0.4822844 0
-0.3169012 0.8978185 0.03556596 1

0.5061782 0.4536446 0.733478 0
0.8571143 -0.1703407 -0.4861472 0
-0.09559701 0.8747519 -0.4750482 0
-0.3283204 0.8825787 0.02317115 1

0.5130981 0.452551 0.7293339 0
0.8415813 -0.09820965 -0.531127 0
-0.1687344 0.8863142 -0.4312496 0
-0.3390391 0.8790891 0.006041053 1

0.5170164 0.4521881 0.7267874 0
0.8297787 -0.05631451 -0.5552442 0
-0.2101462 0.8901432 -0.4043316 0
-0.347104 0.8746582 -0.01389038 1

0.5628349 -0.7048283 -0.4317802 0
-0.7176204 -0.6758962 0.1678843 0
-0.4101684 0.2153633 -0.8862172 0
0.1665728 0.9176352 0.1263252 1

0.7264839 -0.3374988 -0.5985951 0
-0.6647256 -0.1242644 -0.7366806 0
0.1742444 0.9330881 -0.31462 0
0.1701738 0.8683228 0.08951073 1

0.7409475 -0.3338794 -0.5826846 0
-0.6620716 -0.2178102 -0.7170912 0
0.1125073 0.9171061 -0.3824379 0
0.1839333 0.8491376 0.08018766 1

0.7394907 -0.3357329 -0.5834697 0
-0.6635008 -0.2171596 -0.7159666 0
0.1136672 0.9165836 -0.3833464 0
0.2015067 0.8461025 0.07123204 1

0.7408158 -0.3327944 -0.5834725 0
-0.6623797 -0.2176705 -0.7168491 0
0.1115585 0.9175336 -0.3816898 0
0.2224211 0.8475683 0.06121853 1

0.4837158 0.7231202 0.4930684 0
0.462562 -0.6894726 0.5573726 0
0.7430043 -0.04153528 -0.6679965 0
-0.2990392 0.939221 0.05198155 1

0.479007 0.460958 0.7470409 0
0.8734102 -0.1651648 -0.4581216 0
-0.08778983 0.8719164 -0.4817204 0
-0.2926649 0.8932358 0.02285429 1

0.5063249 0.4518615 0.7344768 0
0.8571427 -0.1703154 -0.4861062 0
-0.09455999 0.8756793 -0.4735448 0
-0.3030111 0.8775488 0.008815958 1

0.5129044 0.4534286 0.7289249 0
0.841598 -0.09819578 -0.5311034 0
-0.1692402 0.8858671 -0.4319695 0
-0.3167849 0.8764922 -0.008003439 1

0.5178353 0.4507594 0.7270917 0
0.8294729 -0.05658099 -0.5556738 0
-0.2093359 0.8908504 -0.4031922 0
-0.3294667 0.8734611 -0.0256923 1

0.9935046 -0.1080527 0.03568144 0
0.1038839 0.9892286 0.1031256 0
-0.04644009 -0.09874901 0.9940282 0
-0.02315611 1.011764 -0.02086255 1

0.9923433 -0.0781946 0.09560505 0
0.07625397 0.9968045 0.02379187 0
-0.09715994 -0.01631944 0.9951349 0
-0.0125782 1.112492 -0.01036186 1

-0.9906482 -0.05646283 0.1242096 0
0.05399264 -0.9982725 -0.02316698 0
0.1253031 -0.01624394 0.9919855 0
0.05205616 0.9374005 -0.03994919 1

-0.9951685 0.06091366 -0.07700394 0
-0.09491658 -0.7975019 0.5958036 0
-0.02511819 0.6002339 0.7994301 0
-0.1110334 0.9551376 -0.0458065 1

0.978545 -0.03108472 0.2036754 0
-0.01119539 0.9790706 0.2032123 0
-0.2057294 -0.2011326 0.9577165 0
-0.00495076 1.212199 -0.007982033 1

-0.9775382 -0.1035642 0.1835574 0
0.01754212 -0.9078992 -0.4188212 0
0.2100265 -0.4061938 0.889323 0
0.07601349 0.4944524 -0.05022873 1

-0.9998739 -0.01030169 -0.01210486 0
0.01076379 -0.999191 -0.0387524 0
-0.01169584 -0.03887789 0.9991755 0
-0.1531492 0.601275 0.2185598 1

0.9502117 -0.004520021 0.3115725 0
-0.123454 0.9126122 0.3897408 0
-0.2861065 -0.4088011 0.8666169 0
-0.005994407 1.303469 0.01096161 1

-0.9771672 0.0004000813 0.2124711 0
0.1676954 -0.6126047 0.7723948 0
0.1304698 0.7903894 0.5985503 0
0.08382462 0.09018475 -0.2367207 1

-0.9935479 -0.1130569 -0.009015873 0
0.04125746 -0.4343282 0.8998094 0
-0.1056455 0.8936315 0.4361902 0
-0.1483563 0.1563567 0.2013042 1

0.9769467 -0.0180926 0.2127157 0
-0.07192773 0.9102489 0.4077663 0
-0.2010018 -0.4136661 0.8879631 0
-0.02681533 1.457384 0.07669266 1

0.1680616 0.5709977 -0.8035653 0
0.9813556 -0.1740279 0.0815849 0
-0.09325778 -0.8022943 -0.5895991 0
0.02591609 1.408734 0.06184475 1

-0.4426087 -0.5695474 0.6926135 0
-0.7735419 -0.1481828 -0.6161779 0
0.4535757 -0.8084912 -0.3749818 0
-0.06093698 1.409146 0.03336499 1

-0.9774822 -0.004771024 0.2109637 0
0.2108794 0.01409827 0.9774105 0
-0.007637493 0.9998891 -0.01277468 0
0.1069949 0.00554204 -0.1299999 1

-0.9935356 -0.1008094 0.05220208 0
0.01207668 0.3633701 0.9315667 0
-0.1128794 0.9261749 -0.3598036 0
-0.1426558 0.0963462 0.3256297 1

0.9964282 0.08437546 -0.00342004 0
-0.08430175 0.9962807 0.01783459 0
0.004912138 -0.01748252 0.999835 0
-0.03924531 1.530666 0.1400132 1

0.3409449 0.6814829 -0.6475632 0
0.7381817 -0.6206053 -0.2644571 0
-0.5821038 -0.3878535 -0.7146503 0
0.1322771 1.389873 0.07068706 1

-0.1879117 -0.5934722 0.7826111 0
-0.5734029 -0.5806361 -0.577989 0
0.7974327 -0.5573621 -0.2311904 0
-0.1447712 1.393086 -0.03341457 1

-0.977396 0.01844224 0.2106103 0
0.2108794 0.01409827 0.9774105 0
0.01505639 0.9997305 -0.01766869 0
0.1265605 0.006850004 -0.03931458 1

-0.9905762 -0.1227653 0.06072791 0
0.01207668 0.3633701 0.9315667 0
-0.1364308 0.9235209 -0.3584631 0
-0.1415353 0.1300602 0.4120618 1

0.8993825 -0.3346713 -0.2812594 0
-0.1934901 -0.8816682 0.4303755 0
-0.3920116 -0.3326511 -0.8577124 0
0.3377981 1.217087 -0.002941784 1

0.5763475 0.1140575 0.8092062 0
-0.3577569 -0.8550662 0.3753294 0
0.7347341 -0.5058189 -0.4520105 0
-0.3044152 1.231428 -0.1943355 1

0.9964282 0.08437546 -0.00342004 0
-0.08430175 0.9962807 0.01783459 0
0.004912138 -0.01748252 0.999835 0
-0.05642006 1.737744 0.2449645 1

0.6516963 -0.5467632 -0.5256829 0
-0.4485796 -0.8367105 0.3141528 0
-0.6116112 0.03107859 -0.790548 0
0.2829843 0.9673206 0.1189786 1

0.3617533 0.6494485 0.6688436 0
0.06736553 -0.7337668 0.6760536 0
0.929837 -0.1995074 -0.309193 0
-0.4057636 0.9891978 -0.08800912 1

0.1801216 -0.8375407 -0.5158316 0
-0.9588743 -0.2664497 0.09780078 0
-0.2193554 0.4770015 -0.8510894 0
0.2448236 0.9618499 0.1283768 1

0.7346029 -0.3872474 -0.5571343 0
-0.6125406 -0.731665 -0.2990999 0
-0.2918101 0.5609869 -0.7746878 0
0.2242318 0.9036276 0.1553782 1

0.7346029 -0.3872471 -0.5571345 0
-0.6125402 -0.7316653 -0.2990995 0
-0.2918108 0.5609866 -0.7746878 0
0.2402234 0.8875611 0.1489248 1

0.7346035 -0.3872443 -0.5571358 0
-0.6125396 -0.7316644 -0.2991032 0
-0.2918104 0.5609898 -0.7746854 0
0.2540391 0.8809654 0.1374326 1

0.7346032 -0.3872465 -0.5571346 0
-0.6125399 -0.7316651 -0.2991003 0
-0.2918106 0.5609873 -0.7746875 0
0.2685827 0.8790822 0.1204952 1

-0.0106523 0.9549308 0.2966377 0
0.7261681 -0.1965544 0.6588219 0
0.6874349 0.2224268 -0.6913465 0
-0.379745 0.985374 -0.05827352 1

0.3995925 0.4866488 0.7768521 0
0.6797549 -0.725875 0.1050666 0
0.6150282 0.4860851 -0.6208562 0
-0.3866351 0.9359998 -0.01291206 1

0.4026292 0.4835125 0.7772424 0
0.7057473 -0.7047133 0.07279988 0
0.5829329 0.5192254 -0.6249757 0
-0.3993416 0.9192452 -0.02355783 1

0.405209 0.4810069 0.7774565 0
0.7259771 -0.6861688 0.04614999 0
0.555665 0.5457152 -0.6272416 0
-0.4059772 0.9101932 -0.03906513 1

0.4098166 0.4768526 0.7776004 0
0.7583136 -0.6518901 0.0001105014 0
0.5069628 0.5896196 -0.628759 0
-0.4095641 0.9042347 -0.06036229 1

0.4409811 -0.6980434 -0.5641558 0
