MeshGeometry
1
1
0
0
8
16384
0 0
32768
Ch24_0
64
0.5672697 0.3671449 0.0655854 0
0.5395728 0.4068327 0.05359447 0
0.558808 0.37136 0.06983197 0
0.578124 0.3404989 0.08137706 0
0.6187583 0.2836622 0.09757955 0
0.5124282 0.4328257 0.05474622 0
0.5998693 0.2976809 0.1024498 0
0.6395346 0.2278719 0.1325936 0
0.5422001 0.385975 0.0718248 0
0.5475709 0.4239447 0.02848447 0
0.6193326 0.2472326 0.1334349 0
0.6469635 0.1780409 0.1749956 0
0.5589204 0.3522521 0.08882751 0
0.5071759 0.4507796 0.04204457 0
0.6284531 0.1965417 0.1750052 0
0.6396424 0.2310169 0.1293407 0
0.5808298 0.3061581 0.1130121 0
0.6168935 0.2367934 0.1463132 0
0.5565576 0.3514868 0.09195563 0
0.6933284 0.2982962 0.008375432 0
0.7183756 0.2816244 0 0
0.4757757 0.4654263 0.05879797 0
0.5961847 0.2575782 0.1462371 0
0.6572385 0.324167 0.01859455 0
0.4977698 0.4278184 0.07441181 0
0.9048615 0.09513856 0 0
0.9138603 0.08613975 0 0
0.8648074 0.1351926 0 0
1 0 0 0
1 0 0 0
1 0 0 0
1 0 0 0
1 0 0 0
1 0 0 0
1 0 0 0
1 0 0 0
1 0 0 0
0.8225499 0.1774501 0 0
0.9813262 0.01867384 0 0
1 0 0 0
1 0 0 0
0.6173154 0.3510237 0.03166099 0
0.5155231 0.3851099 0.09936697 0
0.5985578 0.2058583 0.1955839 0
0.5749924 0.32889 0.0961177 0
0.9565293 0.04347069 0 0
0.9914026 0.008597398 0 0
0.7791682 0.2111879 0.009643808 0
0.5661927 0.3858479 0.04795933 0
0.5340344 0.3344192 0.1315463 0
0.5195163 0.4125087 0.06797504 0
0.574204 0.2631246 0.1626713 0
1 0 0 0
0.7461214 0.232661 0.02121764 0
0.5403597 0.2879402 0.1717001 0
0.5001134 0.419717 0.08016954 0
0.4818227 0.4673022 0.05087509 0
0.530785 0.3452809 0.1239342 0
0.4800433 0.4681196 0.05183711 0
0.4924842 0.4615159 0.04599984 0
0.5109366 0.4314009 0.05766252 0
0.5660089 0.4054915 0.02849966 0
0.5137319 0.4371779 0.04909022 0
0.598684 0.3666004 0.03471559 0
0.595066 0.3865227 0.01841133 0
0.6452649 0.3385403 0.01619475 0
0.6791645 0.2987835 0.02205196 0
0.5912563 0.3833246 0.02541906 0
0.673314 0.3171071 0.009578819 0
0.7494223 0.2463138 0.004263963 0
0.7210686 0.2704661 0.008465361 0
0.749907 0.2380735 0.0120194 0
0.7867486 0.2092701 0.003981319 0
0.8006347 0.1934405 0.005924779 0
0.6740932 0.3130409 0.01286586 0
0.4808713 0.4208587 0.09827002 0
0.5223237 0.2611925 0.2164838 0
0.4885324 0.4214948 0.08997282 0
0.4869528 0.4367801 0.07626714 0
0.5017722 0.2686592 0.2295686 0
0.458272 0.4275035 0.1142245 0
0.716318 0.251851 0.03183106 0
0.7305806 0.2621307 0.007288671 0
0.7291692 0.2440669 0.02676395 0
0.4852342 0.3193057 0.1954602 0
0.4381002 0.4168481 0.1450517 0
0.6840298 0.2716846 0.04428555 0
0.909463 0.0892304 0.001306537 0
0.9234778 0.07652217 0 0
0.6609305 0.3195474 0.01952215 0
0.934171 0.06582905 0 0
1 0 0 0
0.9946198 0.005380137 0 0
1 0 0 0
1 0 0 0
1 0 0 0
1 0 0 0
0.9937407 0.006259309 0 0
1 0 0 0
1 0 0 0
1 0 0 0
1 0 0 0
0.8851586 0.1148414 0 0
0.6587172 0.2869832 0.05429962 0
0.8361972 0.151433 0.01236981 0
0.9868812 0.01311882 0 0
0.4392389 0.4044128 0.1563483 0
0.4704783 0.3747703 0.1547514 0
0.7906655 0.1730849 0.01837583 0.01787382
0.6224998 0.3017601 0.06510983 0.01063029
0.9472501 0.04242793 0.01032195 0
0.4514855 0.3286538 0.2072383 0.01262242
0.9764493 0.02355071 0 0
0.9219452 0.07805488 0 0
0.990076 0.009923966 0 0
0.8526452 0.1473549 0 0
0.986647 0.01335308 0 0
0.8755227 0.1244773 0 0
1 0 0 0
0.8750964 0.1249036 0 0
0.8054607 0.1945393 0 0
0.747353 0.2526471 0 0
0.8853354 0.06211489 0.0525497 0
0.7229482 0.200365 0.0484577 0.02822907
0.5493879 0.3299706 0.08705675 0.03358469
0.7762427 0.1274768 0.09403238 0.002248042
0.6413961 0.2185764 0.1030488 0.03697874
0.7496582 0.2229823 0.02735956 0
0.4838348 0.345128 0.1052012 0.06583597
0.7105206 0.2894793 0 0
0.7001472 0.2980076 0.001845115 0
0.6178832 0.3596934 0.01891774 0.003505666
0.6020054 0.3123547 0.08191128 0.003728775
0.6197957 0.2092481 0.1548413 0.01611483
0.5380308 0.2608169 0.1477194 0.05343292
0.4955606 0.4434305 0.05447919 0.006529763
0.4388818 0.316715 0.2142004 0.03020278
0.4089728 0.3674903 0.1300976 0.09343931
0.4394605 0.4229575 0.1364219 0.001160161
0.4336661 0.2639072 0.2570913 0.04533542
0.6324441 0.3364947 0.03106118 0
0.4733286 0.4068952 0.1096123 0.01016384
0.8097772 0.187868 0.00235489 0
0.7681073 0.2269168 0.004975835 0
0.8678811 0.132119 0 0
0.8217667 0.17646 0.001773257 0
0.8763191 0.1236809 0 0
0.8225805 0.1760463 0.001373293 0
0.4226268 0.3141667 0.1992106 0.06399593
0.5568857 0.3679744 0.06524457 0.009895315
0.7786666 0.2176741 0.003659327 0
0.3896276 0.3259868 0.1557302 0.1286554
0.4203887 0.3080154 0.1977981 0.07379771
0.4676702 0.2818342 0.2181689 0.03232678
0.4504027 0.3941643 0.141287 0.01414597
0.5005502 0.3933119 0.0972505 0.008887288
0.4096151 0.4039245 0.1224999 0.0639605
0.398248 0.2296907 0.2126333 0.159428
0.3450556 0.3032013 0.2463745 0.1053686
0.3366309 0.3313138 0.2797204 0.05233489
0.4394879 0.3325236 0.2019478 0.02604071
0.5425646 0.3009991 0.1428112 0.01362503
0.6294239 0.3459109 0.02466527 0
0.3719922 0.2732368 0.2171433 0.1376277
0.3636281 0.3172199 0.2447729 0.0743791
0.4582016 0.2553236 0.2460205 0.04045439
0.4012882 0.2706597 0.1705709 0.1574812
0.558328 0.2317439 0.1888064 0.02112165
0.4554241 0.3988081 0.08109889 0.06466892
0.365931 0.3550489 0.1826637 0.09635647
0.4004391 0.2726979 0.1720282 0.1548348
0.452181 0.2995861 0.1926002 0.05563258
0.4185453 0.3003232 0.1698345 0.111297
0.5449147 0.2383517 0.1860318 0.03070186
0.46421 0.4130358 0.06152228 0.06123191
0.6308483 0.1767213 0.1732804 0.01914996
0.6479053 0.3393276 0.01276709 0
0.6171044 0.3676805 0.01521511 0
0.724818 0.2695979 0.005584073 0
0.6394406 0.2011237 0.1353448 0.02409095
0.6805962 0.1507086 0.1317523 0.03694285
0.6971995 0.1606682 0.09337173 0.04876056
0.7021201 0.1350264 0.1121227 0.0507308
0.7204613 0.1255708 0.0880631 0.06590471
0.6238154 0.2564434 0.09540982 0.02433141
0.7830044 0.2144026 0.002593015 0
0.8620039 0.1379961 0 0
0.7733183 0.2245922 0.002089541 0
0.8512753 0.1487247 0 0
0.8296956 0.1703044 0 0
0.8411105 0.1588895 0 0
0.8583387 0.1416613 0 0
0.8481694 0.1518306 0 0
0.8639177 0.1360823 0 0
0.8695021 0.1304979 0 0
0.8745772 0.1254228 0 0
0.8770731 0.1229269 0 0
0.8848776 0.1151224 0 0
0.8664985 0.1335015 0 0
0.8803778 0.1196222 0 0
0.8895018 0.1104983 0 0
0.8840786 0.1159214 0 0
0.89159 0.10841 0 0
0.8723047 0.1276952 0 0
0.8795438 0.1204562 0 0
0.8863823 0.1136176 0 0
0.8714795 0.1285205 0 0
0.8782239 0.1217761 0 0
0.8845577 0.1154422 0 0
0.8717647 0.1282353 0 0
0.8805746 0.1194254 0 0
0.8629144 0.1370856 0 0
0.8306522 0.1675933 0.001754419 0
0.8536061 0.1463939 0 0
0.8697164 0.1302835 0 0
0.8399035 0.1590701 0.00102633 0
0.8597887 0.1402113 0 0
0.490238 0.4824314 0.02733053 0
0.5531173 0.39961 0.04727276 0
0.5165961 0.4466738 0.03673012 0
0.5162725 0.4481937 0.03553387 0
0.6113437 0.3139073 0.07474903 0
0.5581685 0.4261699 0.0156616 0
0.5796404 0.363982 0.0563776 0
0.6411717 0.2573398 0.1014886 0
0.5160889 0.4620824 0.0218287 0
0.6085378 0.3158728 0.0755895 0
0.6267921 0.2780218 0.0951861 0
0.652016 0.2264388 0.1215451 0
0.6394686 0.2357012 0.1248302 0
0.6576501 0.1961194 0.1462306 0
0.6469352 0.1922636 0.1608012 0
0.5726008 0.3603541 0.06704517 0
0.5489036 0.4000344 0.05106201 0
0.6144808 0.2020617 0.1834574 0
0.6084306 0.2506031 0.1409663 0
0.5238184 0.4384283 0.03775328 0
0.5367249 0.4401868 0.02308828 0
0.5007785 0.4677134 0.03150808 0
0.593064 0.3155791 0.09135696 0
0.6010798 0.3849134 0.01400683 0
0.5969378 0.2310625 0.1719996 0
0.5965258 0.2667469 0.1367274 0
0.6429764 0.343493 0.01353059 0
0.4917842 0.4667454 0.04147043 0
0.6433607 0.3468405 0.009798779 0
0.6648255 0.3280169 0.007157592 0
0.5791765 0.2754326 0.1453908 0
0.5746442 0.3111841 0.1141717 0
0.6073278 0.374101 0.01857117 0
0.6980897 0.2941995 0.007710739 0
0.5446385 0.3392984 0.1160631 0
0.5421873 0.3753636 0.08244904 0
0.7606915 0.2339602 0.005348279 0
0.4718814 0.4422462 0.08376284 0.002109543
0.5117096 0.4328324 0.05545814 0
0.5900468 0.3550251 0.05208258 0.002845456
0.6153297 0.35017 0.03450038 0
0.6944269 0.2767902 0.02679484 0.001987986
0.7030065 0.2772954 0.01969807 0
0.764374 0.2252069 0.01041916 0
0.5491642 0.3600538 0.0829425 0.007839463
0.4583421 0.4227926 0.1127337 0.006131635
0.5155127 0.3149529 0.1665722 0.002962285
0.7531947 0.2333897 0.01341564 0
0.8053186 0.1893409 0.005340502 0
0.4303369 0.4064488 0.1465399 0.0166744
0.5695723 0.2297519 0.2006759 0
0.5820261 0.247978 0.1699959 0
0.5245126 0.2842359 0.1878923 0.003359285
0.4681149 0.2942541 0.2264787 0.01115222
0.5928417 0.2625629 0.1445954 0
0.5103589 0.4339657 0.05567534 0
0.5069984 0.4027387 0.09026287 0
0.5812235 0.3958694 0.02290705 0
0.5121083 0.3725669 0.1139031 0.00142171
0.5586426 0.4007837 0.03936836 0.001205243
0.7202428 0.271519 0.008238168 0
0.5279821 0.4101016 0.05875738 0.00315892
0.6946732 0.2876991 0.01656604 0.001061648
0.6737034 0.2978831 0.025164 0.003249457
0.4696293 0.41705 0.1087046 0.004616119
0.509756 0.4150587 0.06968646 0.005498873
0.4668523 0.3842231 0.1401687 0.008755867
0.6470217 0.3062273 0.0364985 0.01025255
0.5054494 0.4052835 0.07840448 0.01086263
0.6373171 0.3062831 0.03997594 0.01642394
0.7574818 0.2112243 0.0160588 0.01523506
0.7653831 0.2160302 0.0128749 0.005711713
0.5946742 0.3133036 0.05801046 0.03401172
0.4609606 0.3975094 0.113748 0.02778202
0.711491 0.2196327 0.0420183 0.02685807
0.7893588 0.2027261 0.006225215 0.001689781
0.8749518 0.1250482 0 0
0.820079 0.1773768 0.002544313 0
0.8115081 0.1461007 0.03238397 0.01000728
0.8879666 0.1120334 0 0
0.8699548 0.1300452 0 0
0.9774531 0.02254689 0 0
0.6585425 0.235747 0.06470697 0.04100353
0.765862 0.1499913 0.06826492 0.01588188
0.8578779 0.08051883 0.05573425 0.005869044
0.5523469 0.3116329 0.07901356 0.05700655
0.8695223 0.1304778 0 0
0.9851893 0.01481075 0 0
0.893054 0.106946 0 0
0.9848212 0.007863355 0.007315437 0
1 0 0 0
1 0 0 0
1 0 0 0
0.9979602 0.002039879 0 0
1 0 0 0
0.9314294 0.06857056 0 0
0.8171831 0.1802115 0.002605424 0
0.7250687 0.2692577 0.005673571 0
0.8427556 0.1555409 0.001703577 0
0.7785462 0.2189749 0.002479044 0
0.7098665 0.2848298 0.005303691 0
0.7689621 0.2284711 0.002566802 0
0.7539549 0.2435866 0.002458491 0
0.8469655 0.1530345 0 0
0.8735872 0.1264128 0 0
0.9556662 0.04433378 0 0
0.9497297 0.0502703 0 0
0.9805981 0.01940191 0 0
0.8844063 0.1155937 0 0
0.9302806 0.06971939 0 0
1 0 0 0
1 0 0 0
1 0 0 0
0.9432055 0.05679449 0 0
0.9867406 0.01325941 0 0
1 0 0 0
1 0 0 0
0.9976743 0.002325685 0 0
1 0 0 0
1 0 0 0
1 0 0 0
1 0 0 0
1 0 0 0
1 0 0 0
1 0 0 0
1 0 0 0
1 0 0 0
1 0 0 0
1 0 0 0
1 0 0 0
1 0 0 0
1 0 0 0
1 0 0 0
1 0 0 0
1 0 0 0
1 0 0 0
1 0 0 0
1 0 0 0
1 0 0 0
1 0 0 0
1 0 0 0
1 0 0 0
1 0 0 0
1 0 0 0
1 0 0 0
1 0 0 0
1 0 0 0
1 0 0 0
1 0 0 0
1 0 0 0
1 0 0 0
1 0 0 0
0.9033439 0.07476623 0.02066487 0.001225045
1 0 0 0
0.9870058 0.01299422 0 0
0.9869006 0.01309943 0 0
1 0 0 0
0.9036648 0.08020426 0.01613095 0
1 0 0 0
1 0 0 0
1 0 0 0
0.9419541 0.05441885 0.003627057 0
0.8515128 0.1252215 0.02191344 0.001352195
0.8528882 0.1191068 0.02637384 0.001631308
0.8029017 0.1684179 0.02699154 0.001688896
0.8598148 0.09987222 0.03769718 0.002615832
0.794704 0.1058055 0.09028814 0.009202365
0.8161607 0.146634 0.03483836 0.002366917
0.753419 0.1869552 0.05482582 0.004799999
0.7357892 0.1497664 0.1033686 0.01107583
0.7068472 0.1673593 0.1050249 0.02076859
0.6510383 0.1832025 0.142419 0.02334019
0.6607174 0.1977396 0.1279979 0.01354514
0.5811579 0.2611694 0.09970576 0.05796692
0.5134404 0.2726094 0.1556207 0.05832951
0.5702693 0.2124835 0.1914679 0.02577926
0.4532296 0.3389976 0.1111068 0.09666605
0.4095229 0.3846115 0.1519783 0.05388732
0.4370351 0.3363792 0.2032464 0.02333919
0.6767686 0.2396132 0.07721611 0.00640202
0.5755068 0.2535694 0.1551464 0.01577745
0.7423425 0.2297579 0.0262954 0.001604211
0.4086365 0.3373215 0.1532348 0.1008072
0.3844234 0.3527971 0.1744468 0.08833277
0.4051152 0.2875558 0.2518816 0.05544737
0.4094187 0.3422561 0.2119767 0.03634849
0.455828 0.2852674 0.2088803 0.05002434
0.4419614 0.3869394 0.1432426 0.02785655
0.4902505 0.251444 0.2319206 0.02638486
0.5370864 0.3622336 0.08863874 0.01204124
0.6615738 0.2927976 0.04121867 0.004409974
0.7303443 0.246802 0.02040354 0.002450095
0.6416907 0.2996004 0.05056175 0.008147152
0.5314409 0.3544575 0.09519894 0.01890259
0.4494838 0.3771772 0.1347709 0.03856806
0.7393601 0.241469 0.01762008 0.00155082
0.7973617 0.1963118 0.00632648 0
0.3897834 0.3615761 0.1897869 0.05885376
0.778778 0.2114376 0.009784388 0
0.8149056 0.1821447 0.001828972 0.001120778
0.8266478 0.1719511 0.001401172 0
0.8373634 0.1612897 0.00134687 0
0.8484329 0.1515671 0 0
0.8573198 0.1426802 0 0
0.8352734 0.1634604 0.001266249 0
0.8306475 0.1676365 0.001715957 0
0.7623096 0.2228183 0.01312803 0.001744102
0.756795 0.2268088 0.01415488 0.002241257
0.8093299 0.1871503 0.002016731 0.001503019
0.8209794 0.1769172 0.00210345 0
0.8013153 0.1943931 0.002474009 0.001817568
0.8157141 0.1818601 0.002425792 0
0.7946303 0.2002778 0.003023501 0.002068378
0.7930412 0.2017166 0.002961698 0.002280388
0.8111143 0.1862544 0.002631289 0
0.8134545 0.1838176 0.002727883 0
0.7167395 0.2548226 0.02447356 0.003964233
0.7457036 0.2337658 0.01695013 0.003580394
0.6332882 0.300273 0.05462814 0.01181065
0.7022443 0.2622905 0.02926344 0.006201687
0.6925457 0.2668791 0.03175338 0.008821891
0.5467752 0.3368825 0.09004728 0.0262951
0.7944393 0.2004002 0.002820301 0.002340152
0.739162 0.237919 0.0169103 0.006008761
0.8236938 0.1736492 0.002657018 0
0.7385498 0.2380562 0.01833956 0.005054531
0.7979558 0.197092 0.002762291 0.002189901
0.8071675 0.1888288 0.002046413 0.001957315
0.830862 0.1667733 0.002364602 0
0.8343206 0.1639129 0.001766494 0
0.8214613 0.1758299 0.001628002 0.001080706
0.7822207 0.2105233 0.00455134 0.002704673
0.7461404 0.2340642 0.01371377 0.006081558
0.7555351 0.2276195 0.01094539 0.00590001
0.7108582 0.259599 0.01862762 0.01091524
0.7346204 0.2500244 0.009339165 0.006016041
0.672447 0.2939749 0.01905005 0.0145281
0.7040106 0.2636876 0.02219425 0.01010754
0.6923504 0.2678346 0.02926422 0.01055077
0.6420345 0.3011625 0.03796333 0.01883968
0.6498244 0.2986078 0.03126083 0.02030693
0.6271371 0.30136 0.051621 0.01988198
0.5833232 0.3365438 0.04662627 0.03350678
0.6084781 0.3356774 0.03043829 0.02540624
0.570657 0.3390383 0.05858274 0.03172198
0.5046967 0.3733301 0.06721701 0.05475628
0.5158071 0.3801993 0.05242025 0.05157337
0.6280972 0.2996054 0.0560101 0.01628732
0.552908 0.3349838 0.07970232 0.03240586
0.4767903 0.3648312 0.1108941 0.04748434
0.4985738 0.3697273 0.08351439 0.04818464
0.4018337 0.3952216 0.1039774 0.09896735
0.4126986 0.4019323 0.1021492 0.08321981
0.3862819 0.3795265 0.1573782 0.07681333
0.3973032 0.3885333 0.1267862 0.08737729
0.4150953 0.2854124 0.1548671 0.1446253
0.424306 0.2833058 0.1717405 0.1206476
0.3952951 0.271266 0.2499737 0.08346515
0.3996511 0.2772017 0.2112376 0.1119097
0.4115886 0.27851 0.1751614 0.13474
0.3885452 0.3101974 0.1782477 0.1230096
0.4046624 0.2268121 0.1897723 0.1787531
0.4117471 0.2528611 0.1776785 0.1577134
0.4004659 0.2263791 0.1943238 0.1788311
0.3916678 0.2694802 0.1788305 0.1600215
0.3798633 0.3545695 0.1924267 0.07314048
0.3755719 0.317872 0.2234955 0.08306055
0.3791742 0.3467991 0.1843479 0.08967882
0.3566488 0.3244762 0.2387236 0.08015141
0.4000219 0.3018402 0.2534109 0.044727
0.3705822 0.2808725 0.2707973 0.07774805
0.4021216 0.3169491 0.2349603 0.04596907
0.4371745 0.3294972 0.187732 0.04559623
0.3378656 0.309556 0.3045652 0.04801326
0.361196 0.3124706 0.2834167 0.04291679
0.4140824 0.3190483 0.2399006 0.02696875
0.4746889 0.2585296 0.2392952 0.02748618
0.539014 0.2444706 0.1936833 0.02283209
0.3830183 0.3439548 0.2451566 0.02787018
0.4320809 0.2842263 0.2575955 0.02609736
0.492313 0.3176877 0.1734549 0.0165444
0.4163764 0.3863558 0.1813799 0.01588797
0.452435 0.3401569 0.1916409 0.01576724
0.4912887 0.2779204 0.2140263 0.01676456
0.5103645 0.2477272 0.2228234 0.01908489
0.5795267 0.3058375 0.1067626 0.007873226
0.4874993 0.3776012 0.1268054 0.008093987
0.438342 0.4105448 0.1426448 0.008468506
0.5617921 0.2251328 0.1975924 0.01548267
0.6511265 0.1624012 0.1594181 0.02705422
0.4985028 0.3313737 0.1604133 0.009710229
0.5467384 0.263487 0.1782458 0.01152871
0.6679827 0.2893339 0.04055336 0.002130042
0.5802377 0.3504792 0.06534801 0.003935004
0.4836385 0.4153561 0.09427131 0.006734072
0.4738447 0.4018159 0.1143972 0.009942142
0.5354162 0.3185617 0.1316508 0.01437132
0.5888659 0.2474104 0.1434499 0.02027384
0.707444 0.2683299 0.02275336 0.001472651
0.6330876 0.3283106 0.03542176 0.003180022
0.5582721 0.379858 0.05651953 0.005350371
0.4708188 0.4366851 0.08410098 0.008395166
0.4837421 0.3987156 0.1063734 0.01116894
0.6241302 0.2003189 0.1470724 0.02847839
0.5669861 0.2974705 0.1159965 0.01954696
0.6605347 0.1808534 0.1190321 0.0395798
0.6805663 0.1468022 0.1336532 0.03897841
0.6161142 0.2366065 0.1197006 0.02757862
0.7073882 0.1446394 0.08569668 0.06227566
0.7078024 0.1284302 0.09791779 0.06584956
0.691415 0.1824095 0.07968054 0.046495
0.6584186 0.2379978 0.06984689 0.03373674
0.5880136 0.3240696 0.06579778 0.02211895
0.5274994 0.4068367 0.0503962 0.01526763
0.7218218 0.1136675 0.1105821 0.05392859
0.7246039 0.1169756 0.09929152 0.059129
0.7100314 0.1866251 0.07053595 0.0328075
0.7250125 0.139551 0.09175453 0.043682
0.7189963 0.1783555 0.07290679 0.02974133
0.6946604 0.2331756 0.05688645 0.01527757
0.503454 0.4499421 0.03779666 0.008807181
0.6019577 0.3486775 0.02564107 0.02372371
0.5789376 0.3935408 0.02241479 0.005106746
0.54197 0.4321901 0.01551996 0.01031998
0.647725 0.3354894 0.01413837 0.002647216
0.5207775 0.4715676 0.007654877 0
0.6002479 0.3927308 0.003639757 0.003381497
0.7051299 0.1959564 0.0919903 0.006923419
0.6670841 0.27505 0.05498806 0.002877866
0.6149825 0.3541254 0.03089202 0
0.556181 0.4269969 0.01682219 0
0.5285712 0.464167 0.007261818 0
0.7227365 0.1355621 0.1328713 0.008830165
0.7211168 0.1688872 0.09564762 0.0143483
0.7111913 0.1892775 0.07598419 0.02354707
0.6616153 0.2899857 0.04086218 0.007536781
0.663297 0.2868354 0.03871136 0.01115623
0.5878214 0.3981921 0.01398641 0
0.6717025 0.2736352 0.05135128 0.003310973
0.6869743 0.2319466 0.07993843 0.001140637
0.6979705 0.1641035 0.1379261 0
0.5880238 0.3970609 0.0149152 0
0.6873425 0.2127744 0.09988308 0
0.6781272 0.1839686 0.1379042 0
0.6475236 0.300248 0.05222838 0
0.5977046 0.3832489 0.01904652 0
0.5263246 0.4681123 0.005563037 0
0.527379 0.4675789 0.005042126 0
0.6569811 0.2658761 0.07714291 0
0.5325231 0.4606156 0.006861256 0
0.6231089 0.3412569 0.03563422 0
0.5507922 0.4473897 0.001818186 0
0.5817363 0.4171471 0.001116602 0
0.5832229 0.3920001 0.02477699 0
0.5437801 0.4537309 0.002488887 0
0.5727778 0.4258756 0.001346507 0
0.5795656 0.4193001 0.001134287 0
0.5121765 0.4758993 0.01192423 0
0.5695809 0.4286439 0.001775255 0
0.5934672 0.4052317 0.001301207 0
0.5889552 0.4099169 0.001127906 0
0.558106 0.4391501 0.002743883 0
0.5226079 0.4730503 0.004341731 0
0.6103848 0.3879308 0.001684282 0
0.601472 0.397494 0.001034012 0
0.6337035 0.3606144 0.005682023 0
0.6196651 0.3776691 0.002665828 0
0.6388113 0.3548878 0.006300922 0
0.6523579 0.3257307 0.02191135 0
0.6535137 0.3225566 0.02392967 0
0.6655501 0.3016962 0.03275366 0
0.6470195 0.3434719 0.009508602 0
0.6662081 0.2959044 0.03788746 0
0.6626174 0.2698126 0.06757006 0
0.6309752 0.3648997 0.00412511 0
0.6572054 0.3128146 0.02997999 0
0.6609508 0.2642136 0.07483555 0
0.6593076 0.2275546 0.1131378 0
0.6541757 0.3383315 0.007492842 0
0.667724 0.2832488 0.04902723 0
0.6486667 0.2191236 0.1322097 0
0.6406996 0.1940084 0.165292 0
0.6598366 0.3038989 0.0362645 0
0.6570116 0.2533404 0.08964799 0
0.6240526 0.192599 0.1833485 0
0.5359456 0.3485345 0.11552 0
0.6658139 0.2754778 0.05870837 0
0.6416157 0.204252 0.1541324 0
0.5102846 0.3811268 0.1085886 0
0.6251318 0.3228015 0.05206674 0
0.6495256 0.2431267 0.1073477 0
0.6077175 0.225355 0.1669275 0
0.6442389 0.3015997 0.0486449 0.005516536
0.7715474 0.1733987 0.03007874 0.02497514
0.6311329 0.2015404 0.1673267 0
0.5023494 0.394858 0.1027925 0
0.7772903 0.1624912 0.0372577 0.02296074
0.8075991 0.1205431 0.05492283 0.01693499
0.5849931 0.2506809 0.1643261 0
0.6485922 0.3024211 0.04680818 0.002178491
0.8067429 0.1156971 0.06179143 0.01576863
0.8020875 0.120636 0.06082688 0.01644966
0.8411509 0.08045056 0.06965189 0.008746626
0.8333177 0.08519321 0.07250404 0.00898505
0.8495372 0.09211813 0.05232565 0.006019011
0.4895623 0.4055135 0.1049242 0
0.7791642 0.1624959 0.03579542 0.02254449
0.8249267 0.08572867 0.07926681 0.01007786
0.6041088 0.2084814 0.1874098 0
0.5496214 0.2994627 0.1509159 0
0.6371612 0.2305432 0.1322957 0
0.6595597 0.2625077 0.07793267 0
0.6613731 0.2878756 0.05075123 0
0.6627548 0.3203384 0.01690677 0
0.6454281 0.3482868 0.006285072 0
0.6000794 0.3968588 0.001580994 0.001480849
0.6262323 0.2219539 0.1518138 0
0.6515152 0.252049 0.09643576 0
0.6302394 0.2302026 0.1395579 0
0.5812823 0.2412557 0.177462 0
0.6592719 0.2701435 0.07058467 0
0.6601174 0.3047794 0.03510315 0
0.6496453 0.3326402 0.01771439 0
0.6567655 0.2833094 0.05992517 0
0.6517416 0.3168679 0.03139045 0
0.6332295 0.3592313 0.006297781 0.00124151
0.6197646 0.3762743 0.002666693 0.001294373
0.5861637 0.4107092 0.001950624 0.001176485
0.5700928 0.4274971 0.002410172 0
0.5238135 0.4707878 0.005398642 0
0.6568589 0.3002975 0.04284353 0
0.640292 0.3521715 0.006169843 0.001366639
0.6171151 0.3783866 0.002769459 0.001728838
0.6039215 0.3925394 0.001782884 0.001756193
0.5906905 0.4070728 0.002236737 0
0.5681789 0.4290368 0.0027843 0
0.5819281 0.4152214 0.002850472 0
0.6034748 0.3938915 0.002633725 0
0.540309 0.4554351 0.004255969 0
0.5530506 0.4425944 0.004355032 0
0.6512039 0.3401791 0.007192309 0.001424756
0.5735362 0.4222569 0.004206875 0
0.5078012 0.4841668 0.008032009 0
0.6046897 0.39193 0.003380329 0
0.6638045 0.2872348 0.04896065 0
0.6537036 0.3375145 0.007065057 0.001716836
0.6559269 0.2650625 0.07901054 0
0.5394168 0.4539642 0.006618974 0
0.5665142 0.4278089 0.005676887 0
0.4972675 0.4918805 0.01085193 0
0.6064765 0.3897301 0.003793377 0
0.5224417 0.468046 0.009512222 0
0.5561376 0.4367978 0.007064543 0
0.5091253 0.4697841 0.0210906 0
0.5242549 0.4574379 0.01830718 0
0.5550826 0.4214396 0.02347787 0
0.57174 0.4210406 0.007219432 0
0.618116 0.3758893 0.003798909 0.002195885
0.5128416 0.476194 0.01096447 0
0.6642371 0.3270501 0.007024819 0.001687922
0.6833007 0.2768528 0.03984657 0
0.502376 0.4893378 0.008286158 0
0.6576235 0.249786 0.09259049 0
0.551278 0.4366544 0.01206764 0
0.5925563 0.3800439 0.02739987 0
0.5341403 0.4519736 0.0138861 0
0.6247928 0.324921 0.05028631 0
0.5725038 0.4004952 0.02700101 0
0.6328319 0.3099227 0.05724542 0
0.631273 0.2970014 0.0717257 0
0.6574692 0.246614 0.09591682 0
0.6725193 0.1806647 0.146816 0
0.6026478 0.3507782 0.04657407 0
0.6681879 0.2407988 0.09101335 0
0.6171567 0.3438887 0.03895466 0
0.6588454 0.22731 0.1138446 0
0.5826721 0.3729391 0.04438879 0
0.6441385 0.293461 0.06240055 0
0.5521193 0.4295085 0.01837227 0
0.5710847 0.3997479 0.02916744 0
0.6592783 0.2312166 0.1095051 0
0.6332174 0.2897331 0.07704958 0
0.5107228 0.4787077 0.0105695 0
0.5708082 0.3936348 0.03555697 0
0.6550195 0.2010386 0.1439419 0
0.6413883 0.2173765 0.1412351 0
0.5925691 0.3592258 0.04820516 0
0.5474352 0.4458035 0.006761343 0
0.5060776 0.4787082 0.01521421 0
0.6008664 0.3190301 0.08010349 0
0.6292238 0.2592935 0.1114827 0
0.6081563 0.3885566 0.003287071 0
0.5767458 0.417635 0.005619215 0
0.6275735 0.2048208 0.1676057 0
0.6637978 0.3321904 0.002804714 0.001207186
0.6201406 0.3767897 0.003069617 0
0.7052903 0.2848233 0.009886362 0
0.7075691 0.2924309 0 0
0.7710532 0.2049257 0.02260936 0.0014118
0.8841265 0.1062706 0.00960295 0
0.7893924 0.2054728 0.005134812 0
0.8678589 0.1294351 0.00270594 0
0.7641351 0.2358648 0 0
0.9914305 0.0085695 0 0
0.6902639 0.3097362 0 0
0.857866 0.142134 0 0
0.6371168 0.3602513 0.002631916 0
0.750756 0.249244 0 0
0.9898016 0.01019835 0 0
0.5470411 0.4451633 0.007795638 0
0.5129225 0.4686158 0.01846162 0
0.5510575 0.421437 0.0275056 0
0.6793153 0.3196409 0.00104372 0
0.5957152 0.3994861 0.004798671 0
0.5024367 0.4842065 0.01335682 0
0.8378979 0.1621021 0 0
0.5203345 0.4597678 0.01989777 0
0.5630559 0.4060229 0.03092125 0
0.5404154 0.4352038 0.02438079 0
0.595665 0.3466093 0.05772568 0
0.6191143 0.3004456 0.0804401 0
0.5756818 0.3871519 0.03716632 0
0.5589519 0.4113632 0.02968491 0
0.5227398 0.4674883 0.009771854 0
0.4934118 0.4928041 0.01378403 0
0.5184672 0.4645868 0.01694605 0
0.5585952 0.4345024 0.006902421 0
0.6294429 0.3672422 0.003314836 0
0.72498 0.2750201 0 0
0.5895719 0.3661149 0.04431326 0
0.5450267 0.4332691 0.02170422 0
0.5023164 0.4863153 0.01136829 0
0.532472 0.4590837 0.008444319 0
0.552381 0.4411483 0.006470688 0
0.5623963 0.4312218 0.006381888 0
0.5914372 0.4037948 0.004768045 0
0.6584989 0.3395428 0.001958268 0
0.651288 0.3468873 0.001824774 0
0.6209123 0.375958 0.003129696 0
0.5899423 0.4055139 0.004543843 0
0.5893092 0.377679 0.03301183 0
0.5480207 0.4352204 0.0167589 0
0.6242164 0.3138051 0.06197847 0
0.6415679 0.3563341 0.002097949 0
0.68265 0.3173501 0 0
0.605909 0.390762 0.003329064 0
0.691797 0.308203 0 0
0.7210774 0.2789226 0 0
0.7932786 0.2067214 0 0
0.7360271 0.2639729 0 0
0.796717 0.203283 0 0
0.7015051 0.298495 0 0
0.7519458 0.2480542 0 0
0.7020464 0.2979536 0 0
0.8247291 0.1752709 0 0
0.6843676 0.3156324 0 0
0.7644364 0.2355636 0 0
0.9060834 0.09391659 0 0
0.9020337 0.09128381 0.006682435 0
0.9293756 0.07062437 0 0
0.7429376 0.2570624 0 0
0.8805188 0.1194812 0 0
0.8529709 0.1470291 0 0
0.9705678 0.02943226 0 0
0.9711704 0.02882958 0 0
0.9981799 0.001820148 0 0
1 0 0 0
1 0 0 0
1 0 0 0
1 0 0 0
1 0 0 0
1 0 0 0
1 0 0 0
1 0 0 0
1 0 0 0
1 0 0 0
1 0 0 0
1 0 0 0
1 0 0 0
1 0 0 0
1 0 0 0
1 0 0 0
1 0 0 0
1 0 0 0
1 0 0 0
1 0 0 0
1 0 0 0
1 0 0 0
1 0 0 0
1 0 0 0
1 0 0 0
1 0 0 0
1 0 0 0
1 0 0 0
1 0 0 0
1 0 0 0
1 0 0 0
1 0 0 0
1 0 0 0
1 0 0 0
1 0 0 0
1 0 0 0
1 0 0 0
1 0 0 0
1 0 0 0
1 0 0 0
1 0 0 0
1 0 0 0
1 0 0 0
1 0 0 0
1 0 0 0
1 0 0 0
1 0 0 0
1 0 0 0
1 0 0 0
0.9548522 0.02267342 0.02138871 0.001085725
1 0 0 0
0.9040906 0.06740926 0.02690777 0.001592432
0.9151164 0.06387167 0.01819235 0.002819606
0.9721388 0.0278612 0 0
0.8836151 0.07476959 0.03732355 0.004291766
0.8497593 0.1302217 0.01410122 0.005917715
0.8885261 0.1114739 0 0
0.8421682 0.1229549 0.03281938 0.002057423
1 0 0 0
0.9889671 0.01103292 0 0
0.9797701 0.02022996 0 0
0.9620788 0.03792117 0 0
1 0 0 0
0.7956636 0.1846214 0.01008817 0.009626785
0.8381044 0.1600826 0.001813082 0
0.8072255 0.1795919 0.01318256 0
0.7469038 0.2398094 0.01328679 0
0.9316084 0.06839156 0 0
0.915355 0.084645 0 0
0.8853556 0.1146444 0 0
0.8556736 0.1443265 0 0
0.845232 0.1536347 0.001133302 0
0.8171641 0.1805189 0.002317035 0
0.8312405 0.1668796 0.001879842 0
0.7049668 0.2950331 0 0
0.9017338 0.09826626 0 0
0.8048283 0.1923114 0.00286029 0
0.7901257 0.1966251 0.008801589 0.004447665
0.7692976 0.2254705 0.005231893 0
0.7164343 0.2544805 0.02092133 0.008163883
0.5692369 0.4256404 0.005122677 0
0.7047755 0.251466 0.02379165 0.0199668
0.7998013 0.160854 0.02860846 0.01073634
0.6142023 0.2636143 0.0679961 0.05418725
0.5620864 0.3605744 0.05893722 0.01840197
0.6018859 0.3440603 0.04580259 0.008251189
0.6426533 0.3256175 0.02917985 0.002549375
0.7944459 0.1008583 0.09492686 0.009769015
0.718542 0.1755193 0.08337104 0.02256777
0.6633266 0.1763382 0.1392459 0.02108929
0.7805691 0.1872412 0.03029428 0.001895349
0.7333894 0.1597858 0.09666893 0.01015589
0.6726085 0.3160719 0.0113196 0
0.6924768 0.2966815 0.009677665 0.001163996
0.6520944 0.3466808 0.00122481 0
0.6786742 0.3036476 0.01577532 0.001902952
0.7178054 0.2401882 0.03976982 0.002236659
0.5360344 0.457197 0.006768592 0
0.6095273 0.3875708 0.002901932 0
0.503073 0.4875587 0.00936838 0
0.5072213 0.4827639 0.0100148 0
0.6309476 0.3426027 0.02311095 0.003338672
0.6944024 0.2116736 0.08586185 0.00806204
0.6319659 0.235082 0.1211578 0.01179429
0.5306265 0.4566501 0.01272351 0
0.5606769 0.4342209 0.005102307 0
0.6331006 0.2972218 0.06643774 0.00323992
0.5656489 0.3918664 0.03690976 0.005575065
0.516331 0.4759696 0.007699415 0
0.5579212 0.4257797 0.01629912 0
0.5363796 0.292286 0.1564478 0.01488666
0.5349354 0.3639114 0.09668327 0.004470033
0.4812813 0.4511186 0.05813763 0.00946247
0.5377885 0.4302084 0.01783375 0.01416938
0.5355069 0.2245779 0.2134824 0.02643284
0.4500275 0.3058553 0.1758727 0.06824457
0.5370021 0.2776421 0.1171457 0.06821014
0.4204483 0.364758 0.1293169 0.08547684
0.4967481 0.3497242 0.1018907 0.05163698
0.4397772 0.4372256 0.1100851 0.01291207
0.4099503 0.3902493 0.1651252 0.03467526
0.4863692 0.4355691 0.07417209 0.003889542
0.5273994 0.4163068 0.05434782 0.001946037
0.4692647 0.3388327 0.1806704 0.01123228
0.4418708 0.296772 0.2392113 0.02214597
0.5019655 0.3727834 0.1226117 0.002639511
0.5609207 0.4135709 0.02550848 0
0.4901715 0.4199539 0.08852918 0.00134543
0.7099944 0.2826725 0.007333131 0
0.4933961 0.2505777 0.2487795 0.007246636
0.4597565 0.3170064 0.2111987 0.01203838
0.546036 0.2716415 0.1809014 0.001421176
0.4285108 0.2940553 0.2467955 0.03063837
0.4272266 0.3781136 0.1768534 0.01780643
0.4483361 0.4016435 0.1429428 0.007077632
0.498121 0.3233404 0.1742091 0.004329542
0.4083263 0.3306696 0.208938 0.05206602
0.5471572 0.3211831 0.1316597 0
0.5642837 0.2465644 0.1891518 0
0.4954244 0.458967 0.04560862 0
0.5982259 0.3833595 0.01841467 0
0.7561341 0.2399172 0.003948732 0
0.4018464 0.3551271 0.2029009 0.0401256
0.3980569 0.2720482 0.2630725 0.06682255
0.4239552 0.3994883 0.1535288 0.02302763
0.46291 0.3975492 0.1262287 0.01331204
0.4884308 0.419492 0.0885333 0.003543966
0.5819926 0.344922 0.06708536 0.006000044
0.5287524 0.3678055 0.09077284 0.01266929
0.4997003 0.3713243 0.1081189 0.02085653
0.4865561 0.3948847 0.1162399 0.002319349
0.6050929 0.3227075 0.06297889 0.009220708
0.3934743 0.3121326 0.2154937 0.07889935
0.4401769 0.3809913 0.139063 0.03976872
0.3886688 0.3394074 0.1756746 0.09624934
0.3850458 0.3584421 0.1283832 0.1281289
0.3999747 0.2794276 0.2057216 0.1148762
0.3744825 0.3303025 0.1559396 0.1392754
0.3950692 0.3389705 0.1717424 0.09421796
0.4648486 0.3691502 0.1131619 0.05283931
0.4061657 0.2274556 0.2268299 0.1395488
0.5723491 0.3260723 0.07827824 0.02330041
0.5922839 0.3223611 0.07037251 0.01498247
0.5783736 0.3252657 0.06784046 0.02852016
0.3836872 0.3535829 0.1921902 0.07053975
0.3858796 0.273061 0.1884274 0.152632
0.4090112 0.3149047 0.2283829 0.04770114
0.3648989 0.3122477 0.2357805 0.0870728
0.4413166 0.2816985 0.2490893 0.02789552
0.3364162 0.3219051 0.2862995 0.05537916
0.4422626 0.3568934 0.183916 0.01692799
0.3531522 0.3462575 0.266708 0.03388231
0.4358243 0.4333646 0.1244544 0.006356741
0.4203506 0.3544279 0.2060403 0.01918117
0.5100483 0.3942778 0.08144615 0.01422771
0.5002544 0.3426915 0.1477242 0.009329977
0.3846781 0.2781981 0.2531505 0.0839733
0.3410246 0.3348789 0.2712701 0.05282633
0.3970516 0.289521 0.2803853 0.03304206
0.4777653 0.2785059 0.2253686 0.01836022
0.3978515 0.2228873 0.2227163 0.1565449
0.4194782 0.2324052 0.1822321 0.1658845
0.4116218 0.3510657 0.1316765 0.1056359
0.5017267 0.3753276 0.07407763 0.04886802
0.5971864 0.3294318 0.04754917 0.02583252
0.4011532 0.2588117 0.1831567 0.1568784
0.416022 0.2393935 0.193502 0.1510825
0.4122417 0.350425 0.1265219 0.1108114
0.4793203 0.3843015 0.06895368 0.06742451
0.382383 0.3214224 0.2042099 0.09198464
0.379855 0.345004 0.2160548 0.05908615
0.4457552 0.2951201 0.2218587 0.03726602
0.4369642 0.3320294 0.1394858 0.09152061
0.4312131 0.2227825 0.2178753 0.1281291
0.4080434 0.2980265 0.1545132 0.139417
0.3765426 0.3653778 0.1708948 0.08718491
0.4704146 0.4142247 0.06256627 0.0527945
0.4175011 0.3613679 0.1669137 0.0542174
0.5242373 0.2334581 0.2204161 0.02188868
0.4822775 0.3120147 0.1706201 0.03508769
0.4245397 0.3541916 0.157917 0.06335171
0.4012619 0.3419237 0.142358 0.1144565
0.5606944 0.2626887 0.1636018 0.01301519
0.4369387 0.2591797 0.1825541 0.1213275
0.456497 0.3030982 0.1557745 0.08463033
0.5653422 0.3128725 0.1020307 0.01975458
0.4677686 0.4467145 0.04363958 0.0418773
0.5894204 0.3477441 0.0416778 0.02115763
0.6086636 0.3650123 0.02632411 0
0.5811996 0.3974744 0.02132593 0
0.4185453 0.3003232 0.1698345 0.111297
0.4004391 0.2726979 0.1720282 0.1548348
0.46421 0.4130358 0.06152228 0.06123191
0.365931 0.3550489 0.1826637 0.09635647
0.6171044 0.3676805 0.01521511 0
0.452181 0.2995861 0.1926002 0.05563258
0.6012895 0.3850092 0.01370136 0
0.724818 0.2695979 0.005584073 0
0.5150611 0.2819195 0.1670592 0.0359603
0.5449147 0.2383517 0.1860318 0.03070186
0.5998736 0.3537196 0.02499492 0.02141185
0.6035123 0.2129796 0.1631293 0.02037893
0.6308483 0.1767213 0.1732804 0.01914996
0.5706079 0.2380449 0.1711907 0.02015644
0.5952154 0.3350526 0.03801229 0.03171976
0.7143601 0.2675799 0.01072664 0.007333351
0.6665533 0.1526462 0.1498176 0.03098283
0.6805962 0.1507086 0.1317523 0.03694285
0.5987677 0.2079974 0.1727135 0.02052149
0.6480179 0.168777 0.1601412 0.02306381
0.5952772 0.3289181 0.04573599 0.03006869
0.6994531 0.1336649 0.1166632 0.05021874
0.7021201 0.1350264 0.1121227 0.0507308
0.6149665 0.2417923 0.1159299 0.02731128
0.6536075 0.1861801 0.1228762 0.03733606
0.6943007 0.1412775 0.1187515 0.04567028
0.706589 0.2731493 0.01231096 0.007950702
0.6870377 0.2758282 0.02329098 0.01384311
0.7190725 0.1163526 0.08796614 0.07660874
0.7204613 0.1255708 0.0880631 0.06590471
0.7323343 0.1106974 0.09585562 0.06111266
0.7129214 0.1247219 0.08569127 0.07666548
0.7270876 0.1023441 0.1019107 0.06865752
0.733749 0.1079787 0.1047722 0.05350017
0.7058181 0.1539317 0.08459365 0.05565656
0.6909417 0.2735045 0.02411882 0.01143503
0.7283253 0.1184834 0.09399232 0.05919899
0.7122195 0.2102299 0.06175265 0.01579786
0.7192442 0.1125388 0.09967031 0.06854674
0.6796355 0.2056997 0.07566241 0.03900233
0.7211297 0.1382515 0.08214399 0.0584748
0.755537 0.2276182 0.01094484 0.005899975
0.6791977 0.2763695 0.03234082 0.01209204
0.6784456 0.275702 0.03589883 0.009953517
0.7391781 0.2379086 0.01690614 0.006007121
0.6353279 0.2731482 0.06351777 0.02800611
0.6498313 0.2957194 0.03708034 0.01736901
0.6800677 0.2417797 0.04306614 0.03508638
0.7114577 0.1826424 0.05764505 0.0482548
0.7037349 0.216536 0.0601783 0.01955081
0.6732081 0.2725118 0.04910448 0.005175613
0.7252554 0.1626971 0.07812694 0.03392061
0.7248965 0.1284922 0.09826551 0.04834579
0.7257499 0.1635091 0.107334 0.003407131
0.6256791 0.3404 0.0339209 0
0.7178798 0.1546041 0.1275161 0
0.6975635 0.206487 0.09594939 0
0.6686445 0.2650191 0.06633642 0
0.7202232 0.1152006 0.1055296 0.0590466
0.7049047 0.2129065 0.06320689 0.01898199
0.7182045 0.1943621 0.07832663 0.009106786
0.6506857 0.3120581 0.03725615 0
0.6751162 0.2468545 0.07802936 0
0.6339185 0.3244552 0.04162639 0
0.6842085 0.1906024 0.1251891 0
0.7023764 0.2190818 0.05604747 0.02249438
0.6308873 0.3480482 0.02106455 0
0.6213678 0.3598488 0.01878352 0
0.5317113 0.4629162 0.005372539 0
0.6233379 0.3567233 0.0199388 0
0.527379 0.4675789 0.005042126 0
0.6323966 0.3436639 0.0239395 0
0.5452065 0.4447371 0.01005639 0
0.5064472 0.4905317 0.003021041 0
0.5015193 0.4954552 0.003025527 0
0.5413968 0.4568358 0.001767496 0
0.5317125 0.4658967 0.002390728 0
0.5262124 0.4682465 0.005541088 0
0.5791616 0.399534 0.02130444 0
0.5674313 0.4313194 0.001249375 0
0.5653159 0.4331661 0.001518112 0
0.5310008 0.4625214 0.006477766 0
0.6009521 0.3990478 0 0
0.5972372 0.4027628 0 0
0.6253121 0.3734888 0.001199124 0
0.6281562 0.3702127 0.001631102 0
0.6455133 0.3368222 0.01766456 0
0.6083313 0.3901938 0.001474853 0
0.6482898 0.3331738 0.01853641 0
0.6647613 0.3030235 0.0322153 0
0.5806096 0.4182148 0.001175571 0
0.634167 0.3633341 0.002498941 0
0.6677621 0.2990055 0.03323234 0
0.6574213 0.2639948 0.0785839 0
0.6516798 0.3265695 0.02175079 0
0.6611833 0.2605384 0.07827822 0
0.6539583 0.2256219 0.1204198 0
0.6686512 0.2926431 0.03870571 0
0.6611164 0.2243415 0.1145421 0
0.6118379 0.2036171 0.184545 0
0.6582957 0.2545921 0.08711227 0
0.6374763 0.1861446 0.1763791 0
0.569011 0.2836027 0.1473863 0
0.6478063 0.218218 0.1339756 0
0.6007327 0.2484228 0.1508444 0
0.5361194 0.3386217 0.1252588 0
0.6225966 0.1953705 0.182033 0
0.5531325 0.3252684 0.1215991 0
0.4862123 0.4069977 0.1067901 0
0.5846249 0.2670423 0.1483328 0
0.4862458 0.4186206 0.09513356 0
0.5270165 0.3951178 0.07786579 0
0.534278 0.3467598 0.1189622 0
0.5381978 0.3937384 0.06806383 0
0.6551676 0.2961347 0.04869764 0
0.4660404 0.441819 0.09214056 0
0.6490794 0.2116826 0.139238 0
0.6201222 0.204896 0.1749818 0
0.5808204 0.2777251 0.1414545 0
0.5332659 0.3529769 0.1137572 0
0.6555197 0.2469362 0.09754421 0
0.6685689 0.2840205 0.04741053 0
0.6556144 0.3174035 0.02698208 0
0.6427276 0.3532957 0.003976646 0
0.617386 0.3802156 0.002398279 0
0.5871523 0.4115028 0.001344843 0
0.5559224 0.4423632 0.001714395 0
0.6461828 0.2374202 0.116397 0
0.6659899 0.2737807 0.06022937 0
0.6594251 0.3060744 0.03450058 0
0.6547608 0.3386952 0.006543989 0
0.6302375 0.3656653 0.004097258 0
0.6039178 0.39276 0.001875069 0.001447169
0.6439869 0.3504462 0.005566821 0
0.6655816 0.3230382 0.01138026 0
0.6612757 0.2946998 0.04402443 0
0.6294643 0.2007516 0.1697841 0
0.6615729 0.2644907 0.07393636 0
0.5820094 0.2537571 0.1642335 0
0.6338707 0.2281952 0.1379341 0
0.5352547 0.3336901 0.1310553 0
0.6045467 0.2062378 0.1892155 0
0.5429525 0.3068865 0.150161 0
0.4716552 0.4224913 0.1058535 0
0.5062968 0.3810463 0.112657 0
0.4644513 0.447849 0.08769958 0
0.4560613 0.4498699 0.09305082 0.001017907
0.5530756 0.3780588 0.06652692 0.002338663
0.56559 0.3714603 0.06172017 0.001229499
0.6677456 0.288241 0.04401347 0
0.6673188 0.2813971 0.04427492 0.007009115
0.7556387 0.197039 0.02859661 0.01872568
0.7518226 0.2016292 0.03098433 0.01556385
0.8084578 0.1268096 0.04602733 0.01870524
0.5737621 0.3576976 0.06616355 0.002376703
0.6895808 0.2685381 0.03929535 0.002585682
0.8045817 0.1243098 0.05365331 0.01745517
0.8603709 0.07832786 0.05471828 0.006583011
0.7593421 0.1907729 0.02732884 0.02255608
0.698947 0.2574973 0.0394227 0.004132958
0.7683588 0.18195 0.02537031 0.02432086
0.804076 0.1200445 0.05942771 0.01645173
0.8501723 0.09042951 0.05333285 0.006065369
0.7940005 0.1765813 0.0263865 0.003031772
0.8106437 0.1591538 0.02694811 0.003254323
0.7566801 0.2433199 0 0
0.5749264 0.3515278 0.07041935 0.003126464
0.8465085 0.09694866 0.05094623 0.005596611
0.8429758 0.1040369 0.04781739 0.005169922
0.8059186 0.1141209 0.06453511 0.01542538
0.7755694 0.1722455 0.0274642 0.02472078
0.7357216 0.2642783 0 0
0.7112043 0.2887957 0 0
0.6568561 0.3431439 0 0
0.7794641 0.1924633 0.02526517 0.002807408
0.6300155 0.3699845 0 0
0.5544125 0.4455875 0 0
0.6056668 0.3943332 0 0
0.7082582 0.2453503 0.04053497 0.005856483
0.7661685 0.207507 0.02372371 0.002600732
0.7545593 0.2212118 0.02180378 0.002425033
0.5923273 0.4076727 0 0
0.5187371 0.4812629 0 0
0.5637866 0.4362134 0 0
0.5263563 0.4736436 0 0
0.524547 0.4754529 0 0
0.5613109 0.4386891 0 0
0.6877313 0.3122688 0 0
0.5625177 0.4374823 0 0
0.5033664 0.4966336 0 0
0.6650015 0.3349985 0 0
0.5495931 0.4504069 0 0
0.5998843 0.4001157 0 0
0.6307074 0.3692926 0 0
0.5145485 0.4854515 0 0
0.5680132 0.4319868 0 0
0.5024819 0.4975181 0 0
0.5706196 0.4293804 0 0
0.6197774 0.3802226 0 0
0.5590933 0.4137318 0.02717501 0
0.5035408 0.4964592 0 0
0.6520628 0.3479372 0 0
0.5274323 0.4511448 0.02142288 0
0.6549437 0.3450563 0 0
0.4806945 0.4506473 0.0686582 0
0.4780345 0.448655 0.07331058 0
0.4572176 0.3741703 0.1686122 0
0.517293 0.4676968 0.01501012 0
0.5417745 0.3966057 0.06161985 0
0.5251029 0.3256264 0.1492707 0
0.7482145 0.2323173 0.01723952 0.002228677
0.6652662 0.3347338 0 0
0.6689322 0.300467 0.03060087 0
0.7560205 0.2050564 0.02373048 0.01519269
0.5899882 0.2882336 0.1217781 0
0.7477157 0.2305052 0.01953219 0.002246933
0.7519732 0.2248407 0.01606833 0.007117736
0.8350379 0.1276758 0.03329564 0.003990693
0.835951 0.1204538 0.03908374 0.004511455
0.8393603 0.111826 0.04396101 0.004852713
0.8122243 0.09634141 0.0775947 0.01383963
0.8082638 0.1066706 0.0703562 0.0147095
0.7832032 0.1610342 0.03126488 0.02449774
0.8376279 0.1266199 0.03185816 0.003893969
0.8215353 0.08830148 0.07852592 0.0116373
0.7937208 0.1482467 0.03433114 0.02370132
0.7233681 0.2297601 0.03992376 0.00694809
0.5955172 0.3316971 0.06918322 0.003602412
