MeshAnim
1
27
52
30
-0.3395017 -0.2702548 -0.9009445 0
-0.1141324 0.9625934 -0.2457392 0
0.9336554 0.01939805 -0.357647 0
-0.1344829 1.039559 -0.01657535 1

0.007383317 -0.07411474 -0.9972224 0
0.08909932 0.9933318 -0.07316591 0
0.9959954 -0.08831162 0.01393768 0
-0.1412246 1.093898 -0.03033489 1

-0.0984263 0.4621313 0.8813328 0
0.995102 0.03751732 0.09145944 0
0.009200789 0.8860177 -0.4635603 0
-0.1061196 0.9724929 0.06633458 1

0.7454407 -0.007503539 0.6665302 0
0.6621907 -0.1061272 -0.7417823 0
0.07630265 0.9943245 -0.07414249 0
-0.1510708 0.9367102 -0.05295371 1

0.3947781 -0.0832222 -0.9149997 0
0.2232167 0.9747388 0.007651489 0
0.8912489 -0.2072639 0.4033822 0
-0.1353558 1.159326 -0.03515418 1

-0.07077487 0.4307618 0.8996865 0
0.9867762 -0.1016194 0.1262803 0
0.145822 0.8967263 -0.4178733 0
0.2536017 0.9885716 0.1023007 1

0.6410066 0.1580604 0.7510847 0
-0.3779937 -0.7866622 0.4881428 0
0.6680058 -0.5968081 -0.4445097 0
0.08614025 0.9032705 -0.3242075 1

0.5499508 -0.01914272 -0.8349777 0
0.2502793 0.9575711 0.142891 0
0.796815 -0.2875606 0.5314081 0
-0.1185526 1.232702 -0.03457819 1

-0.08500573 0.5157151 0.852533 0
0.9534638 0.2905157 -0.08066961 0
-0.289277 0.8060017 -0.5164111 0
0.7101147 0.9415594 0.1607218 1

0.6911271 0.401016 0.601274 0
-0.2468185 -0.650966 0.7178607 0
0.6792824 -0.6445385 -0.3509219 0
-0.08869448 0.5394129 -0.09842512 1

0.6555879 0.04144767 -0.7539805 0
0.3512061 0.867187 0.3530453 0
0.668475 -0.4962547 0.5539606 0
-0.09735718 1.313796 -0.02247716 1

0.7937829 -0.287564 0.5359251 0
-0.6072957 -0.3266878 0.7242009 0
-0.03317391 -0.9003233 -0.4339556 0
-0.1190913 1.303724 0.004334051 1

-0.06863438 0.4673975 0.8813794 0
0.6507621 0.6906046 -0.3155535 0
-0.7561737 0.5519103 -0.3515638 0
0.8661833 0.9891127 0.1475174 1

-0.7407219 0.2594148 -0.6197059 0
0.5839677 -0.2074168 -0.7848313 0
-0.3321342 -0.9432298 0.002148367 0
-0.08135781 1.302352 -0.05257222 1

0.726962 0.3651328 0.5815539 0
0.1502505 -0.9109676 0.3841396 0
0.6700385 -0.1918765 -0.7170999 0
-0.1303165 0.4296377 0.02263066 1

0.9519363 -0.04811179 -0.3024943 0
0.1395477 0.9472597 0.2884886 0
0.2726609 -0.3168351 0.9084446 0
-0.08403603 1.371569 -0.007718505 1

0.5365891 -0.4710916 0.7001036 0
-0.8427953 -0.3405342 0.4168128 0
0.04205214 -0.813701 -0.5797604 0
-0.162754 1.280236 0.05640181 1

-0.4671707 0.1911568 -0.8632559 0
0.5983201 -0.650493 -0.4678378 0
-0.6509724 -0.7350634 0.1895183 0
-0.03937235 1.28744 -0.1089991 1

0.549765 0.4321911 -0.714821 0
0.8317917 -0.2046829 0.5159723 0
0.07668702 -0.8782458 -0.4720206 0
-0.3667405 1.197815 0.1572854 1

0.7510282 -0.6490562 0.121175 0
0.03187679 0.2189519 0.9752151 0
-0.6595006 -0.7285509 0.1851288 0
0.1054374 1.130002 -0.2222285 1

0.6380221 0.3818823 -0.6686507 0
0.6912813 0.09845631 0.7158467 0
0.3392022 -0.9189517 -0.2011708 0
-0.1871142 1.153613 0.2687101 1

0.7707501 -0.6349264 0.05303878 0
-0.0365023 0.03910485 0.9985685 0
-0.6360914 -0.7715824 0.006963715 0
0.1123214 1.177287 -0.01162448 1

0.7146827 0.3083883 -0.6277938 0
0.5719417 -0.7743311 0.2707292 0
-0.4026305 -0.5525472 -0.7297812 0
-0.1520654 1.151057 0.3380554 1

0.6111631 0.2841143 -0.7387549 0
0.6152282 -0.7577354 0.2175572 0
-0.4979696 -0.587466 -0.637895 0
-0.1311712 1.164995 0.3162537 1

0.6468799 0.3259878 -0.6894042 0
0.6144486 -0.7582372 0.218012 0
-0.4516628 -0.5646312 -0.6907912 0
-0.1403459 1.156759 0.3284096 1

0.3426388 0.3250248 -0.8814518 0
0.93923 -0.0974265 0.3291734 0
0.02111284 -0.9406738 -0.3386551 0
-0.1551683 1.153702 0.2671597 1

0.5838579 0.255435 -0.7706249 0
0.5579838 -0.8157451 0.1523613 0
-0.5897151 -0.5189537 -0.618808 0
-0.1215278 1.169937 0.302314 1

0.805591 -0.5788849 0.1261585 0
-0.4409878 -0.4436603 0.7801895 0
-0.3956681 -0.6841478 -0.61269 0
0.1039266 1.186285 0.06044827 1

0.7836239 -0.613633 0.09689499 0
-0.4428315 -0.4423596 0.7798839 0
-0.4357 -0.6540436 -0.6183795 0
0.117301 1.174106 0.06371639 1

0.7723646 -0.6298161 0.08237158 0
-0.4434695 -0.4418528 0.7798087 0
-0.4547399 -0.6388256 -0.6205755 0
0.1276608 1.164144 0.06397577 1

0.8143015 -0.562132 0.144642 0
-0.4435249 -0.4418418 0.7797832 0
-0.3744321 -0.6991306 -0.6091121 0
0.08969205 1.196059 0.05796508 1

0.7165773 -0.6009868 0.3540232 0
-0.4469712 -0.005999535 0.8945284 0
-0.5354756 -0.7992366 -0.2729231 0
0.08738136 1.182808 0.008630691 1

0.7147201 0.3202493 -0.6217841 0
-0.5292513 -0.3335507 -0.7801518 0
-0.4572398 0.8866705 -0.06890301 0
-0.137884 1.131851 0.3447732 1

0.6447505 0.34788 -0.680644 0
-0.5360481 -0.4290118 -0.7270497 0
-0.5449303 0.8336237 -0.09012517 0
-0.1228356 1.135199 0.334583 1

0.61148 0.2984006 -0.7328363 0
-0.5849858 -0.4531609 -0.672634 0
-0.5328071 0.8400015 -0.1025386 0
-0.1103676 1.139392 0.3235921 1

0.5848972 0.2669247 -0.7659285 0
-0.6678634 -0.3773688 -0.6415226 0
-0.460276 0.8867605 -0.04245279 0
-0.1047844 1.145466 0.3068806 1

0.5468639 0.3408014 -0.7647183 0
0.8350726 -0.1566346 0.5273703 0
0.05994729 -0.9269952 -0.3702517 0
-0.1299828 1.152684 0.2715575 1

0.7704007 -0.6295924 0.1004833 0
-0.4831269 -0.6793339 -0.5523537 0
0.4160193 0.3769873 -0.8275318 0
0.1048213 1.161661 0.08567257 1

0.7561984 -0.648939 0.08392081 0
-0.5055571 -0.660851 -0.5546966 0
0.4154233 0.3770338 -0.8278099 0
0.1168042 1.153317 0.08307636 1

0.7935293 -0.5942392 0.1311164 0
-0.4420397 -0.7109644 -0.5469289 0
0.4182255 0.3760453 -0.8268483 0
0.08925026 1.171649 0.08626933 1

0.8030173 -0.5777369 0.1462332 0
-0.4225758 -0.7250125 -0.5438629 0
0.4202306 0.3749365 -0.826335 0
0.07661913 1.183022 0.08096494 1

0.7562128 -0.6288844 0.1806858 0
-0.3088363 -0.09960121 0.945886 0
-0.5768561 -0.771093 -0.2695422 0
0.07275084 1.185287 0.03007772 1

0.7187139 0.3197647 -0.6174145 0
-0.673937 0.5388249 -0.5054474 0
0.171054 0.7793707 0.6027623 0
-0.14822 1.125338 0.3295603 1

0.6556322 0.347016 -0.6706164 0
-0.7447289 0.4437398 -0.4984721 0
0.1246014 0.8262416 0.5493629 0
-0.1372119 1.123695 0.3150958 1

0.6159577 0.2982596 -0.7291347 0
-0.7682784 0.4320958 -0.4722725 0
0.1741962 0.8510784 0.4952992 0
-0.1290669 1.124916 0.3021702 1

0.5907599 0.2662652 -0.7616464 0
-0.7554896 0.5139523 -0.4063112 0
0.2832634 0.8154483 0.504783 0
-0.1231439 1.135092 0.2892515 1

0.844294 0.2950452 -0.4473432 0
0.5226039 -0.2686694 0.8091364 0
0.1185444 -0.9169323 -0.3810276 0
-0.1043233 1.147649 0.2883183 1

0.7534891 -0.6530321 0.07618202 0
0.05542897 -0.05236363 -0.9970888 0
0.65512 0.755518 -0.003258437 0
0.1069131 1.140283 0.07217614 1

0.7670666 -0.6355887 0.08738577 0
0.06424043 -0.05943145 -0.9961634 0
0.6383437 0.7697372 -0.00475733 0
0.09160493 1.143076 0.07056199 1

0.7912772 -0.6001828 0.1168828 0
0.08781107 -0.07763369 -0.9931075 0
0.6051201 0.7960865 -0.008727029 0
0.0751535 1.148975 0.06882721 1

0.8012776 -0.5818932 0.1391228 0
0.1059597 -0.09083807 -0.9902129 0
0.5888357 0.8081765 -0.01112914 0
0.06482479 1.162678 0.06573633 1

0.7836609 -0.5799419 -0.2225835 0
0.02670285 -0.3265368 0.9448074 0
-0.620615 -0.7463521 -0.2404082 0
0.0636963 1.181912 0.05910943 1

0.1180754 -0.2702547 -0.9555212 0
0.01314151 0.9625934 -0.2706311 0
0.9929177 0.01939788 0.1172102 0
-0.1113748 1.039559 -0.07717343 1

0.4699695 -0.07411474 -0.8795656 0
0.1128956 0.9933318 -0.02337867 0
0.8754332 -0.08831181 0.4752029 0
-0.1109499 1.093898 -0.09248991 1

-0.4967274 0.4621313 0.7346407 0
0.838616 0.03751714 0.5434299 0
0.2235741 0.8860177 -0.4061865 0
-0.1247904 0.972493 0.009420771 1

0.3503035 -0.007503688 0.9366067 0
0.931064 -0.1061273 -0.3490807 0
0.1020185 0.9943244 -0.03019026 0
-0.1091568 0.9367103 -0.1170937 1

0.7747799 -0.08322228 -0.6267298 0
0.194093 0.9747388 0.1105091 0
0.601701 -0.207264 0.7713608 0
-0.1035137 1.159327 -0.09402981 1

-0.4807727 0.4307618 0.7637424 0
0.8150617 -0.1016196 0.570393 0
0.3233144 0.8967263 -0.3022416 0
0.1770128 0.9885716 0.2084379 1

0.2185373 0.1580603 0.962943 0
-0.5615481 -0.7866621 0.2565668 0
0.7980636 -0.5968082 -0.08315647 0
0.226941 0.9032706 -0.2470397 1

0.8749905 -0.01914282 -0.4837615 0
0.1552069 0.9575711 0.2428343 0
0.4585875 -0.2875608 0.8408367 0
-0.08890284 1.232702 -0.08571097 1

-0.4714602 0.5157151 0.7153767 0
0.8817396 0.2905155 0.3716669 0
-0.01615405 0.8060018 -0.5916929 0
0.5540854 0.9415593 0.4723192 1

0.3325372 0.4010158 0.8535843 0
-0.5521532 -0.6509659 0.5209321 0
0.7645561 -0.6445386 0.004951864 0
-0.03279377 0.539413 -0.1283689 1

0.9308863 0.04144753 -0.3629502 0
0.1469097 0.8671869 0.4758197 0
0.3344673 -0.4962548 0.8011634 0
-0.07575881 1.313797 -0.06514602 1

0.4538035 -0.2875642 0.8434272 0
-0.8742864 -0.3266877 0.3590241 0
0.1722948 -0.9003232 -0.3996654 0
-0.1074632 1.303724 -0.05150622 1

-0.4703696 0.4673976 0.7485271 0
0.7228663 0.6906045 0.02301523 0
-0.506179 0.5519104 -0.6627054 0
0.6984137 0.9891127 0.5331558 1

-0.3678854 0.2594149 -0.8929528 0
0.8818068 -0.2074169 -0.4235507 0
-0.2950889 -0.9432297 -0.1524481 0
-0.04760621 1.302352 -0.0843586 1

0.3734319 0.3651326 0.8527765 0
-0.04547834 -0.9109676 0.4099636 0
0.9265423 -0.1918766 -0.3235785 0
-0.1259056 0.4296378 -0.04052202 1

0.9834739 -0.04811196 0.174541 0
-0.01050361 0.9472597 0.3202951 0
-0.1807456 -0.3168352 0.9310997 0
-0.07082219 1.37157 -0.04588722 1

0.1497721 -0.4710916 0.8692763 0
-0.9399608 -0.340534 -0.02259666 0
0.306663 -0.813701 -0.49381 0
-0.1703216 1.280236 -0.02569351 1

-0.01248455 0.1911569 -0.9814802 0
0.747201 -0.6504931 -0.136197 0
-0.6644812 -0.7350632 -0.1347116 0
0.01579291 1.28744 -0.1148105 1

0.8189865 0.432191 -0.3774545 0
0.496731 -0.2046831 0.8434234 0
0.2872615 -0.8782458 -0.3823155 0
-0.3978257 1.197815 -0.03116268 1

0.6086897 -0.6490563 0.456315 0
-0.424979 0.2189519 0.8783242 0
-0.6699927 -0.7285507 -0.1425615 0
0.1966359 1.130003 -0.1477739 1

0.8756779 0.3818822 -0.2955576 0
0.2794291 0.0984562 0.9551052 0
0.3938372 -0.9189518 -0.02049313 0
-0.2905561 1.153613 0.1509754 1

0.6578171 -0.6349266 0.4051486 0
-0.4963785 0.03910486 0.8672253 0
-0.5664675 -0.7715824 -0.2894402 0
0.1048589 1.177287 0.04190598 1

0.9245704 0.3083882 -0.2237547 0
0.3806152 -0.7743312 0.5055132 0
-0.01736599 -0.5525471 -0.8333009 0
-0.2917482 1.151057 0.2286656 1

0.8844743 0.2841142 -0.3701138 0
0.4436538 -0.7577355 0.4785478 0
-0.1444861 -0.5874659 -0.7962461 0
-0.2631156 1.164995 0.2190711 1

0.8931657 0.3259876 -0.3098175 0
0.4427521 -0.7582372 0.4785883 0
-0.07890141 -0.5646312 -0.8215634 0
-0.2768885 1.156759 0.225571 1

0.7130224 0.3250248 -0.6212551 0
0.6786727 -0.09742665 0.7279502 0
0.1760751 -0.9406738 -0.2900528 0
-0.2615489 1.153702 0.1644486 1

0.8751075 0.2554349 -0.4110226 0
0.4232644 -0.8157452 0.394217 0
-0.2345929 -0.5189536 -0.8219815 0
-0.2480986 1.169937 0.2112097 1

0.6546868 -0.578885 0.4860843 0
-0.7530472 -0.4436602 0.4858866 0
-0.06561601 -0.6841477 -0.7263862 0
0.06393176 1.186285 0.1018219 1

0.6488353 -0.6136332 0.4499641 0
-0.7545378 -0.4423595 0.4847592 0
-0.09841844 -0.6540435 -0.7500277 0
0.0742555 1.174106 0.1109311 1

0.645615 -0.6298162 0.4318718 0
-0.7550676 -0.4418527 0.4843962 0
-0.1142569 -0.6388255 -0.7608206 0
0.08330808 1.164144 0.1159752 1

0.6538097 -0.5621322 0.5064985 0
-0.7551048 -0.4418417 0.4843478 0
-0.04847515 -0.6991305 -0.7133493 0
0.05248175 1.196059 0.0930081 1

0.4699751 -0.600987 0.6464819 0
-0.8114811 -0.005999431 0.5843481 0
-0.3473068 -0.7992365 -0.4905093 0
0.07336252 1.182808 0.04825083 1

0.9218106 0.3202492 -0.2184159 0
-0.1060748 -0.3335506 -0.9367455 0
-0.3728449 0.8866706 -0.2735003 0
-0.2823131 1.131851 0.2412044 1

0.8872091 0.3478799 -0.3030502 0
-0.1367707 -0.4290117 -0.8928846 0
-0.4406286 0.8336238 -0.3330433 0
-0.2642528 1.135199 0.2391747 1

0.8820045 0.2984005 -0.3647259 0
-0.2053912 -0.4531607 -0.8674443 0
-0.4241252 0.8400016 -0.338401 0
-0.2481052 1.139392 0.235237 1

0.8738452 0.2669246 -0.4063812 0
-0.2932337 -0.3773687 -0.8784116 0
-0.3878253 0.8867605 -0.2514907 0
-0.2353953 1.145466 0.2230343 1

0.8396061 0.3408013 -0.4229845 0
0.4943393 -0.1566347 0.8550406 0
0.2251449 -0.9269952 -0.2999829 0
-0.241292 1.152684 0.1800469 1

0.6354591 -0.6295925 0.4469962 0
-0.1710965 -0.6793339 -0.7136052 0
0.7529397 0.3769873 -0.5394096 0
0.05300174 1.161661 0.1245728 1

0.6305806 -0.6489391 0.4257307 0
-0.1898687 -0.6608509 -0.7261035 0
0.7525412 0.3770337 -0.5399328 0
0.06481858 1.153317 0.1278426 1

0.6417027 -0.5942393 0.4848689 0
-0.1372367 -0.7109643 -0.6897076 0
0.7545756 0.3760452 -0.537779 0
0.03893692 1.171649 0.117865 1

0.6430786 -0.577737 0.5026635 0
-0.1214271 -0.7250124 -0.6779476 0
0.7561124 0.3749364 -0.5363927 0
0.03021768 1.183022 0.1072982 1

0.5856244 -0.6288846 0.5114186 0
-0.7130356 -0.09960116 0.6940174 0
-0.3855186 -0.7710929 -0.5067461 0
0.05044094 1.185287 0.0604421 1

0.9233162 0.3197646 -0.2126908 0
-0.3618487 0.538825 -0.7607454 0
-0.1286563 0.7793706 0.6132124 0
-0.2843954 1.125339 0.2229306 1

0.8921844 0.3470158 -0.2891143 0
-0.4277735 0.44374 -0.7874677 0
-0.1449721 0.8262416 0.544342 0
-0.2679263 1.123695 0.2152387 1

0.8842491 0.2982594 -0.3593673 0
-0.460801 0.4320959 -0.7752131 0
-0.07593349 0.8510784 0.5195188 0
-0.2547075 1.124916 0.2075788 1

0.8770465 0.2662651 -0.399865 0
-0.4801309 0.5139524 -0.7108641 0
0.01623344 0.8154482 0.5786023 0
-0.2434593 1.135092 0.1988924 1

0.955476 0.295045 -0.003740251 0
0.08671874 -0.2686695 0.9593208 0
0.2820379 -0.9169324 -0.2822931 0
-0.2263607 1.147649 0.2068125 1

0.631778 -0.6530322 0.4176193 0
0.5124497 -0.05236365 -0.8571196 0
0.5815946 0.7555179 0.3015641 0
0.06112602 1.140283 0.1135944 1

0.6385936 -0.6355888 0.4338495 0
0.5198218 -0.05943146 -0.8522053 0
0.5674364 0.7697371 0.2924404 0
0.04832143 1.143076 0.1050511 1

0.6463231 -0.600183 0.4712191 0
0.5392725 -0.07763371 -0.8385455 0
0.5398632 0.7960864 0.2734857 0
0.0345606 1.148975 0.09586963 1

0.6448427 -0.5818934 0.495559 0
0.5539971 -0.0908381 -0.8275484 0
0.5265604 0.8081764 0.2637911 0
0.02685139 1.162678 0.08833282 1

0.797337 -0.5799421 0.1670971 0
-0.4154293 -0.3265368 0.848995 0
-0.4378044 -0.746352 -0.5012848 0
0.02893183 1.181912 0.08194053 1

0.5480593 -0.2702182 -0.791589 0
0.1373004 0.9626055 -0.2335364 0
0.8250937 0.01930629 0.564666 0
-0.06280319 1.039569 -0.1200539 1

0.8245128 -0.0741124 -0.560969 0
0.1109035 0.9933232 0.03177313 0
0.5548687 -0.08841072 0.8272269 0
-0.05531505 1.093908 -0.133419 1

-0.780929 0.4621384 0.4202124 0
0.4905977 0.03741807 0.8705826 0
0.3866058 0.8860182 -0.255945 0
-0.1148809 0.9724997 -0.04958381 1

-0.124421 -0.007579729 0.992201 0
0.9867189 -0.1061908 0.1229223 0
0.1044304 0.9943171 0.02069134 0
-0.04231594 0.9367218 -0.154393 1

0.9771542 -0.08325867 -0.1955444 0
0.120683 0.9747165 0.1880511 0
0.1749434 -0.2073538 0.9624965 0
-0.04801008 1.159336 -0.1313261 1

-0.7803055 0.4307661 0.4533922 0
0.4572123 -0.1017179 0.8835218 0
0.4267091 0.896713 -0.1175807 0
0.06007725 0.9885426 0.2667764 1

-0.2533498 0.1579943 0.9543859 0
-0.6165234 -0.7866261 -0.03343892 0
0.7454616 -0.5968732 0.2966988 0
0.3156985 0.9032595 -0.1135044 1

0.9995649 -0.01919486 -0.02239162 0
0.02482187 0.9575459 0.2872106 0
0.01592794 -0.2876415 0.9576057 0
-0.03892536 1.232711 -0.1171701 1

-0.7496042 0.5157209 0.4148808 0
0.6085292 0.2904211 0.7384768 0
0.2603576 0.8060321 -0.5315323 0
0.2715977 0.9414847 0.6755207 1

-0.1016026 0.4009454 0.9104507 0
-0.7308946 -0.6509436 0.2050987 0
0.6748853 -0.644605 0.3591864 0
0.0305357 0.5394185 -0.128971 1

0.9930066 0.04138478 0.1105671 0
-0.09066807 0.867151 0.4897228 0
-0.0756112 -0.4963229 0.864839 0
-0.03682326 1.313803 -0.09284706 1

0.01048815 -0.2876446 0.9576799 0
-0.9410655 -0.3266296 -0.08779883 0
0.3380615 -0.9003186 -0.2741182 0
-0.07123716 1.303732 -0.09548119 1

-0.7640269 0.4674017 0.4447464 0
0.6296461 0.6905409 0.3559481 0
-0.1407449 0.5519866 -0.8218895 0
0.3712053 0.9890226 0.7963989 1

0.08860001 0.2594903 -0.9616731 0
0.9776467 -0.2074725 0.03408906 0
-0.1906749 -0.9431968 -0.272072 0
-0.002970088 1.302357 -0.0967994 1

-0.06500652 0.3650587 0.9287126 0
-0.230609 -0.9109838 0.3419482 0
0.9708726 -0.1919409 0.1434056 0
-0.09271806 0.4296471 -0.09438436 1

0.7901161 -0.04820553 0.6110588 0
-0.1579115 0.9472449 0.2789107 0
-0.5922673 -0.316865 0.7408211 0
-0.04138605 1.371574 -0.0734922 1

-0.27082 -0.471147 0.8394505 0
-0.8221166 -0.3404516 -0.4563083 0
0.5007805 -0.8137035 -0.2951367 0
-0.1388968 1.280249 -0.1017936 1

0.4444869 0.1912059 -0.875141 0
0.725024 -0.6505511 0.2261058 0
-0.5260912 -0.7349992 -0.4277903 0
0.06731962 1.28744 -0.09434848 1

0.9006424 0.4321386 0.04581618 0
0.04851812 -0.2047673 0.9776074 0
0.4318437 -0.878252 -0.2053887 0
-0.3378784 1.197847 -0.2122366 1

0.3273324 -0.6491312 0.6866461 0
-0.7840776 0.2189458 0.5807628 0
-0.5273293 -0.7284858 -0.4373012 0
0.2427951 1.129989 -0.03962467 1

0.9128442 0.3818209 0.1446658 0
-0.1957792 0.09838536 0.9757001 0
0.3583099 -0.9189849 0.1645631 0
-0.3274008 1.153628 -0.00112123 1

0.3945965 -0.6350033 0.6641272 0
-0.8421793 0.03910542 0.5377781 0
-0.3674616 -0.7715192 -0.5193558 0
0.07346842 1.177272 0.08579486 1

0.9228218 0.3083192 0.2309528 0
0.1024704 -0.7743888 0.6243573 0
0.3713484 -0.5525049 -0.7462164 0
-0.3645152 1.151068 0.06714063 1

0.9552344 0.2840558 0.08270094 0
0.1708242 -0.7577973 0.6297318 0
0.2415496 -0.5874145 -0.7723976 0
-0.3346996 1.165003 0.07193264 1

0.9349498 0.3259256 0.1401468 0
0.1700067 -0.7582989 0.6293491 0
0.3113941 -0.5645843 -0.7643812 0
-0.3499163 1.156768 0.07129689 1

0.9199326 0.3249935 -0.2193244 0
0.2632765 -0.09752092 0.9597787 0
0.2905331 -0.9406748 -0.1752758 0
-0.3079605 1.153713 0.02427597 1

0.9659231 0.2553793 0.04211536 0
0.1919014 -0.815801 0.5455661 0
0.1736842 -0.5188931 -0.837009 0
-0.3177491 1.169945 0.07193942 1

0.354262 -0.5789654 0.7343692 0
-0.8925629 -0.4436189 0.08083288 0
0.2789807 -0.6841066 -0.6739202 0
0.009408195 1.186271 0.1198717 1

0.3658416 -0.6137112 0.6996564 0
-0.8933598 -0.4423179 0.07914259 0
0.2608998 -0.6539983 -0.7100832 0
0.01432409 1.174091 0.1327308 1

0.3713855 -0.6298931 0.6821348 0
-0.8936607 -0.4418111 0.0785751 0
0.2518808 -0.6387784 -0.7269929 0
0.02000092 1.164127 0.1413994 1

0.3440112 -0.5622135 0.7520459 0
-0.8936712 -0.4418002 0.0785149 0
0.288112 -0.6990914 -0.6544182 0
0.00335744 1.196047 0.1067511 1

0.1162039 -0.6010592 0.7907118 0
-0.9899972 -0.005957827 0.1409624 0
-0.08001564 -0.7991825 -0.5957392 0
0.04262545 1.182796 0.07679696 1

0.9178999 0.3201802 0.2344016 0
0.3407968 -0.3334957 -0.8789983 0
-0.203266 0.8867162 -0.4152322 0
-0.3619787 1.13186 0.08262461 1

0.9265339 0.347818 0.1433781 0
0.2932449 -0.4289562 -0.8544027 0
-0.2356736 0.8336781 -0.4994384 0
-0.3450391 1.135207 0.08920939 1

0.9505468 0.298342 0.08632818 0
0.2206544 -0.4531006 -0.8637195 0
-0.2185685 0.8400549 -0.4965237 0
-0.3289083 1.139398 0.09321641 1

0.9626514 0.2668689 0.04564175 0
0.1479407 -0.3773004 -0.914198 0
-0.2267504 0.8868064 -0.4026898 0
-0.3119864 1.145472 0.08830721 1

0.9400336 0.3407494 0.01504973 0
0.04101026 -0.1567193 0.9867915 0
0.3386072 -0.927 -0.1612955 0
-0.2972573 1.152692 0.04749423 1

0.35537 -0.6296693 0.6908178 0
0.1796178 -0.6792842 -0.7115555 0
0.9173058 0.3769485 -0.1282973 0
-0.01083394 1.161646 0.1349486 1

0.3609177 -0.6490144 0.6697158 0
0.1687918 -0.660799 -0.7313374 0
0.9171957 0.376995 -0.1289456 0
-0.001885086 1.153301 0.1433288 1

0.3433244 -0.5943184 0.7272651 0
0.1985164 -0.7109187 -0.6746751 0
0.917998 0.3760062 -0.1260937 0
-0.02017824 1.171636 0.1224799 1

0.3362851 -0.5778172 0.7436669 0
0.2070611 -0.7249688 -0.6569219 0
0.9187158 0.3748972 -0.1241526 0
-0.02299649 1.183011 0.1090743 1

0.2813277 -0.6289601 0.7247513 0
-0.9537035 -0.09957342 0.2837875 0
-0.1063248 -0.7710348 -0.6278541 0
0.01666407 1.185276 0.07695717 1

0.9165764 0.3196951 0.2401716 0
0.03260076 0.5388935 -0.8417431 0
-0.3985281 0.7793518 0.4835148 0
-0.355342 1.125349 0.06547126 1

0.9244728 0.3469528 0.1580312 0
-0.01339579 0.4438154 -0.8960184 0
-0.3810128 0.8262275 0.4149429 0
-0.3371842 1.123704 0.06630169 1

0.9500479 0.2982005 0.09211648 0
-0.04833885 0.4321737 -0.9004938 0
-0.308338 0.8510596 0.4250004 0
-0.3219201 1.124924 0.06565219 1

0.9624625 0.2662088 0.05289918 0
-0.09532252 0.5140287 -0.8524603 0
-0.254124 0.8154185 0.5201091 0
-0.3079246 1.1351 0.06317956 1

0.8480807 0.2949626 0.4401773 0
-0.368452 -0.2687238 0.8899609 0
0.3807913 -0.916943 -0.1192199 0
-0.2964547 1.147655 0.07813194 1

0.3657428 -0.6531073 0.6630863 0
0.8517235 -0.05236609 -0.5213687 0
0.3752328 0.7554529 0.5371143 0
0.001456514 1.140268 0.1289932 1

0.3642479 -0.6356652 0.6806273 0
0.8559722 -0.05943477 -0.5135947 0
0.3669272 0.7696738 0.5224628 0
-0.005919974 1.143063 0.115483 1

0.353752 -0.6002619 0.7173184 0
0.86686 -0.07763934 -0.4924693 0
0.3513027 0.7960263 0.4928781 0
-0.01384718 1.148964 0.1009641 1

0.3411447 -0.5819734 0.7381923 0
0.8747978 -0.09084557 -0.4758954 0
0.3440198 0.808118 0.4781176 0
-0.01717692 1.162668 0.09071133 1

0.6286685 -0.5800192 0.5180292 0
-0.7620356 -0.3265425 0.5591708 0
-0.1551712 -0.7462896 -0.6472822 0
-0.01236626 1.181902 0.08601645 1

0.8536646 -0.2703072 -0.4451861 0
0.2302765 0.9625773 -0.1428902 0
0.4671504 0.01946443 0.8839637 0
0.0003012773 1.039551 -0.1355051 1

0.9908949 -0.07414149 -0.1123852 0
0.08335088 0.993337 0.07958723 0
0.1057357 -0.08822995 0.9904724 0
0.01315288 1.093889 -0.1438545 1

-0.8867668 0.4621474 0.008054867 0
0.02866943 0.03760103 0.9988816 0
0.4613276 0.8860057 -0.04659308 0
-0.07860498 0.9724896 -0.09738749 1

-0.5722157 -0.007424444 0.82007 0
0.8159145 -0.1060935 0.5683557 0
0.0827841 0.9943286 0.06676579 0
0.03442326 0.9366999 -0.1563317 1

0.9557751 -0.0832151 0.2820797 0
0.01921909 0.9747572 0.2224387 0
-0.2934695 -0.2071801 0.933248 0
0.01864302 1.159318 -0.1386123 1

-0.9016687 0.4307807 0.03771238 0
-0.006901503 -0.1015354 0.9948081 0
0.4323732 0.8967266 0.09452409 0
-0.07112442 0.9885986 0.2640486 1

-0.6686936 0.1581333 0.7265283 0
-0.5300059 -0.7866796 -0.3165895 0
0.5214816 -0.5967658 0.6098592 0
0.3321929 0.9032723 0.04660117 1

0.8949623 -0.01912075 0.4457318 0
-0.1117935 0.9575955 0.2655431 0
-0.4319081 -0.287481 0.8548742 0
0.02008979 1.232695 -0.1218676 1

-0.8565632 0.5157315 0.01791631 0
0.1945591 0.2905913 0.9368584 0
0.4779609 0.8059639 -0.3492503 0
-0.07431724 0.9416253 0.7242774 1

-0.513945 0.4010889 0.7582803 0
-0.7423117 -0.6509664 -0.1587958 0
0.4299237 -0.6444927 0.6322938 0
0.08704744 0.5394065 -0.0998321 1

0.8272344 0.04148046 0.5603237 0
-0.3083127 0.8672253 0.3909776 0
-0.469709 -0.4961849 0.7301876 0
0.01062231 1.313791 -0.09937952 1

-0.4367564 -0.2874845 0.8524063 0
-0.7918774 -0.3267175 -0.515932 0
0.4268185 -0.9003378 -0.0849565 0
-0.01860444 1.303718 -0.1177368 1

-0.8832363 0.4674161 0.03763643 0
0.3914104 0.6906491 0.6081133 0
0.2582483 0.5518389 -0.7929579 0
-0.04247069 0.9891911 0.8776279 1

0.526301 0.2593373 -0.8097849 0
0.8492593 -0.2073907 0.4855388 0
-0.04202361 -0.9432568 -0.3293946 0
0.04242031 1.302348 -0.08710795 1

-0.4900661 0.3652081 0.7914916 0
-0.3633389 -0.9109448 0.1953584 0
0.7923512 -0.1918415 0.5791172 0
-0.03813162 0.4296314 -0.1266105 1

0.4145901 -0.04804239 0.9087393 0
-0.2696321 0.947279 0.173093 0
-0.8691453 -0.3167879 0.3797786 0
-0.00242932 1.371566 -0.08438775 1

-0.6306281 -0.4710285 0.6167986 0
-0.5149856 -0.3405915 -0.7866305 0
0.5806016 -0.8137135 -0.02778645 0
-0.07553793 1.280228 -0.1548307 1

0.8009294 0.191095 -0.5674459 0
0.5362738 -0.650457 0.5378812 0
-0.2663128 -0.7351112 -0.6234494 0
0.1034793 1.287437 -0.05219924 1

0.7756603 0.4322163 0.4599346 0
-0.4123834 -0.2046009 0.8877376 0
0.4777979 -0.8782524 0.01953806 0
-0.2001829 1.197793 -0.3452233 1

-0.03014538 -0.6489915 0.7601985 0
-0.9643308 0.2189813 0.148707 0
-0.2629787 -0.7285995 -0.6324436 0
0.2332722 1.130009 0.07798269 1

0.7404188 0.381916 0.5531006 0
-0.6276758 0.09853235 0.7722139 0
0.2404227 -0.9189296 0.3126747 0
-0.2892375 1.153609 -0.1535155 1

0.03986602 -0.6348621 0.7715966 0
-0.9957276 0.03912927 0.08364137 0
-0.08329262 -0.7716341 -0.6305897 0
0.02501865 1.177299 0.1100969 1

0.7090597 0.3084294 0.6341181 0
-0.2001203 -0.7742769 0.6003726 0
0.6761554 -0.5526001 -0.4872855 0
-0.3538734 1.151058 -0.1103947 1

0.8067896 0.2841439 0.5180277 0
-0.1421358 -0.7576792 0.6369611 0
0.5734874 -0.5875241 -0.5709006 0
-0.3297206 1.164996 -0.09227017 1

0.7620846 0.3260216 0.5594074 0
-0.142681 -0.758181 0.6362417 0
0.6315607 -0.5646871 -0.5312811 0
-0.3428903 1.15676 -0.09991841 1

0.9162176 0.3250286 0.2343107 0
-0.2140352 -0.09734081 0.9719638 0
0.338724 -0.9406813 -0.01961775 0
-0.283863 1.1537 -0.1219867 1

0.8351505 0.2554615 0.4870962 0
-0.08428492 -0.8156954 0.5723085 0
0.5435251 -0.5190188 -0.6596969 0
-0.314724 1.169939 -0.08437046 1

-0.02854108 -0.5788156 0.8149591 0
-0.8274969 -0.4436749 -0.3440953 0
0.5607448 -0.6841969 -0.466305 0
-0.04754049 1.186299 0.1104147 1

-0.002127066 -0.6135664 0.7896406 0
-0.8274149 -0.4423743 -0.3459626 0
0.5615876 -0.6540961 -0.5067329 0
-0.04917952 1.174121 0.1240858 1

0.01093923 -0.6297507 0.7767206 0
-0.8274168 -0.4418676 -0.3466049 0
0.5614823 -0.6388797 -0.5259 0
-0.04819345 1.164159 0.1344026 1

-0.04584488 -0.5620615 0.8258242 0
-0.8273981 -0.4418566 -0.3466631 0
0.559742 -0.6991778 -0.4447917 0
-0.04678401 1.196072 0.09598421 1

-0.2654446 -0.6009187 0.7539473 0
-0.9417197 -0.006011456 -0.3363455 0
0.2066487 -0.7992877 -0.564301 0
0.001915902 1.182819 0.08776855 1

0.7030979 0.3202906 0.6348755 0
0.7109641 -0.3336153 -0.6190561 0
0.0135263 0.8866313 -0.4622796 0
-0.3588404 1.131853 -0.0955077 1

0.7531325 0.3479139 0.5583432 0
0.6574285 -0.4290755 -0.6194206 0
0.02406638 0.8335767 -0.5518792 0
-0.3469172 1.135202 -0.0817918 1

0.8009522 0.2984304 0.5190517 0
0.5975307 -0.453227 -0.6614695 0
0.03784557 0.8399552 -0.5413346 0
-0.3345089 1.139395 -0.07073382 1

0.8306131 0.2669514 0.4886909 0
0.5566959 -0.3774409 -0.7400188 0
-0.01309711 0.8867217 -0.4621183 0
-0.3172479 1.145469 -0.06719786 1

0.8248469 0.340825 0.4510718 0
-0.4233043 -0.156552 0.8923593 0
0.3747545 -0.9270004 0.0151414 0
-0.2852053 1.152684 -0.09645535 1

-0.007277176 -0.6295268 0.7769451 0
0.4903451 -0.6793885 -0.5458879 0
0.8714982 0.3769985 0.3136293 0
-0.07247535 1.161675 0.1143334 1

0.007460095 -0.6488749 0.7608587 0
0.4899785 -0.6609074 -0.5684388 0
0.8717027 0.3770449 0.3130043 0
-0.06845947 1.153332 0.1259186 1

-0.03491144 -0.5941707 0.8035812 0
0.4898917 -0.7110155 -0.504444 0
0.8710844 0.3760567 0.3159019 0
-0.074937 1.171662 0.09894576 1

-0.04877961 -0.5776673 0.814814 0
0.4891844 -0.7250618 -0.4847517 0
0.8708155 0.3749481 0.3179541 0
-0.07118721 1.183034 0.08576821 1

-0.08860298 -0.6288177 0.7724885 0
-0.9761236 -0.09960046 -0.193036 0
0.1983248 -0.7711475 -0.6049787 0
-0.0211324 1.185297 0.07581843 1

0.6992395 0.3198064 0.6393651 0
0.4208917 0.538756 -0.7297893 0
-0.5778532 0.7794011 0.2421156 0
-0.3449785 1.125339 -0.1075948 1

0.7444839 0.3470511 0.5703502 0
0.4054662 0.4436653 -0.7992238 0
-0.530416 0.8262668 0.1895842 0
-0.3292972 1.123696 -0.09840275 1

0.7978148 0.2982898 0.5239415 0
0.3766287 0.4320202 -0.8194566 0
-0.4707889 0.8511062 0.2323276 0
-0.3154872 1.124917 -0.09186853 1

0.8270658 0.2662925 0.4950254 0
0.3126813 0.5138795 -0.7988483 0
-0.4671106 0.8154852 0.3417475 0
-0.3019506 1.135093 -0.08754016 1

0.5454745 0.2951018 0.7844568 0
-0.7405478 -0.2686045 0.6159873 0
0.3924876 -0.9169332 0.07202017 0
-0.2987645 1.147652 -0.06896873 1

0.01481753 -0.6529685 0.7572404 0
0.9965307 -0.05238649 -0.0646728 0
0.08189835 0.7555714 0.6499269 0
-0.0588258 1.140297 0.1147915 1

0.005325198 -0.6355237 0.7720633 0
0.9966697 -0.05945355 -0.0558134 0
0.08137264 0.7697892 0.6330907 0
-0.05906108 1.143089 0.09940005 1

-0.0210513 -0.600115 0.799637 0
0.9964654 -0.07765377 -0.03204475 0
0.08132539 0.7961356 0.5996286 0
-0.05931383 1.148987 0.08285885 1

-0.04192942 -0.581824 0.8122336 0
0.9957703 -0.0908566 -0.01367882 0
0.08175534 0.8082241 0.5831726 0
-0.05748507 1.162689 0.07223263 1

0.3150457 -0.5798841 0.7513196 0
-0.9347737 -0.3265088 0.1399659 0
0.1641485 -0.7464093 -0.6449255 0
-0.05104124 1.181922 0.07031507 1

0.9627992 -0.2702127 0.001676202 0
0.2701923 0.9626036 -0.01976033 0
0.003726035 0.01947813 0.9998034 0
0.06316359 1.039552 -0.1198644 1

0.9299483 -0.07404549 0.3601574 0
0.03681675 0.9933421 0.1091602 0
-0.3658423 -0.08825347 0.9264829 0
0.07841669 1.093892 -0.1212993 1

-0.7893398 0.4620646 -0.4042763 0
-0.4380266 0.03757007 0.8981768 0
0.4302044 0.8860502 0.1727408 0
-0.02441453 0.9724823 -0.1227041 1

-0.8873689 -0.007505298 0.4609999 0
0.4591199 -0.1060367 0.8820235 0
0.04226294 0.9943341 0.09753912 0
0.1030635 0.9367051 -0.1224822 1

0.7158303 -0.08313564 0.6933076 0
-0.08626801 0.9747515 0.2059546 0
-0.6929249 -0.2072388 0.6905847 0
0.08084174 1.159321 -0.1141091 1

-0.8162971 0.4306955 -0.3849168 0
-0.4676342 -0.1015695 0.8780673 0
0.3390839 0.8967637 0.2843186 0
-0.1854736 0.9885799 0.2009505 1

-0.9294541 0.1580466 0.3333724 0
-0.3225594 -0.7867182 -0.5263361 0
0.1790845 -0.5967377 0.7821978 0
0.2727027 0.9032983 0.1954368 1

0.5860273 -0.01905248 0.8100673 0
-0.2223239 0.9575761 0.1833578 0
-0.7791945 -0.28755 0.5569298 0
0.07434769 1.232698 -0.09860536 1

-0.7671638 0.5156512 -0.3815285 0
-0.26232 0.2905779 0.9201917 0
0.5853617 0.8060201 -0.08765535 0
-0.4018155 0.9415907 0.6071714 1

-0.8071221 0.4010155 0.4332911 0
-0.5838541 -0.6510302 -0.4850507 0
0.08757263 -0.644474 0.7595953 0
0.1235081 0.5394147 -0.04801132 1

0.4728597 0.04153859 0.8801581 0
-0.4545989 0.8671834 0.2033043 0
-0.7548136 -0.4962533 0.4289395 0
0.05551971 1.313792 -0.08307733 1

-0.7823447 -0.287554 0.5524942 0
-0.4621051 -0.3267739 -0.8244259 0
0.4176076 -0.9002954 0.1227695 0
0.03814634 1.303717 -0.1128987 1

-0.7999369 0.4673327 -0.3764331 0
0.06454229 0.690665 0.7202889 0
0.5966037 0.5518897 -0.5826513 0
-0.4447537 0.9891542 0.7577938 1

0.8418981 0.2594135 -0.4731938 0
0.5270909 -0.207328 0.8241301 0
0.1156842 -0.9432496 -0.3112836 0
0.07799637 1.302351 -0.05745387 1

-0.801373 0.3651358 0.4737907 0
-0.412415 -0.9109852 0.004506588 0
0.4332617 -0.1917873 0.8806261 0
0.02505042 0.4296288 -0.1298074 1

-0.05432317 -0.04803441 0.9973675 0
-0.3192557 0.947248 0.0282319 0
-0.9461102 -0.3168816 -0.06679285 0
0.03699676 1.371565 -0.07585254 1

-0.8447635 -0.4711082 0.2538348 0
-0.0912267 -0.3406129 -0.9357675 0
0.527307 -0.8136585 0.2447594 0
0.004922435 1.280223 -0.1721723 1

0.9727585 0.1911886 -0.1311018 0
0.2255871 -0.6504252 0.7252984 0
0.05339685 -0.7351151 -0.6758364 0
0.1158925 1.287445 0.001798486 1

0.4737079 0.432273 0.7672945 0
-0.7771533 -0.2046693 0.5950995 0
0.4142872 -0.8782088 0.2389888 0
-0.01715771 1.197782 -0.3986615 1

-0.3793269 -0.64902 0.6594579 0
-0.9232814 0.2188866 -0.3156589 0
0.06052253 -0.7286027 -0.6822574 0
0.1704907 1.130024 0.1773404 1

0.3992701 0.3819665 0.8334778 0
-0.9143075 0.09844784 0.3928742 0
0.06801072 -0.9189178 0.3885418 0
-0.1849847 1.153584 -0.2701491 1

-0.3225955 -0.6348844 0.7020359 0
-0.9208907 0.0390338 -0.3878623 0
0.2188446 -0.7716206 -0.5972511 0
-0.02889796 1.177294 0.1091719 1

0.3339103 0.308474 0.8907006 0
-0.4557404 -0.774316 0.4390169 0
0.8251089 -0.5525206 -0.1179679 0
-0.2622488 1.151025 -0.261937 1

0.4743472 0.2842016 0.8332013 0
-0.4213502 -0.7577139 0.4983306 0
0.7729547 -0.5874516 -0.2396711 0
-0.2492626 1.164965 -0.2346758 1

0.4155427 0.3260738 0.8491172 0
-0.4214995 -0.7582158 0.4974404 0
0.8060166 -0.5646102 -0.1776312 0
-0.25738 1.156728 -0.247561 1

0.7029094 0.3251061 0.6326331 0
-0.6405294 -0.09739359 0.7617328 0
0.3092584 -0.9406491 0.139781 0
-0.194851 1.153674 -0.2397255 1

0.5138243 0.2555228 0.8189582 0
-0.3401015 -0.8157225 0.467897 0
0.7876012 -0.5189459 -0.3322344 0
-0.2396431 1.169909 -0.2207203 1

-0.4033182 -0.5788458 0.7087119 0
-0.5733696 -0.4437403 -0.688725 0
0.7131495 -0.684129 -0.1529238 0
-0.09332404 1.186287 0.0757902 1

-0.3681692 -0.6135932 0.698538 0
-0.5724308 -0.4424397 -0.690341 0
0.7326493 -0.6540267 -0.188347 0
-0.1011174 1.174109 0.08714072 1

-0.3505985 -0.6297759 0.6931546 0
-0.5721345 -0.4419329 -0.6909109 0
0.7414469 -0.6388097 -0.2053755 0
-0.1050292 1.164147 0.09673765 1

-0.4236894 -0.5620936 0.7103088 0
-0.5720909 -0.4419219 -0.6909537 0
0.7022818 -0.6991107 -0.1343309 0
-0.08595998 1.196061 0.06335753 1

-0.5848753 -0.6009688 0.544755 0
-0.6781941 -0.00608778 -0.7348579 0
0.444943 -0.7992495 -0.4040127 0
-0.03900545 1.182813 0.07867349 1

0.3282764 0.3203347 0.8886058 0
0.9170571 -0.3335282 -0.2185529 0
0.2263651 0.8866481 -0.4032546 0
-0.2735537 1.131819 -0.2510532 1

0.4081039 0.3479652 0.8440211 0
0.8698101 -0.4289934 -0.2437121 0
0.2772762 0.8335977 -0.4777373 0
-0.269355 1.135169 -0.2333712 1

0.4686995 0.2984875 0.8314 0
0.8362592 -0.4531491 -0.3087501 0
0.28459 0.839977 -0.4620036 0
-0.2634935 1.139363 -0.2178186 1

0.5090638 0.2670124 0.8182657 0
0.8365195 -0.3773642 -0.3972804 0
0.2027054 0.8867362 -0.4154633 0
-0.2498435 1.145438 -0.2066783 1

0.5214013 0.3408867 0.7822638 0
-0.7889764 -0.1566215 0.5941264 0
0.3250491 -0.9269661 0.1872888 0
-0.2078851 1.152657 -0.2177308 1

-0.36684 -0.6295536 0.6849024 0
0.6877059 -0.6793244 -0.2560849 0
0.6264897 0.3770691 0.6821508 0
-0.1172286 1.161661 0.06769368 1

-0.3463198 -0.6488999 0.6774895 0
0.6978416 -0.6608427 -0.2762322 0
0.6269609 0.3771155 0.6816921 0
-0.1190451 1.153318 0.07981992 1

-0.4036813 -0.5942011 0.6956773 0
0.66808 -0.7109529 -0.219581 0
0.625069 0.3761271 0.6839721 0
-0.1122714 1.171648 0.0529201 1

-0.4211796 -0.5776992 0.6991938 0
0.6583188 -0.725 -0.2024641 0
0.6238787 0.3750184 0.6856653 0
-0.1028371 1.183021 0.04298607 1

-0.4368163 -0.628852 0.6432241 0
-0.7751491 -0.09968483 -0.6238648 0
0.4564382 -0.7711086 -0.4439098 0
-0.05387931 1.185289 0.05739427 1

0.3227753 0.31985 0.890793 0
0.7113792 0.5388199 -0.4512352 0
-0.6243047 0.7793393 -0.0536167 0
-0.2556655 1.125307 -0.2553296 1

0.3948719 0.3471012 0.8506451 0
0.729937 0.4437301 -0.5199003 0
-0.5579149 0.8262112 -0.07814524 0
-0.2460383 1.123665 -0.2399115 1

0.4636517 0.2983464 0.834276 0
0.7137787 0.432083 -0.5512025 0
-0.5249258 0.8510545 -0.01261719 0
-0.236836 1.124888 -0.227716 1

0.5029826 0.2663528 0.8222315 0
0.6475607 0.5139356 -0.5626152 0
-0.5724282 0.8154304 0.08602124 0
-0.2268536 1.135065 -0.2176016 1

0.1192486 0.2951261 0.9479877 0
-0.9417813 -0.2686943 0.2021174 0
0.314369 -0.9168991 0.2459027 0
-0.2326483 1.147623 -0.1996718 1

-0.3381229 -0.6529925 0.6776975 0
0.9128032 -0.05229156 0.4050386 0
-0.2290495 0.7555572 0.6137346 0
-0.1053474 1.140284 0.07443241 1

-0.3534105 -0.6355492 0.6864244 0
0.9088168 -0.05935889 0.4129515 0
-0.2217056 0.7697755 0.5985758 0
-0.09841538 1.143077 0.06068841 1

-0.3895726 -0.6001438 0.6986136 0
0.8976104 -0.07755993 0.4339128 0
-0.2062256 0.796123 0.5689107 0
-0.09096576 1.148975 0.04591775 1

-0.4139137 -0.5818553 0.7000861 0
0.8884752 -0.09076346 0.4498602 0
-0.1982114 0.8082121 0.5545322 0
-0.08441713 1.162678 0.03735259 1

-0.06942096 -0.57988 0.8117391 0
-0.8929889 -0.3266004 -0.3096824 0
0.4446931 -0.7463723 -0.4951534 0
-0.077821 1.181912 0.03864317 1

0.8515795 -0.270259 0.4491909 0
0.2484366 0.9625905 0.1081615 0
-0.4616185 0.01948729 0.8868645 0
0.1116572 1.03955 -0.07675721 1

0.6558085 -0.07408677 0.7512832 0
-0.01811988 0.9933414 0.1137742 0
-0.7547097 -0.08822725 0.6500993 0
0.1258307 1.093889 -0.07093389 1

-0.5107932 0.4620987 -0.7249522 0
-0.8054463 0.03759948 0.5914752 0
0.3005779 0.8860312 0.3529899 0
0.03544114 0.9724843 -0.1199968 1

-0.9999625 -0.007458389 -0.004509091 0
-0.003692746 -0.1060505 0.9943541 0
-0.007894404 0.994333 0.1060186 0
0.1481933 0.9367011 -0.06052232 1

0.3113302 -0.08316355 0.9466559 0
-0.1720987 0.9747576 0.142231 0
-0.9345885 -0.2071991 0.2891591 0
0.1246371 1.159318 -0.06343982 1

-0.5436624 0.4307312 -0.7203489 0
-0.8223136 -0.1015389 0.5599023 0
0.1680241 0.8967501 0.4093987 0
-0.2576471 0.9885926 0.09164276 1

-0.977865 0.1580943 -0.1370661 0
-0.04084928 -0.7867078 -0.6159726 0
-0.2052128 -0.5967391 0.7757518 0
0.1505389 0.9032891 0.2998165 1

0.1421235 -0.01907305 0.9896652 0
-0.2820429 0.9575886 0.05895837 0
-0.9488165 -0.2875074 0.1307164 0
0.1116819 1.232696 -0.05273302 1

-0.501736 0.5156845 -0.6945005 0
-0.6601177 0.290599 0.6926738 0
0.5590224 0.8059912 0.1946082 0
-0.6380746 0.9416177 0.3506708 1

-0.9160155 0.4010583 0.00828132 0
-0.2913668 -0.6510066 -0.7009249 0
-0.2757206 -0.6444712 0.7131871 0
0.1316448 0.5394104 0.01490852 1

0.009345472 0.0415241 0.9990938 0
-0.4969568 0.8672072 -0.03139409 0
-0.8677251 -0.496213 0.02874023 0
0.08779654 1.313791 -0.04774 1

-0.9495426 -0.2875112 0.1253247 0
-0.02575397 -0.3267593 -0.9447566 0
0.3125791 -0.9003142 0.3028674 0
0.08628256 1.303716 -0.08221998 1

-0.5331219 0.4673675 -0.7052301 0
-0.2777691 0.6906687 0.6676984 0
0.7991409 0.5518556 -0.2383904 0
-0.7461265 0.9891847 0.4640517 1

0.9653891 0.2593687 -0.02742696 0
0.08339864 -0.2073456 0.9747064 0
0.2471215 -0.9432581 -0.2218002 0
0.09577956 1.302349 -0.01460371 1

-0.9297603 0.3651787 0.04680878 0
-0.3672517 -0.9109654 -0.1877999 0
-0.02593935 -0.1917998 0.9810914 0
0.08251041 0.4296283 -0.1032913 1

-0.5118801 -0.04802249 0.8577137 0
-0.2957226 0.9472637 -0.1234498 0
-0.8065525 -0.3168368 -0.4990867 0
0.06804118 1.371565 -0.04995639 1

-0.8659316 -0.4710651 -0.168108 0
0.354361 -0.3406173 -0.8708665 0
0.3529742 -0.8136816 0.4618782 0
0.08443092 1.280223 -0.150145 1

0.9221613 0.1911407 0.3362795 0
-0.1375875 -0.6504293 0.7470018 0
0.3615085 -0.7351239 -0.5735022 0
0.1017756 1.287441 0.05547458 1

0.06259766 0.4322575 0.8995748 0
-0.9647546 -0.2046263 0.1654588 0
0.2555975 -0.8782263 0.4042133 0
0.1701989 1.197782 -0.3609259 1

-0.6425048 -0.6489956 0.4074222 0
-0.6705917 0.2189279 -0.7087861 0
0.3708029 -0.728612 -0.5758731 0
0.0684757 1.13002 0.2362693 1

-0.03408074 0.3819549 0.9235524 0
-0.9921271 0.09849553 -0.07734618 0
-0.1205086 -0.9189174 0.3755911 0
-0.03814081 1.153592 -0.3251948 1

-0.6120788 -0.6348624 0.4714976 0
-0.6349084 0.03907439 -0.7715991 0
0.4714357 -0.7716368 -0.4269958 0
-0.07634299 1.177299 0.08320234 1

-0.1185569 0.3084664 0.9438181 0
-0.607653 -0.7742898 0.1767299 0
0.785304 -0.5525615 0.2792379 0
-0.1103619 1.151037 -0.353853 1

0.03250936 0.2841865 0.9582177 0
-0.6047878 -0.757689 0.2452326 0
0.7957228 -0.5874909 0.1472406 0
-0.1115413 1.164977 -0.3236797 1

-0.0269497 0.3260617 0.9449642 0
-0.6045059 -0.7581908 0.2443751 0
0.7961447 -0.5646508 0.2175393 0
-0.1127364 1.15674 -0.3388618 1

0.3281248 0.3250782 0.8869377 0
-0.9212816 -0.0973556 0.376513 0
0.2087444 -0.9406627 0.2675438 0
-0.06102279 1.153683 -0.3028484 1

0.07408044 0.2555058 0.9639651 0
-0.5187086 -0.8157018 0.2560702 0
0.8517357 -0.5189869 0.07210556 0
-0.1095143 1.169921 -0.3068515 1

-0.6866447 -0.5788198 0.4398718 0
-0.1873646 -0.4437192 -0.8763606 0
0.7024344 -0.6841647 0.1962273 0
-0.1178566 1.186294 0.0236908 1

-0.6507978 -0.613569 0.4472089 0
-0.185782 -0.4424186 -0.8773548 0
0.7361712 -0.6540637 0.173935 0
-0.1300347 1.174117 0.03011537 1

-0.6327398 -0.6297526 0.4506134 0
-0.1852546 -0.4419119 -0.8777216 0
0.7518789 -0.6388473 0.1629507 0
-0.1379611 1.164155 0.03679236 1

-0.7054213 -0.5620667 0.431813 0
-0.1851961 -0.441901 -0.8777392 0
0.6841666 -0.6991457 0.2076339 0
-0.1055553 1.196068 0.01610858 1

-0.7711379 -0.6009356 0.2102938 0
-0.2586936 -0.006062075 -0.9659406 0
0.5817428 -0.7992747 -0.1507833 0
-0.07110893 1.182818 0.051502 1

-0.1225699 0.3203272 0.9393439 0
0.9134893 -0.3335744 0.2329491 0
0.3879611 0.8866335 -0.2517294 0
-0.1254322 1.131832 -0.3494747 1

-0.0311645 0.3479535 0.9369936 0
0.8833559 -0.4290375 0.1887042 0
0.4676656 0.8335798 -0.293996 0
-0.1299372 1.135182 -0.3318682 1

0.0283477 0.2984727 0.9539969 0
0.8838954 -0.4531922 0.1155235 0
0.4668245 0.839959 -0.2766657 0
-0.1319799 1.139376 -0.3153737 1

0.07018849 0.2669955 0.9611383 0
0.9252968 -0.3774081 0.03726938 0
0.3726923 0.8867224 -0.2735399 0
-0.1250756 1.14545 -0.2991637 1

0.09785575 0.3408689 0.9350041 0
-0.974767 -0.156578 0.1591 0
0.2006332 -0.92698 0.3169457 0
-0.08278971 1.152667 -0.2894374 1

-0.6432811 -0.6295296 0.4357551 0
0.7278801 -0.6793599 0.09306678 0
