MeshAnim
1
31
52
30
0.404627 0.03313783 0.9138812 0
-0.1319889 0.9909957 0.02250493 0
-0.9049065 -0.1297283 0.4053575 0
-0.01293442 0.9995769 0.002339276 1

0.5248768 0.03036578 0.8506364 0
-0.2048659 0.9744923 0.09162332 0
-0.8261563 -0.2223573 0.5177093 0
-0.02009721 1.055567 0.003480412 1

-0.2457711 0.05395224 -0.9678252 0
-0.4663 -0.8819121 0.06925005 0
-0.8498005 0.4683167 0.2419064 0
-0.02403761 0.9105887 -0.0619582 1

-0.428548 -0.02792845 -0.9030876 0
-0.2547147 -0.955247 0.1504129 0
-0.866872 0.2944888 0.4022551 0
0.02953645 0.9149762 0.05904292 1

0.6011136 0.03201571 0.798522 0
-0.2511112 0.9561558 0.1506964 0
-0.7586867 -0.2911035 0.5827977 0
-0.03359129 1.119755 0.009515447 1

-0.1558603 -0.04472674 -0.986766 0
0.5455656 -0.8366781 -0.04824871 0
-0.8234473 -0.5458657 0.1548062 0
-0.1944348 0.5920817 -0.04028903 1

-0.3891121 0.02208264 -0.920926 0
0.144783 -0.9858221 -0.08481286 0
-0.9097415 -0.1663362 0.3803979 0
-0.06533563 0.5708958 0.1188245 1

0.6720456 0.0406239 0.7393945 0
-0.290243 0.9330514 0.212542 0
-0.6812587 -0.3574421 0.6388439 0
-0.05249434 1.191732 0.02085951 1

-0.2594804 -0.01308009 -0.9656597 0
-0.2836194 -0.9547846 0.08914353 0
-0.9231629 0.2970109 0.2440381 0
0.05796061 0.2050086 -0.06261036 1

-0.2651081 -0.02389989 -0.9639227 0
-0.7558296 -0.6155737 0.2231388 0
-0.5986981 0.7877173 0.1451292 0
0.001631379 0.1149199 0.07959571 1

0.734595 0.09172387 0.6722773 0
-0.3560818 0.895526 0.266906 0
-0.5775602 -0.4354537 0.6905102 0
-0.07707419 1.270749 0.03885908 1

-0.6197196 -0.3070864 0.7222505 0
-0.5322839 -0.5118105 -0.6743322 0
0.5767336 -0.802339 0.1537217 0
-0.09663753 1.258924 0.01110825 1

-0.2107747 -0.02926535 -0.9770964 0
-0.8800506 -0.4294443 0.2027028 0
-0.4255405 0.9026192 0.06476097 0
0.01153608 0.0487237 -0.04801881 1

0.6620427 0.3662857 -0.6538609 0
0.7471008 -0.3917959 0.5369697 0
-0.05949554 -0.8439969 -0.533038 0
-0.05089132 1.261619 0.06174468 1

-0.2948324 0.01644689 -0.9554077 0
-0.9514655 0.08728382 0.2951183 0
0.08824537 0.9960482 -0.01008543 0
-0.1258272 0.01111311 0.1172245 1

0.9786062 0.1712381 0.11405 0
-0.1917605 0.9600002 0.2040284 0
-0.0745506 -0.2215338 0.9722987 0
-0.09174152 1.329518 0.04686779 1

-0.1581557 -0.05895498 0.9856526 0
-0.2247542 -0.9698637 -0.09407423 0
0.9614948 -0.2364079 0.140139 0
-0.1349071 1.222127 -0.0373741 1

0.8519128 0.3288694 -0.407541 0
0.3842601 -0.921286 0.05980593 0
-0.3557932 -0.2075511 -0.9112265 0
0.00282285 1.23345 0.1003511 1

0.05834022 0.1681022 0.9840417 0
-0.2146739 -0.9605474 0.176816 0
0.974942 -0.2215634 -0.01995152 0
-0.1893056 0.9873851 -0.06014341 1

0.9247706 0.1585362 -0.3459274 0
0.2161472 -0.9670326 0.1346432 0
-0.3131771 -0.1992851 -0.9285504 0
0.09582427 1.010474 0.1148258 1

0.05089614 0.06971565 0.9962677 0
-0.2814107 -0.9561386 0.08128388 0
0.9582368 -0.2844972 -0.02904516 0
-0.2356646 0.7799538 -0.02195979 1

0.9472407 0.1644367 -0.2751287 0
0.1913069 -0.9787617 0.07367241 0
-0.2571709 -0.1224194 -0.9585806 0
0.1425026 0.8016366 0.1439029 1

0.06376326 0.08180922 0.9946063 0
0.3348846 -0.9405997 0.05589789 0
0.9400994 0.3295141 -0.08737236 0
-0.2573776 0.707742 -0.04087289 1

0.1198809 0.1259121 0.9847715 0
0.2539031 -0.9628254 0.09219722 0
0.9597717 0.2389838 -0.1473939 0
-0.2570239 0.7102383 -0.007709932 1

0.1031133 0.05359155 0.993225 0
0.2716821 -0.9620948 0.02370664 0
0.9568472 0.2673971 -0.1137646 0
-0.2564047 0.7069916 -0.02470548 1

0.1863812 0.4508933 0.8729016 0
0.207489 -0.886495 0.4136121 0
0.9603179 0.1040281 -0.2587814 0
-0.2298728 0.7582389 0.0007968359 1

0.1119533 0.199677 0.9734452 0
0.1571194 -0.970838 0.1810723 0
0.9812136 0.1326755 -0.1400618 0
-0.2538759 0.7137142 0.009311978 1

0.9702844 0.04990356 -0.2367657 0
-0.07122943 -0.8762353 -0.4765903 0
-0.231246 0.479293 -0.8466427 0
0.1487602 0.7293111 0.1526095 1

0.9601918 0.09543166 -0.2625346 0
-0.02652033 -0.904446 -0.4257631 0
-0.2780798 0.415777 -0.8659109 0
0.1662186 0.7299445 0.146893 1

0.9551287 0.09808116 -0.2794808 0
-0.01589932 -0.9252431 -0.3790421 0
-0.2957644 0.3664775 -0.8821665 0
0.1794071 0.7326632 0.141861 1

0.957812 -0.07641931 -0.2770491 0
-0.1400138 -0.9659396 -0.2176173 0
-0.2509826 0.2472273 -0.9358883 0
0.1316781 0.7278261 0.1558218 1

0.9416871 -0.2780764 -0.1894709 0
-0.3239277 -0.9015793 -0.2867506 0
-0.09108436 0.3314044 -0.939082 0
0.1230555 0.775739 0.140175 1

0.06156334 0.08503947 0.9944739 0
0.6886706 -0.7248162 0.01934797 0
0.7224561 0.6836738 -0.1031863 0
-0.2490721 0.6844128 -0.03949173 1

0.09977406 0.0605031 0.993169 0
0.6272392 -0.7786707 -0.01557672 0
0.7724091 0.6245088 -0.1156411 0
-0.2486703 0.6796199 -0.02398834 1

0.1176597 0.1306035 0.9844281 0
0.545911 -0.8365937 0.04574253 0
0.8295406 0.5320281 -0.1697314 0
-0.2484409 0.6777014 -0.004575413 1

0.1114182 0.2016317 0.9731036 0
0.3583042 -0.9214903 0.1499121 0
0.9269328 0.3319643 -0.1749165 0
-0.2491616 0.6845891 0.01474987 1

0.1478445 0.4126739 0.8988005 0
0.1883604 -0.9039022 0.3840327 0
0.9709082 0.1125214 -0.2113685 0
-0.2238195 0.7378916 0.01508078 1

0.9592707 0.08858094 -0.2682414 0
-0.178428 -0.5461754 -0.8184475 0
-0.2190057 0.8329742 -0.5081247 0
0.1654576 0.7044782 0.1349095 1

0.9541817 0.090322 -0.2852704 0
-0.1407611 -0.7057952 -0.694291 0
-0.2640522 0.7026349 -0.6607428 0
0.1790244 0.7100016 0.1325751 1

0.9693388 0.04316077 -0.2419082 0
-0.1704893 -0.5908328 -0.7885748 0
-0.176963 0.805639 -0.5653588 0
0.1463116 0.7002935 0.136851 1

0.9560522 -0.08332478 -0.2811071 0
-0.250966 -0.7282838 -0.6376668 0
-0.1515924 0.6801913 -0.717189 0
0.1275581 0.6993366 0.1494007 1

0.9826879 -0.06940098 -0.1717786 0
-0.1203778 -0.9439812 -0.3072606 0
-0.1408316 0.3226197 -0.9359932 0
0.1106023 0.7537782 0.1336328 1

0.0612832 0.08535518 0.9944643 0
0.8599993 -0.5102124 -0.009205282 0
0.5066022 0.8558025 -0.1046728 0
-0.2356364 0.6702698 -0.03912796 1

0.09489018 0.06447166 0.993398 0
0.8509062 -0.5231817 -0.04732475 0
0.5166767 0.8497789 -0.1045041 0
-0.2318547 0.6587432 -0.02441332 1

0.1183864 0.1295855 0.9844757 0
0.6946942 -0.7192194 0.01113084 0
0.7094964 0.6825916 -0.175168 0
-0.2310285 0.6510001 -0.003170181 1

0.1106777 0.2030023 0.9729031 0
0.5472197 -0.8296157 0.1108526 0
0.8296394 0.520123 -0.2029068 0
-0.2393138 0.6592604 0.01886569 1

0.04093939 0.6411323 0.7663378 0
0.2057659 -0.7559504 0.6214495 0
0.9777445 0.1322447 -0.1628714 0
-0.218044 0.7096138 0.02655683 1

0.9542919 0.09012277 -0.2849645 0
-0.2386819 -0.3440472 -0.9081092 0
-0.1798827 0.9346176 -0.3068109 0
0.176318 0.6961312 0.1189068 1

0.9569946 0.08611795 -0.2770291 0
-0.2788743 0.009949744 -0.9602762 0
-0.07994079 0.9962355 0.03353781 0
0.160577 0.6895366 0.1125192 1

0.9676023 0.04002484 -0.2492873 0
-0.2302454 -0.265262 -0.9362817 0
-0.1036012 0.9633454 -0.2474525 0
0.1408751 0.6814512 0.1117024 1

0.9561803 -0.0832178 -0.2807024 0
-0.2854212 -0.4785292 -0.8303884 0
-0.06522152 0.8741196 -0.4813125 0
0.1205801 0.6789285 0.1315204 1

0.9794852 0.002757645 -0.2014974 0
-0.05904181 -0.9520994 -0.3000351 0
-0.1926729 0.3057768 -0.9324045 0
0.1074313 0.7248626 0.1241432 1

0.4071165 0.01027531 0.9133186 0
-0.1246775 0.9912023 0.04442409 0
-0.904827 -0.131956 0.4048158 0
-0.002609041 1.003761 0.007631371 1

0.5171404 0.03594586 0.8551456 0
-0.2101162 0.9738752 0.08612893 0
-0.8297091 -0.2242206 0.511183 0
-0.009359073 1.059764 0.01001017 1

-0.256155 0.0731274 -0.9638657 0
-0.501164 -0.8626972 0.06773643 0
-0.8265709 0.5004057 0.257633 0
-0.01452203 0.9162783 -0.05855902 1

-0.4384974 -0.04514886 -0.897598 0
-0.1792482 -0.9742783 0.1365728 0
-0.880676 0.2207796 0.4191256 0
0.03938165 0.9176388 0.06236762 1

0.5874137 0.04500999 0.8080344 0
-0.2621081 0.9552164 0.1373352 0
-0.7656662 -0.2924648 0.5729046 0
-0.02319898 1.123911 0.0156833 1

-0.1761329 -0.02018636 -0.9841595 0
0.3662799 -0.9293425 -0.04649034 0
-0.9136829 -0.3686662 0.1710817 0
-0.1975529 0.6048239 -0.03740892 1

-0.3943789 0.003956737 -0.9189397 0
0.1796627 -0.9803609 -0.08132656 0
-0.901214 -0.1971726 0.3859227 0
-0.02821515 0.5663703 0.1172046 1

0.6528499 0.06047145 0.7550698 0
-0.3079578 0.9319006 0.1916337 0
-0.6920616 -0.3576376 0.6270138 0
-0.04292984 1.195817 0.02602157 1

-0.2484993 -0.01991649 -0.9684274 0
-0.4969391 -0.8555666 0.1451104 0
-0.8314443 0.5173092 0.2027104 0
-0.0281006 0.1748815 -0.05891678 1

-0.26724 -0.02416818 -0.9633271 0
-0.7545394 -0.6165558 0.2247877 0
-0.5993775 0.7869404 0.1465324 0
0.05488485 0.1129206 0.07958832 1

0.7164205 0.1122326 0.6885824 0
-0.3733001 0.8954723 0.2424381 0
-0.5893971 -0.4307355 0.6834313 0
-0.06900991 1.274737 0.04225048 1

-0.6386545 -0.3095555 0.704483 0
-0.5014007 -0.5270681 -0.6861466 0
0.5837109 -0.7914385 0.181403 0
-0.08771653 1.262247 0.01420172 1

-0.2043899 -0.04778833 -0.9777224 0
-0.9530717 -0.2181656 0.2099001 0
-0.2233363 0.9747409 -0.0009548068 0
-0.1094426 0.03483723 -0.03516422 1

0.6808134 0.3628203 -0.636282 0
0.7317597 -0.374818 0.5692447 0
-0.03195643 -0.8531545 -0.5206785 0
-0.04328363 1.266297 0.06590609 1

-0.2969966 0.01613995 -0.9547424 0
-0.9509118 0.0860462 0.2972595 0
0.0869498 0.9961606 -0.01020779 0
-0.07235619 0.008948256 0.1174952 1

0.974519 0.1823122 0.1306715 0
-0.204895 0.9605877 0.1878539 0
-0.09127343 -0.2098411 0.9734659 0
-0.08457294 1.333448 0.04887341 1

-0.2187448 -0.1216961 0.9681637 0
-0.2035801 -0.9646667 -0.1672531 0
0.9543095 -0.2336844 0.1862406 0
-0.1237656 1.224353 -0.03513002 1

0.8728173 0.3131458 -0.374339 0
0.3696727 -0.924969 0.08817276 0
-0.3186411 -0.2153416 -0.9230906 0
0.009327538 1.239349 0.106833 1

-0.01732332 0.1305569 0.9912897 0
-0.2112523 -0.9695342 0.1239998 0
0.9772784 -0.2072642 0.04437596 0
-0.1730393 0.9908691 -0.07561124 1

0.9489371 0.1029471 -0.298195 0
0.1589985 -0.9724908 0.1702387 0
-0.2724664 -0.2089584 -0.9392012 0
0.09879839 1.015481 0.1281732 1

-0.02863097 0.06717854 0.9973304 0
-0.2680624 -0.9617091 0.05708375 0
0.9629763 -0.2657123 0.04554239 0
-0.2186594 0.7814972 -0.04883331 1

0.9700507 0.0968313 -0.2227678 0
0.1227145 -0.9868274 0.1054168 0
-0.2096258 -0.1295964 -0.9691554 0
0.1331351 0.8054656 0.1649374 1

-0.01615754 0.08092196 0.9965895 0
0.3408599 -0.9365687 0.0815744 0
0.9399756 0.3410154 -0.0124504 0
-0.2374016 0.7089439 -0.0695331 1

0.03751662 0.1311308 0.9906552 0
0.2570927 -0.9592493 0.1172373 0
0.9656587 0.2502918 -0.0697006 0
-0.2396944 0.7113298 -0.03643947 1

0.02329975 0.05337043 0.9983031 0
0.2784364 -0.9594099 0.04479247 0
0.9601723 0.2769201 -0.03721428 0
-0.2376828 0.7081555 -0.05334066 1

0.1085774 0.4513507 0.8857167 0
0.1918579 -0.883747 0.4268277 0
0.9753984 0.1235879 -0.1825502 0
-0.2142412 0.7598187 -0.02573618 1

0.02863535 0.2065367 0.97802 0
0.148171 -0.9684894 0.2001855 0
0.9885474 0.1391818 -0.05833572 0
-0.2379574 0.7148061 -0.01921633 1

0.9833736 -0.0177952 -0.1807201 0
-0.100482 -0.8822735 -0.4598882 0
-0.1512607 0.4704007 -0.8693927 0
0.1341679 0.7331275 0.1755233 1

0.977723 0.02720862 -0.2081284 0
-0.06170775 -0.9104851 -0.4089116 0
-0.2006239 0.4126453 -0.8885235 0
0.1519275 0.7325043 0.1708239 1

0.9739233 0.03073956 -0.224786 0
-0.05303031 -0.9324901 -0.3572812 0
-0.2205934 0.3598848 -0.9065437 0
0.1655298 0.734251 0.1665142 1

0.9653453 -0.1426732 -0.2185239 0
-0.1880752 -0.9608393 -0.2035083 0
-0.1809312 0.2375546 -0.9543751 0
0.1168702 0.7328147 0.1777634 1

0.9308509 -0.3421591 -0.1282335 0
-0.36506 -0.8859563 -0.286029 0
-0.01574191 0.3130633 -0.949602 0
0.1122879 0.7807755 0.1606293 1

-0.01838669 0.08413209 0.9962851 0
0.6946455 -0.7156132 0.07325014 0
0.7191175 0.6934117 -0.04528397 0
-0.2289475 0.6857149 -0.06751517 1

0.01989451 0.06026405 0.9979844 0
0.6351948 -0.7716063 0.03393149 0
0.772096 0.6332393 -0.05363005 0
-0.2297596 0.6808604 -0.05202332 1

0.03527769 0.1357901 0.9901096 0
0.5500034 -0.8298317 0.09421177 0
0.8344175 0.5412397 -0.1039595 0
-0.231005 0.6789138 -0.03245857 1

0.02811715 0.2084851 0.9776216 0
0.3509095 -0.9178238 0.1856402 0
0.9359875 0.3378369 -0.09896588 0
-0.233512 0.6857516 -0.01320499 1

0.06554851 0.4291957 0.9008301 0
0.1777245 -0.8933586 0.4127038 0
0.981895 0.1330477 -0.1348369 0
-0.2089259 0.7395427 -0.01106259 1

0.9766798 0.02030448 -0.2137393 0
-0.1671774 -0.5527263 -0.8164225 0
-0.1347165 0.8331154 -0.5364423 0
0.1501755 0.7068692 0.1593141 1

0.9728279 0.02293039 -0.2303915 0
-0.1446839 -0.7166554 -0.682255 0
-0.1807557 0.6970504 -0.6938646 0
0.1642378 0.7114114 0.1577617 1

0.9822884 -0.02459827 -0.185754 0
-0.163183 -0.5995342 -0.783537 0
-0.09209226 0.7999708 -0.5929296 0
0.1307495 0.7039165 0.1603128 1

0.9633831 -0.1495722 -0.2225337 0
-0.2596937 -0.7270411 -0.6355867 0
-0.06672502 0.6701041 -0.739262 0
0.111333 0.704475 0.1717591 1

0.9859202 -0.1263499 -0.1095323 0
-0.1535859 -0.9432772 -0.2943461 0
-0.06612879 0.3070243 -0.9494017 0
0.09882469 0.759497 0.1538374 1

-0.01867744 0.08445025 0.9962529 0
0.8654225 -0.4976275 0.05840749 0
0.5006955 0.8632699 -0.06379052 0
-0.2153942 0.6717513 -0.06609971 1

0.01494521 0.06418593 0.9978262 0
0.8584894 -0.5124374 0.02010456 0
0.5126138 0.8563226 -0.06276135 0
-0.2127302 0.6601731 -0.05112106 1

0.03600964 0.134781 0.9902211 0
0.6997476 -0.7108232 0.07130498 0
0.7134828 0.6903367 -0.119909 0
-0.2134575 0.6524281 -0.02950707 1

0.02738637 0.2098488 0.9773505 0
0.5417872 -0.8247744 0.1619074 0
0.8400698 0.5250818 -0.1362809 0
-0.2238671 0.6605235 -0.008107157 1

-0.03336498 0.6437572 0.7645024 0
0.172296 -0.7497711 0.638872 0
0.9844801 0.1530367 -0.08590087 0
-0.2034394 0.711584 0.001302889 1

0.972912 0.02274828 -0.2300547 0
-0.2069743 -0.3575732 -0.9106611 0
-0.1029774 0.9336081 -0.3431788 0
0.1614555 0.6973231 0.1443335 1

0.9747502 0.01778625 -0.2225894 0
-0.2227069 0.004898265 -0.9748733 0
-0.01624911 0.9998298 0.008735705 0
0.1456027 0.6917482 0.1369792 1

0.980775 -0.02781223 -0.1931506 0
-0.1932844 -0.2747271 -0.9418953 0
-0.02686749 0.9611198 -0.274821 0
0.1255459 0.6847965 0.1353248 1

0.9634905 -0.1494729 -0.2221354 0
-0.2671096 -0.4795828 -0.8358545 0
0.01840524 0.8646722 -0.5019994 0
0.1041109 0.6840981 0.1539403 1

0.9884808 -0.05509857 -0.1409609 0
-0.09358539 -0.9544923 -0.283172 0
-0.1189439 0.2931018 -0.9486538 0
0.09463939 0.7305733 0.1447754 1

0.4120308 0.006450683 0.9111471 0
-0.1267249 0.9906621 0.05029279 0
-0.9023144 -0.1361872 0.4090008 0
0.00701258 1.003657 0.01112667 1

0.5097349 0.03813764 0.8594859 0
-0.2150463 0.9729531 0.08436489 0
-0.8330219 -0.2278329 0.5041494 0
0.0001461506 1.05963 0.01383546 1

-0.2681852 0.09311512 -0.9588567 0
-0.5061958 -0.8604648 0.05801904 0
-0.81966 0.5009291 0.2778983 0
-0.005056461 0.9164934 -0.05545611 1

-0.448278 -0.06480606 -0.8915418 0
-0.1096258 -0.985854 0.1267828 0
-0.8871465 0.1545699 0.4348323 0
0.04949789 0.9173474 0.065183 1

0.5763444 0.05180583 0.8155632 0
-0.2702413 0.9539238 0.1303801 0
-0.7712308 -0.2955427 0.5637887 0
-0.01401849 1.123716 0.0193924 1

-0.1991958 0.01147641 -0.9798925 0
0.149615 -0.9878526 -0.0419839 0
-0.9684712 -0.1549697 0.195059 0
-0.1899468 0.6059217 -0.03778573 1

-0.3999964 -0.01366778 -0.9164147 0
0.2154777 -0.9732642 -0.079536 0
-0.8908266 -0.2292811 0.3922473 0
0.00709749 0.5616352 0.116533 1

0.6382331 0.07159417 0.766507 0
-0.3199919 0.9302503 0.1795534 0
-0.7001884 -0.359873 0.6166261 0
-0.0343616 1.195526 0.0292071 1

-0.2648352 0.01106037 -0.9642301 0
-0.6842157 -0.7067629 0.1798194 0
-0.6794934 0.707364 0.1947434 0
-0.1207303 0.1489107 -0.05720877 1

-0.2666304 -0.02426889 -0.9634931 0
-0.7557131 -0.6151755 0.2246261 0
-0.5981688 0.7880167 0.1456842 0
0.1067632 0.1114679 0.07974489 1

0.7021732 0.1258336 0.7007986 0
-0.3849308 0.8951091 0.2249624 0
-0.5989833 -0.4277215 0.6769588 0
-0.06146081 1.274306 0.04441297 1

-0.6540813 -0.315468 0.687501 0
-0.4766392 -0.5338561 -0.698436 0
0.5873607 -0.7845237 0.198821 0
-0.07953146 1.261455 0.01611143 1

-0.2285574 -0.02708207 -0.9731535 0
-0.9735304 0.006145528 0.2284749 0
-0.0002070442 0.9996142 -0.0277698 0
-0.2327268 0.03322354 -0.02777487 1

0.69832 0.3611101 -0.6180202 0
0.7156883 -0.3665033 0.59453 0
-0.01181561 -0.8574819 -0.5143787 0
-0.03609858 1.266264 0.06859459 1

-0.2963259 0.01609339 -0.954951 0
-0.9509675 0.08779228 0.2965693 0
0.08861016 0.9960088 -0.01071085 0
-0.02067585 0.007728308 0.1176245 1

0.972611 0.1843429 0.1415827 0
-0.2074564 0.9631696 0.1710726 0
-0.1048322 -0.1957594 0.9750324 0
-0.07761044 1.33296 0.05006256 1

-0.271274 -0.1951362 0.9425137 0
-0.1661469 -0.9550393 -0.2455499 0
0.9480535 -0.223207 0.2266563 0
-0.1138003 1.223073 -0.03410388 1

0.8910486 0.29726 -0.3430291 0
0.3529522 -0.9289337 0.1118352 0
-0.2854072 -0.2207234 -0.9326436 0
0.01535712 1.239914 0.1113394 1

-0.09003043 0.09568626 0.9913318 0
-0.1933471 -0.9781157 0.07685138 0
0.9769911 -0.1847522 0.106561 0
-0.1540138 0.9919188 -0.09353574 1

0.9678601 0.04631995 -0.247187 0
0.0974623 -0.9751659 0.1988788 0
-0.2318363 -0.2165781 -0.9483387 0
0.1007812 1.015086 0.1384066 1

-0.1100396 0.05419352 0.9924487 0
-0.2414064 -0.9700702 0.02620526 0
0.964165 -0.2366999 0.119829 0
-0.1957673 0.7806936 -0.07693958 1

0.9862735 0.03107622 -0.1621708 0
0.05270667 -0.9900023 0.1308346 0
-0.1564836 -0.1375859 -0.9780506 0
0.1218287 0.8044928 0.1813558 1

-0.09798494 0.06861552 0.9928197 0
0.3593068 -0.9278902 0.09958954 0
0.928061 0.3664851 0.0662654 0
-0.2105131 0.7078577 -0.09976925 1

-0.04607043 0.121096 0.9915711 0
0.2742808 -0.9529412 0.1291222 0
0.9605454 0.2779178 0.01068816 0
-0.2155071 0.7097715 -0.06694345 1

-0.05790967 0.04159742 0.997455 0
0.3011384 -0.9518645 0.05717955 0
0.9518204 0.3036832 0.04259574 0
-0.2120575 0.706865 -0.0836595 1

0.02348053 0.4437011 0.8958671 0
0.1849389 -0.8825755 0.432271 0
0.9824694 0.1555307 -0.102781 0
-0.1925229 0.7588823 -0.05377294 1

-0.05665514 0.1975957 0.9786451 0
0.1572762 -0.9662142 0.204191 0
0.985928 0.1654861 0.02366388 0
-0.215257 0.7130905 -0.04960385 1

0.9896794 -0.08297832 -0.1168314 0
-0.1276342 -0.8810874 -0.4554061 0
-0.0651499 0.4656178 -0.8825848 0
0.1175829 0.7324827 0.1932909 1

0.988394 -0.03997296 -0.1465612 0
-0.09650114 -0.9103119 -0.4025165 0
-0.1173265 0.4119882 -0.9036041 0
0.1355255 0.7306473 0.1897455 1

0.9852054 -0.04247252 -0.1660331 0
-0.09863008 -0.9328015 -0.3466318 0
-0.1401535 0.3578794 -0.92319 0
0.1494542 0.7314448 0.1862812 1

0.9662623 -0.2068683 -0.1534372 0
-0.2366825 -0.9481318 -0.212197 0
-0.1015818 0.241354 -0.9651061 0
0.1001943 0.7333011 0.1944288 1

0.9133279 -0.4024138 -0.06241468 0
-0.402223 -0.8675009 -0.2926759 0
0.06363192 0.2924138 -0.9541726 0
0.09975962 0.7810649 0.1761739 1

-0.1002714 0.07176744 0.9923685 0
0.7063019 -0.6973543 0.1217989 0
0.7007733 0.7131243 0.01923525 0
-0.201601 0.684844 -0.09730439 1

-0.06147772 0.04840306 0.9969342 0
0.6524919 -0.7538897 0.0768401 0
0.7552977 0.6552153 0.01476485 0
-0.2034919 0.679784 -0.08198972 1

-0.04838955 0.125695 0.9908882 0
0.5640425 -0.8152936 0.1309656 0
0.8243266 0.5652404 -0.03144553 0
-0.2062384 0.6775684 -0.06256089 1

-0.05719119 0.1995339 0.9782206 0
0.359095 -0.9101374 0.206641 0
0.9315469 0.3630921 -0.0195998 0
-0.2105389 0.6841041 -0.04347244 1

-0.02133536 0.4274486 0.9037879 0
0.1725588 -0.8888524 0.4244584 0
0.984768 0.1650126 -0.05479601 0
-0.1877584 0.7386019 -0.0389172 1

0.9872467 -0.04686757 -0.1521442 0
-0.1524825 -0.5530457 -0.8190783 0
-0.04575455 0.8318317 -0.5531392 0
0.1327937 0.705018 0.1784148 1

0.9838825 -0.05029695 -0.1715987 0
-0.1552716 -0.716277 -0.6803222 0
-0.08869401 0.6960013 -0.7125419 0
0.1470453 0.7085971 0.1777899 1

0.9884792 -0.08978073 -0.1218549 0
-0.1513377 -0.5994091 -0.7860063 0
-0.002472758 0.7953919 -0.6060907 0
0.1132649 0.7033169 0.1782228 1

0.9641193 -0.2136624 -0.1575517 0
-0.264152 -0.7130572 -0.6494408 0
0.02641755 0.6677558 -0.7439116 0
0.09322348 0.7053354 0.1881688 1

0.9814165 -0.1869698 -0.04317999 0
-0.191449 -0.9387786 -0.28643 0
0.0130173 0.2893741 -0.9571277 0
0.08541764 0.7605248 0.1689227 1

-0.1005674 0.07207774 0.9923159 0
0.871538 -0.4746995 0.1228073 0
0.4799039 0.8771915 -0.0150793 0
-0.187819 0.6712368 -0.09494172 1

-0.06651616 0.05218931 0.9964195 0
0.8688227 -0.4880215 0.08355963 0
0.490635 0.8712699 -0.01288205 0
-0.1859982 0.6595719 -0.07993709 1

-0.04764041 0.1247054 0.9910494 0
0.7116947 -0.6919404 0.1212798 0
0.7008715 0.7111024 -0.05578783 0
-0.1882384 0.6515473 -0.05843666 1

-0.05793369 0.2008807 0.9779012 0
0.5487091 -0.8119123 0.1992905 0
0.8340037 0.5481288 -0.06318793 0
-0.2006687 0.6590875 -0.03779737 1

-0.1150317 0.6355696 0.7634256 0
0.1445366 -0.7496396 0.6458712 0
0.9827902 0.1846386 -0.005630612 0
-0.1823888 0.7107841 -0.02618824 1

0.9839326 -0.05047996 -0.1712569 0
-0.1779142 -0.3575664 -0.9167842 0
-0.01495643 0.9325225 -0.3608023 0
0.1440556 0.6945116 0.1644034 1

0.9857084 -0.04938994 -0.1610593 0
-0.1610661 0.003868629 -0.9869362 0
0.04936771 0.9987723 -0.004141739 0
0.1286229 0.6898882 0.1560073 1

0.9872333 -0.09300105 -0.1293126 0
-0.1502791 -0.2747558 -0.9496976 0
0.05279347 0.9570057 -0.2852243 0
0.108439 0.6842011 0.1531561 1

0.964205 -0.2135705 -0.157151 0
-0.2420277 -0.4667761 -0.8506133 0
0.1083114 0.8582005 -0.501758 0
0.08587644 0.6853469 0.1699655 1

0.990152 -0.1176148 -0.07593644 0
-0.1340168 -0.9531556 -0.2711713 0
-0.04048547 0.2786777 -0.9595311 0
0.08007167 0.7317072 0.1601374 1

0.4218327 0.0221557 0.9064029 0
-0.1370641 0.9897705 0.03959504 0
-0.8962536 -0.1409378 0.4205543 0
0.01332228 0.9992809 0.01313097 1

0.5042953 0.03669227 0.8627514 0
-0.2173889 0.9723141 0.08571625 0
-0.8357202 -0.2307789 0.49831 0
0.005870193 1.055205 0.01523211 1

-0.2742074 0.121393 -0.9539781 0
-0.4866118 -0.8731446 0.0287627 0
-0.8294693 0.472104 0.298494 0
0.00148882 0.9111778 -0.0522462 1

-0.4592015 -0.08862966 -0.8838995 0
-0.04566192 -0.99134 0.123125 0
-0.8871577 0.09689977 0.451178 0
0.05734098 0.9141113 0.06776478 1

0.5680904 0.04996655 0.8214478 0
-0.2716573 0.9535917 0.1298661 0
-0.776837 -0.2969279 0.5553001 0
-0.008448754 1.11925 0.02087806 1

-0.2276396 0.05408329 -0.9722425 0
-0.08432171 -0.9958006 -0.03565081 0
-0.9700876 0.07386566 0.231244 0
-0.1763461 0.5960976 -0.04512594 1

-0.406229 -0.03279663 -0.9131823 0
0.2614538 -0.9617462 -0.08176692 0
-0.8755683 -0.2719712 0.3992642 0
0.03812576 0.5562164 0.1178439 1

0.6274835 0.06889614 0.7755758 0
-0.3210083 0.9303771 0.177066 0
-0.7093786 -0.3600723 0.6059125 0
-0.02889846 1.191034 0.03065407 1

-0.3139561 -0.003482953 -0.9494312 0
-0.8200219 -0.5030214 0.2730086 0
-0.478535 0.8642671 0.1550706 0
-0.2153559 0.1354096 -0.06161909 1

-0.2651649 -0.02435199 -0.9638954 0
-0.7565727 -0.614472 0.2236551 0
-0.5977334 0.7885626 0.1445124 0
0.1590569 0.1113766 0.08002394 1

0.6919438 0.1263107 0.7108161 0
-0.3846877 0.8976677 0.2149603 0
-0.610925 -0.4221826 0.6697257 0
-0.05608374 1.269825 0.04564928 1

-0.6696905 -0.320792 0.6697814 0
-0.4603782 -0.5283517 -0.7133699 0
0.5827235 -0.7860898 0.2061464 0
-0.07377432 1.257065 0.01706794 1

-0.2878017 -0.05064161 -0.9563502 0
-0.937434 0.2191943 0.270502 0
0.1959278 0.9743661 -0.1105576 0
-0.3495821 0.05307213 -0.01693136 1

0.7177222 0.3569652 -0.5978717 0
0.6963215 -0.3720314 0.6137824 0
-0.003328115 -0.8568365 -0.5155778 0
-0.03107756 1.26169 0.07016807 1

-0.2948397 0.01603784 -0.955412 0
-0.9513499 0.08868145 0.2950748 0
0.08945967 0.9959308 -0.01088921 0
0.03147294 0.007755733 0.1177398 1

0.9731514 0.1742572 0.1503691 0
-0.1974758 0.9677268 0.1565514 0
-0.1182363 -0.1820425 0.9761563 0
-0.0720804 1.328568 0.05078269 1

-0.3172382 -0.2716146 0.9086175 0
-0.1230753 -0.9382132 -0.3234326 0
0.9403258 -0.2144335 0.2642079 0
-0.106874 1.219078 -0.03422109 1

0.9076836 0.2779566 -0.3144053 0
0.3323263 -0.933588 0.1340634 0
-0.2562611 -0.2261723 -0.9397746 0
0.01898573 1.234942 0.1142971 1

-0.1555021 0.06692607 0.9855659 0
-0.1737923 -0.9839941 0.03939839 0
0.9724275 -0.1651572 0.1646442 0
-0.1366627 0.9919969 -0.1125033 1

0.9801332 -0.01362346 -0.1978715 0
0.03163984 -0.9741231 0.2237924 0
-0.1958001 -0.2256071 -0.9543394 0
0.09941771 1.008988 0.1467441 1

-0.1850942 0.0294813 0.9822786 0
-0.2128357 -0.9770287 -0.01078167 0
0.9593962 -0.2110595 0.1871168 0
-0.1741932 0.7795023 -0.1039952 1

0.9940861 -0.0344689 -0.1029803 0
-0.01828721 -0.9878817 0.1541283 0
-0.1070448 -0.1513336 -0.9826696 0
0.1062505 0.7986197 0.1950736 1

-0.1737918 0.04486628 0.98376 0
0.3791083 -0.9189242 0.1088827 0
0.908886 0.3918746 0.1426922 0
-0.1849622 0.7067788 -0.1292743 1

-0.1223589 0.09541279 0.9878892 0
0.2938476 -0.9472588 0.1278841 0
0.9479883 0.3059366 0.08786848 0
-0.1924379 0.7078356 -0.09688403 1

-0.132677 0.01716345 0.9910106 0
0.3264746 -0.943297 0.06004559 0
0.935848 0.3315067 0.1195503 0
-0.1876682 0.7053934 -0.1133478 1

-0.0567691 0.4247104 0.9035477 0
0.1792729 -0.8859615 0.4277074 0
0.9821601 0.1862623 -0.02584389 0
-0.1720123 0.7572986 -0.08107817 1

-0.1346529 0.1728893 0.9756937 0
0.173704 -0.9652952 0.195019 0
0.9755489 0.1957418 0.09994805 0
-0.1935789 0.7107848 -0.07951337 1

0.9876696 -0.1468733 -0.05419138 0
-0.1553171 -0.8759115 -0.4567888 0
0.01962325 0.4595733 -0.8879231 0
0.0967287 0.7273268 0.2082107 1

0.9902117 -0.1086572 -0.08760288 0
-0.1349819 -0.9051794 -0.4030266 0
-0.03550458 0.4109065 -0.9109861 0
0.1146956 0.7242898 0.2057927 1

0.986553 -0.1201254 -0.1108288 0
-0.1512132 -0.9281946 -0.3399847 0
-0.06203005 0.3521718 -0.9338775 0
0.1288266 0.7241322 0.2031592 1

0.9586916 -0.2699093 -0.08977208 0
-0.2838358 -0.9284168 -0.2397489 0
-0.01863554 0.2553258 -0.9666754 0
0.07939092 0.7292557 0.2082803 1

0.8879152 -0.460006 0.00109598 0
-0.4387456 -0.8475891 -0.2984879 0
0.1382352 0.2645512 -0.9544128 0
0.08307696 0.7764949 0.1890531 1

-0.176127 0.04795383 0.9831987 0
0.7155707 -0.6796545 0.1613338 0
0.6759721 0.7319634 0.08539113 0
-0.1755586 0.6839876 -0.126579 1

-0.1364111 0.02386493 0.990365 0
0.6687219 -0.7353565 0.1098285 0
0.7308921 0.6772605 0.08435184 0
-0.1783851 0.6785551 -0.1115969 1

-0.1247644 0.09995571 0.9871388 0
0.5781595 -0.8012196 0.1542033 0
0.8063284 0.5899628 0.04217315 0
-0.1825095 0.6758242 -0.09254338 1

-0.1352201 0.1748191 0.9752711 0
0.3728408 -0.9029861 0.2135555 0
0.91799 0.3924979 0.05692211 0
-0.1883684 0.6818259 -0.07365707 1

-0.1019928 0.409439 0.9066187 0
0.1675735 -0.8912764 0.4213619 0
0.9805696 0.1949013 0.02229252 0
-0.1677454 0.7368489 -0.06630351 1

0.9889266 -0.1154955 -0.09319255 0
-0.1417854 -0.5498421 -0.8231468 0
0.04382865 0.8272454 -0.560129 0
0.1108803 0.698806 0.1944468 1

0.9849285 -0.1279396 -0.1163931 0
-0.172911 -0.7119765 -0.6805817 0
0.004204154 0.69045 -0.7233679 0
0.1251299 0.7013968 0.1948311 1

0.9863479 -0.1536478 -0.0592491 0
-0.1403089 -0.5957737 -0.7908016 0
0.08620581 0.7883187 -0.609198 0
0.09149433 0.6983382 0.193091 1

0.9563917 -0.2765114 -0.0941084 0
-0.265476 -0.6885399 -0.6748593 0
0.1218089 0.6704136 -0.7319211 0
0.07102923 0.7018709 0.2012083 1

0.9679278 -0.2504725 0.01947039 0
-0.2353818 -0.9312369 -0.2781971 0
0.08781239 0.2646918 -0.9603266 0
0.06790736 0.756719 0.1813742 1

-0.1764204 0.04825211 0.9831315 0
0.8731497 -0.4534215 0.1789382 0
0.454407 0.8899894 0.03786145 0
-0.1615947 0.6707261 -0.1234448 1

-0.1415125 0.0275064 0.9895543 0
0.8752761 -0.463501 0.1380538 0
0.4624566 0.8856696 0.04151551 0
-0.1604556 0.65884 -0.1086597 1

-0.1239985 0.09898503 0.9873332 0
0.7221934 -0.6733554 0.1582069 0
0.680486 0.7326628 0.0120087 0
-0.1640548 0.6502536 -0.08767748 1

-0.1359812 0.1761489 0.974926 0
0.5591388 -0.7987159 0.2222991 0
0.8178467 0.5753474 0.01011866 0
-0.17812 0.6570057 -0.06779192 1

-0.1917066 0.6198586 0.7609363 0
0.118352 -0.7550585 0.6448873 0
0.97429 0.2136876 0.07138804 0
-0.1624903 0.7089649 -0.05367207 1

0.9849409 -0.1281372 -0.1160699 0
-0.1547923 -0.3545274 -0.9221441 0
0.0770109 0.9262244 -0.369023 0
0.1217934 0.6873909 0.1814432 1

0.9877461 -0.1180004 -0.102145 0
-0.1024904 0.0031534 -0.9947289 0
0.1177006 0.9930086 -0.008979157 0
0.1070021 0.6837639 0.171928 1

0.9853622 -0.1568513 -0.0667733 0
-0.1080929 -0.2719861 -0.956211 0
0.1318213 0.9494321 -0.2849593 0
0.08702021 0.6793382 0.1678714 1

0.9564564 -0.2764265 -0.09369907 0
-0.2133137 -0.4429022 -0.8708243 0
0.1992196 0.852893 -0.4825821 0
0.06364473 0.6825656 0.1822965 1

0.9828001 -0.1841002 -0.0145236 0
-0.1815229 -0.9485857 -0.2592966 0
0.03395963 0.2574732 -0.9656886 0
0.06121026 0.7280991 0.1728734 1

0.4398061 0.05475022 0.8964224 0
-0.1526824 0.9881681 0.01455589 0
-0.8850191 -0.1432697 0.4429618 0
0.01430393 0.9902737 0.01330701 1

0.5027432 0.03319094 0.8637984 0
-0.2148655 0.9726999 0.08767945 0
-0.8373065 -0.2296807 0.4961499 0
0.005966499 1.046109 0.01398736 1

-0.2632695 0.1499823 -0.9529924 0
-0.4694712 -0.8828992 -0.009256989 0
-0.8427848 0.4449653 0.3028529 0
0.002607414 0.9001645 -0.04930197 1

-0.4762507 -0.1197024 -0.8711237 0
0.01463867 -0.9916326 0.1282586 0
-0.8791878 0.04833112 0.474018 0
0.06083931 0.9074137 0.06938756 1

0.5626159 0.03885115 0.8258051 0
-0.2627843 0.955493 0.1340808 0
-0.7838417 -0.2924446 0.547785 0
-0.008186237 1.110178 0.01976262 1

-0.2253366 0.09429368 -0.9697073 0
-0.3012264 -0.9532824 -0.02269877 0
-0.9265453 0.2869866 0.2432132 0
-0.1689962 0.5816371 -0.05593168 1

-0.4163771 -0.05501559 -0.907526 0
0.3210966 -0.942744 -0.09017003 0
-0.850604 -0.3289482 0.4102023 0
0.0635462 0.5492877 0.1213899 1

0.6189368 0.04936226 0.7838882 0
-0.3063522 0.93415 0.183063 0
-0.7232328 -0.3534503 0.5933021 0
-0.027968 1.182106 0.0298559 1

-0.3583698 0.01353047 -0.9334816 0
-0.9016408 -0.2643192 0.3423147 0
-0.2421055 0.9643403 0.1069237 0
-0.3083528 0.1406194 -0.06643283 1

-0.265237 -0.02417491 -0.9638801 0
-0.7571282 -0.6137576 0.2237374 0
-0.5969976 0.7891241 0.1444878 0
0.2120641 0.1132369 0.0796833 1

0.6849077 0.1094995 0.720355 0
-0.3695041 0.9042838 0.2138634 0
-0.6279875 -0.4126508 0.6598115 0
-0.05391209 1.261216 0.04535898 1

-0.6892258 -0.3204507 0.6498305 0
-0.4536548 -0.5084589 -0.7318931 0
0.5649477 -0.7992379 0.2050686 0
-0.07147335 1.249079 0.0164285 1

-0.3449019 -0.03927926 -0.9378166 0
-0.8436681 0.4509054 0.2913912 0
0.4114209 0.8917071 -0.1886568 0
-0.4559388 0.0973541 -0.01040069 1

0.742919 0.3446167 -0.5738561 0
0.6693058 -0.3953193 0.6290886 0
-0.01006195 -0.8514469 -0.5243442 0
-0.02936336 1.252372 0.07009353 1

-0.294874 0.0162429 -0.955398 0
-0.9512525 0.08958036 0.2951177 0
0.09037853 0.995847 -0.01096384 0
0.08438649 0.009736525 0.117413 1

0.9754578 0.1511411 0.1601199 0
-0.1749843 0.9735236 0.1470798 0
-0.1336508 -0.1714886 0.9760785 0
-0.06880017 1.320246 0.0505415 1

-0.3614833 -0.3390431 0.8685504 0
-0.08464976 -0.9157616 -0.3927028 0
0.9285284 -0.2154781 0.3023326 0
-0.1040897 1.212523 -0.03619228 1

0.924748 0.2505712 -0.2864531 0
0.303081 -0.9400943 0.1560916 0
-0.2301807 -0.2311639 -0.9452936 0
0.01875756 1.223949 0.115323 1

-0.2150011 0.03343698 0.9760413 0
-0.1628456 -0.9866495 -0.002071202 0
0.9629416 -0.1593891 0.2175757 0
-0.124578 0.9908758 -0.1312404 1

0.9850615 -0.08073178 -0.1521066 0
-0.04151061 -0.9685708 0.2452493 0
-0.1671253 -0.2352717 -0.9574531 0
0.09211139 0.996421 0.1531015 1

-0.2478321 -0.009354498 0.968758 0
-0.1931349 -0.979405 -0.05886612 0
0.949357 -0.2016898 0.2409213 0
-0.1597446 0.7778078 -0.1316876 1

0.993186 -0.1044085 -0.05177039 0
-0.09376203 -0.9797186 0.1770875 0
-0.06920972 -0.1710268 -0.9828326 0
0.08314689 0.7872517 0.2060646 1

-0.2377974 0.008065809 0.9712814 0
0.3909709 -0.9145864 0.1033157 0
0.889154 0.4043109 0.2143327 0
-0.1674987 0.7058822 -0.1601534 1

-0.1850773 0.05291525 0.9812984 0
0.3072465 -0.9453757 0.108926 0
0.9334596 0.3216601 0.1587095 0
-0.1770418 0.7056357 -0.1282942 1

-0.195281 -0.02222051 0.9804957 0
0.3449479 -0.9374215 0.04745719 0
0.9180832 0.3474874 0.1907255 0
-0.1711874 0.7038734 -0.1444928 1

-0.1222756 0.3905623 0.91242 0
0.1684386 -0.8978163 0.406884 0
0.9780989 0.2034387 0.04399514 0
-0.1586073 0.7548248 -0.1094741 1

-0.1981513 0.1308432 0.9713995 0
0.1880952 -0.9675552 0.1686939 0
0.9619548 0.2161423 0.1671113 0
-0.1793431 0.7079315 -0.11094 1

0.9769206 -0.2136016 0.0007573664 0
-0.1896271 -0.8688929 -0.4572378 0
0.09832481 0.4465413 -0.889344 0
0.06810931 0.7171582 0.2204412 1

0.9823154 -0.1834115 -0.03764114 0
-0.182717 -0.8951511 -0.4065946 0
0.04087994 0.4062816 -0.9128329 0
0.08592083 0.7128481 0.2190087 1

0.9772947 -0.2022074 -0.06330499 0
-0.2117088 -0.9196851 -0.3306938 0
0.008648217 0.3365873 -0.9416126 0
0.1001189 0.711663 0.2170969 1

0.9415016 -0.3353546 -0.03334698 0
-0.3311827 -0.9023662 -0.2757769 0
0.06239206 0.2706881 -0.9606432 0
0.05096281 0.7202554 0.2195881 1

0.8530184 -0.5187396 0.05717203 0
-0.4810091 -0.8239804 -0.2994771 0
0.2024595 0.2279592 -0.952389 0
0.05882559 0.7665845 0.1994236 1

-0.2401462 0.01111559 0.9706733 0
0.7169322 -0.6721303 0.1850668 0
0.654476 0.7403499 0.1534403 0
-0.1578006 0.6831988 -0.1575961 1

-0.1991219 -0.01559174 0.9798508 0
0.6776887 -0.7244409 0.1261897 0
0.7078764 0.6891607 0.1548184 0
-0.1613812 0.6772007 -0.1431004 1

-0.1875368 0.05743426 0.9805773 0
0.5859847 -0.7946471 0.1586141 0
0.7883226 0.6043489 0.11537 0
-0.1666618 0.673687 -0.1245944 1

-0.1987449 0.1327731 0.971016 0
0.3839546 -0.9010329 0.2017904 0
0.9017093 0.4129306 0.1280968 0
-0.1737012 0.6789045 -0.1058735 1

-0.1676647 0.3764914 0.9111219 0
0.15701 -0.9022104 0.4017019 0
0.9732609 0.2104065 0.09215581 0
-0.1549031 0.7339253 -0.09518503 1

0.9808016 -0.1901536 -0.0432407 0
-0.1420739 -0.5448919 -0.8263824 0
0.1335782 0.8166605 -0.5614465 0
0.08076172 0.6876478 0.2075616 1

0.9752729 -0.210007 -0.06884542 0
-0.2001911 -0.7074994 -0.6777669 0
0.09362775 0.6747898 -0.7320466 0
0.09494039 0.6891354 0.2089967 1

0.9754125 -0.2203452 -0.004325807 0
-0.1375012 -0.593109 -0.7932938 0
0.1722331 0.7743833 -0.6088236 0
0.06173997 0.6884081 0.2053016 1

0.9390413 -0.3417045 -0.03794166 0
-0.2680018 -0.6584025 -0.7033358 0
0.2153523 0.6706296 -0.7098446 0
0.04120459 0.6936383 0.2114541 1

0.9460313 -0.3154643 0.07420781 0
-0.2859376 -0.9202951 -0.2670141 0
0.1525268 0.2313848 -0.9608314 0
0.04272231 0.7476728 0.1914737 1

-0.2404291 0.01140289 0.9706 0
0.8678269 -0.445407 0.2202038 0
0.4348229 0.8952557 0.09719323 0
-0.1438093 0.6700846 -0.1539987 1

-0.2042365 -0.01203674 0.9788477 0
0.8752304 -0.4501269 0.1770815 0
0.4384743 0.8928836 0.1024675 0
-0.1432109 0.6577784 -0.1397246 1

-0.186762 0.05647261 0.980781 0
0.7264985 -0.6640936 0.1765789 0
0.661302 0.7455139 0.08300015 0
-0.1479539 0.6483283 -0.1195874 1

-0.19952 0.134096 0.9706752 0
0.5664407 -0.7925322 0.2259165 0
0.7995858 0.5949047 0.08216876 0
-0.163147 0.6541383 -0.1003317 1

-0.2527522 0.597636 0.7608864 0
0.08908714 -0.7687044 0.6333696 0
0.9634211 0.2278707 0.1410499 0
-0.1499432 0.7057182 -0.08316642 1

0.975245 -0.2102294 -0.06856155 0
-0.1413672 -0.3543341 -0.9243715 0
0.1700366 0.9111811 -0.375282 0
0.09106696 0.6752122 0.1956671 1

0.97988 -0.1926431 -0.05219182 0
-0.05324072 -0.0002688728 -0.9985816 0
0.192356 0.9812687 -0.01051998 0
0.07687565 0.6727411 0.1849543 1

0.9746193 -0.2235533 -0.0118919 0
-0.07421908 -0.2725426 -0.9592769 0
0.2112087 0.935812 -0.2822171 0
0.05735535 0.6694931 0.1800026 1

0.939087 -0.3416252 -0.03752047 0
-0.186485 -0.4148122 -0.8905922 0
0.2886849 0.8433402 -0.4532529 0
0.03374831 0.6751736 0.1917475 1

0.9666482 -0.2531378 0.03889149 0
-0.2363521 -0.9402205 -0.2451989 0
0.09863585 0.2278289 -0.9686924 0
0.03446716 0.7193537 0.1833435 1

0.4618888 0.08701575 0.8826592 0
-0.1620089 0.9867102 -0.01249549 0
-0.8720161 -0.1372271 0.4698476 0
0.01192396 0.9763858 0.01311726 1

0.5052615 0.03463312 0.8622712 0
-0.2087265 0.9744313 0.08316857 0
-0.8373435 -0.2220006 0.4995714 0
0.003055826 1.032136 0.01226178 1

-0.2529691 0.1739007 -0.9517174 0
-0.5335302 -0.8456859 -0.01271257 0
-0.8070641 0.5045539 0.3067134 0
-0.000470316 0.8842421 -0.04631571 1

-0.496653 -0.158787 -0.853301 0
0.07641817 -0.987305 0.139245 0
-0.8645787 0.00394874 0.5024822 0
0.0606854 0.8957633 0.0705515 1

0.5602629 0.03051654 0.8277527 0
-0.250323 0.9588329 0.1340816 0
-0.7895847 -0.2823265 0.5448374 0
-0.01069255 1.09632 0.01773991 1

-0.2153382 0.1160402 -0.9696209 0
-0.4038239 -0.9146233 -0.0197752 0
-0.8891321 0.3872976 0.2438128 0
-0.1951839 0.5793221 -0.05418766 1

-0.4250848 -0.08152141 -0.9014751 0
0.3830882 -0.9185435 -0.09757787 0
-0.8200893 -0.3868233 0.4216888 0
0.08589491 0.5391284 0.1266041 1

0.6125906 0.03042235 0.7898148 0
-0.2879092 0.9391967 0.1871298 0
-0.7360986 -0.3420289 0.584102 0
-0.02953626 1.168499 0.02783326 1

-0.3290468 0.1001974 -0.9389832 0
-0.9437994 -0.06771135 0.3235091 0
-0.03116487 0.9926613 0.1168465 0
-0.3820052 0.1561894 -0.06333631 1

-0.2608098 -0.02466156 -0.9650753 0
-0.7589061 -0.6126433 0.2207485 0
-0.5966909 0.7899747 0.1410676 0
0.2630861 0.1142713 0.08147106 1

0.6801737 0.09248547 0.7271934 0
-0.352595 0.9109932 0.2139351 0
-0.6426823 -0.4019178 0.6522436 0
-0.05391848 1.248037 0.04368075 1

-0.7075853 -0.3149855 0.6325405 0
-0.4504099 -0.4886939 -0.747201 0
0.544476 -0.8136107 0.2039202 0
-0.07146832 1.236488 0.01450372 1

-0.3274344 0.0471503 -0.9436972 0
-0.6947943 0.6648503 0.2742907 0
0.6403499 0.7454875 -0.1849349 0
-0.536492 0.1451058 -0.01038239 1

0.7691154 0.3252008 -0.5501873 0
0.6386602 -0.4233701 0.6425506 0
-0.02397481 -0.8455781 -0.5333133 0
-0.02979461 1.238489 0.06857147 1

-0.2904363 0.01579952 -0.956764 0
-0.9524955 0.09099079 0.2906431 0
0.09164877 0.9957265 -0.01137805 0
0.1351086 0.01095865 0.1186968 1

0.9782169 0.124244 0.1662981 0
-0.1478797 0.9792985 0.1382248 0
-0.1456819 -0.159806 0.9763396 0
-0.06762186 1.307344 0.04895528 1

-0.4003879 -0.3809925 0.8333873 0
-0.0472493 -0.8996745 -0.4339966 0
0.9151269 -0.2131439 0.3422172 0
-0.1038514 1.201353 -0.03921763 1

0.9409901 0.2158983 -0.2606258 0
0.2664333 -0.9474413 0.1771124 0
-0.2086894 -0.2361002 -0.9490553 0
0.01612302 1.20805 0.1147688 1

-0.2691807 -0.006646037 0.9630667 0
-0.1496364 -0.9875441 -0.04863882 0
0.9513942 -0.1572024 0.2648335 0
-0.1152874 0.9835992 -0.1442603 1

0.981608 -0.1526869 -0.1145969 0
-0.1182051 -0.9574719 0.2632024 0
-0.1499109 -0.2448155 -0.9579105 0
0.08060709 0.9787437 0.1576349 1

-0.2945085 -0.05262369 0.9541991 0
-0.1716758 -0.979326 -0.1069963 0
0.9401023 -0.1953241 0.2793855 0
-0.1476015 0.7703379 -0.1547639 1

0.9836359 -0.1795564 -0.01484895 0
-0.17296 -0.9641453 0.2012683 0
-0.05045566 -0.1954063 -0.979424 0
0.05507991 0.7719713 0.2144751 1

-0.2859729 -0.03311156 0.9576656 0
0.4070001 -0.9089728 0.09010823 0
0.8675083 0.4155385 0.273418 0
-0.1526125 0.699501 -0.1863981 1

-0.2309717 0.004684556 0.9729492 0
0.3293263 -0.9405868 0.08270881 0
0.9155308 0.3395211 0.2157063 0
-0.1636898 0.6978079 -0.1550843 1

-0.2413164 -0.06683337 0.9681424 0
0.3704527 -0.9284219 0.02824672 0
0.8969567 0.3654673 0.2488021 0
-0.1570213 0.6967998 -0.1710306 1

-0.1738626 0.3512892 0.9199824 0
0.1651912 -0.9105693 0.3789136 0
0.9708161 0.2178519 0.1002842 0
-0.1471177 0.7464988 -0.1334469 1

-0.2439367 0.07939152 0.9665361 0
0.2170146 -0.9669009 0.1341922 0
0.9451982 0.2424868 0.2186335 0
-0.1668762 0.6993622 -0.1377877 1

0.9579052 -0.2840847 0.0413968 0
-0.236269 -0.862022 -0.4484366 0
0.1630788 0.419779 -0.8928558 0
0.03434963 0.7036639 0.2302955 1

0.9650077 -0.2622184 -0.001435697 0
-0.2404921 -0.8828427 -0.403426 0
0.1045182 0.3896543 -0.9150115 0
0.05182219 0.6979986 0.2295942 1

0.9585403 -0.2836667 -0.02708489 0
-0.2776031 -0.9081228 -0.3134484 0
0.06431833 0.3079718 -0.9492194 0
0.06594446 0.6957023 0.2282027 1

0.9146914 -0.4040412 0.009520262 0
-0.3831342 -0.8743778 -0.2977782 0
0.1286388 0.2687276 -0.9545879 0
0.01752141 0.7080009 0.2287702 1

0.8092235 -0.5787801 0.1008522 0
-0.5319348 -0.7946849 -0.2924413 0
0.2494047 0.1830036 -0.9509509 0
0.02949464 0.7529775 0.2075909 1

-0.2883449 -0.03010553 0.9570534 0
0.7211043 -0.6644192 0.1963571 0
0.6299733 0.7467537 0.213291 0
-0.1425165 0.6769569 -0.1841683 1

-0.2453097 -0.06030618 0.9675673 0
0.6917429 -0.7101406 0.131118 0
0.6792018 0.7014723 0.2159209 0
-0.1464915 0.6703811 -0.1701854 1

-0.2335272 0.009163827 0.9723072 0
0.6011381 -0.7846001 0.1517752 0
0.7642632 0.6199344 0.1777168 0
