MeshAnim
1
27
52
30
0.9875414 0.0213127 -0.1559095 0
0.07898834 0.7897822 0.6082802 0
0.1360987 -0.613017 0.7782592 0
-0.05009961 0.6393328 0.1132275 1

0.9673114 -0.01535213 -0.2531261 0
0.2140543 0.5846453 0.7825411 0
0.1359753 -0.8111438 0.5688204 0
-0.04568361 0.6841174 0.1473208 1

-0.9298455 0.352074 -0.1069158 0
-0.2305524 -0.3310326 0.9150207 0
0.2867623 0.8754777 0.3889807 0
-0.1230495 0.5710292 0.06643763 1

-0.8607609 -0.4090531 0.3029292 0
0.4339234 -0.2785834 0.8567973 0
-0.2660847 0.8689458 0.4172913 0
0.007704511 0.5738511 0.04579465 1

0.9621588 -0.02706292 -0.271142 0
0.2562943 0.4278106 0.8667706 0
0.09254013 -0.9034632 0.4185579 0
-0.03158431 0.7226267 0.1988651 1

-0.9719867 0.2189436 -0.08547135 0
-0.1055316 -0.7314798 -0.6736467 0
-0.2100112 -0.6457559 0.7340943 0
-0.2096834 0.4533285 0.3974853 1

-0.8999379 -0.3842966 0.2059806 0
0.2025939 -0.7868698 -0.5829165 0
0.3860928 -0.4828583 0.78599 0
0.1665977 0.4788823 0.3567605 1

0.9558972 -0.03050842 -0.2921126 0
0.2904332 0.2461525 0.9246932 0
0.04369333 -0.9687508 0.2441572 0
-0.0122911 0.7548313 0.2641135 1

-0.9981999 0.02461294 -0.05468608 0
-0.05787733 -0.6341715 0.7710232 0
-0.01570322 0.7728005 0.6344548 0
-0.2585056 0.1149235 0.08583558 1

-0.9816178 -0.02390085 0.1893549 0
0.1636939 -0.6155733 0.7708916 0
0.0981368 0.7877171 0.6081701 0
0.2603042 0.1149287 0.08714205 1

0.9765992 0.003037924 -0.2150458 0
0.1993941 -0.3875062 0.900045 0
-0.08059725 -0.9218622 -0.3790438 0
0.01230486 0.7756773 0.3424231 1

0.05906854 -0.9654826 0.2536822 0
-0.710997 -0.21907 -0.6682007 0
0.7007101 -0.1408973 -0.6993953 0
-0.02361183 0.7741175 0.3419493 1

-0.9958671 -0.01788458 -0.08904169 0
-0.08980422 0.04768411 0.9948173 0
-0.01354597 0.9987023 -0.0490932 0
-0.2679793 0.01111847 0.2120413 1

-0.1475165 0.9810951 -0.1252662 0
0.4605683 -0.04394251 -0.8865362 0
-0.8752805 -0.1884721 -0.4453791 0
0.04167887 0.7718198 0.3220528 1

-0.9756304 0.01563328 0.2188631 0
0.2189081 0.1374929 0.9660097 0
-0.01499018 0.9903793 -0.1375646 0
0.2879086 0.01112205 0.2171407 1

0.9881397 -0.01188048 -0.1530974 0
0.1419075 0.4515796 0.8808736 0
0.05867049 -0.8921518 0.4479098 0
0.0252004 0.7631152 0.4008089 1

-0.5895647 -0.7718299 -0.2381025 0
-0.7496548 0.6326157 -0.1944616 0
0.3007185 0.06384732 -0.9515736 0
-0.07473025 0.758367 0.2939078 1

-0.3647593 0.9225314 -0.1260433 0
0.7468182 0.2090276 -0.6313243 0
-0.5560696 -0.3244127 -0.7652081 0
0.0747923 0.7686605 0.2583137 1

-0.1224467 -0.7425517 0.6585018 0
-0.9489172 -0.1068145 -0.2968966 0
0.2907983 -0.6612172 -0.6915407 0
-0.2561736 0.9114826 0.2468411 1

0.07319167 0.793913 -0.6036106 0
0.8720808 -0.3445823 -0.3474745 0
-0.4838577 -0.5009647 -0.7175767 0
0.2555428 0.8192509 0.105516 1

-0.5621648 -0.1456492 0.8140994 0
-0.7889516 -0.2007918 -0.5807225 0
0.248046 -0.9687464 -0.002031773 0
-0.4610932 0.8884159 0.1827259 1

0.03885343 0.8557154 -0.5159863 0
0.3699012 -0.4920096 -0.7880991 0
-0.9282585 -0.1602434 -0.3356465 0
0.4438744 0.744836 0.03047661 1

-0.5814406 -0.2017295 0.7881833 0
-0.2768015 -0.8619317 -0.4248003 0
0.7650544 -0.465166 0.445323 0
-0.5050586 0.8769945 0.1196363 1

-0.5443841 -0.2517995 0.8001523 0
-0.5045528 -0.6637475 -0.5521471 0
0.6701291 -0.7042987 0.2342876 0
-0.5242361 0.8734051 0.1465709 1

-0.5637524 -0.2353235 0.7917114 0
-0.3538796 -0.7972949 -0.4889693 0
0.7462931 -0.5558277 0.3662007 0
-0.5153311 0.8736408 0.1317245 1

-0.1590171 -0.3428172 0.9258461 0
-0.3687427 -0.8492903 -0.3778033 0
0.9158291 -0.4014759 0.008640602 0
-0.4869621 0.8703573 0.1879832 1

-0.5261749 -0.2435398 0.814757 0
-0.563915 -0.6172185 -0.5486729 0
0.6365064 -0.7481515 0.1874293 0
-0.5313862 0.8699586 0.1623424 1

0.1469371 0.9609181 -0.2346196 0
-0.03155424 -0.2325197 -0.97208 0
-0.9886426 0.150238 -0.003844723 0
0.4714367 0.7021243 -0.02207752 1

0.1705571 0.9683797 -0.1820744 0
-0.2717336 -0.1313913 -0.9533614 0
-0.9471384 0.2120783 0.2407315 0
0.4721479 0.7164333 -0.03359392 1

0.2522779 0.9549352 -0.1563807 0
-0.6984752 0.06786114 -0.71241 0
-0.6696929 0.2889534 0.6841184 0
0.471496 0.7287648 -0.04095295 1

0.1784964 0.9308461 -0.318849 0
-0.132632 -0.2983331 -0.9452019 0
-0.9749606 0.2110048 0.07020852 0
0.4687924 0.6878495 -0.0124049 1

0.4528068 0.4494135 -0.7700608 0
-0.6337696 -0.4452564 -0.6325212 0
-0.627138 0.774451 0.08320938 0
0.4400288 0.7139188 0.02087975 1

-0.5815339 -0.196246 0.7894979 0
0.2314737 -0.9702705 -0.07067998 0
0.7798968 0.1416453 0.6096707 0
-0.5119208 0.855618 0.1090963 1

-0.5623925 -0.2248202 0.7957207 0
0.1762278 -0.9728072 -0.1503006 0
0.8078731 0.05570024 0.586719 0
-0.525424 0.8509458 0.1178462 1

-0.5425729 -0.2443939 0.8036709 0
0.03758696 -0.9628463 -0.2674226 0
0.8391676 -0.1148885 0.5316001 0
-0.5412982 0.8509686 0.1279259 1

-0.5245456 -0.2404393 0.8167261 0
-0.2250974 -0.8859922 -0.4054003 0
0.8210868 -0.3964939 0.4106211 0
-0.5483072 0.8514401 0.1458862 1

-0.291865 -0.5231832 0.8006842 0
-0.3296987 -0.730793 -0.5976962 0
0.8978387 -0.4384308 0.04080024 0
-0.4969583 0.8474376 0.1825561 1

0.1633346 0.9677653 -0.1917089 0
-0.8594514 0.04416332 -0.5093068 0
-0.4844229 0.2479519 0.8389606 0
0.4644946 0.7127194 -0.06043315 1

0.2418912 0.9567469 -0.1616307 0
-0.9449252 0.1944246 -0.2632803 0
-0.2204675 0.2164142 0.9510836 0
0.4543899 0.7304336 -0.05840319 1

0.1430041 0.9586469 -0.2460618 0
-0.693963 -0.08014072 -0.7155371 0
-0.7056668 0.2730825 0.653805 0
0.4703783 0.6943362 -0.05424225 1

0.176439 0.9293579 -0.3242895 0
-0.4428886 -0.2192682 -0.8693514 0
-0.8790447 0.2970117 0.3729145 0
0.4648823 0.67906 -0.04028529 1

0.4236848 0.4851203 -0.7649508 0
-0.6255276 -0.4540924 -0.634441 0
-0.6551385 0.7473009 0.1110641 0
0.4217514 0.7005028 0.007991359 1

-0.5831823 -0.1929765 0.7890874 0
0.6668409 -0.6684669 0.3293571 0
0.4639207 0.7182705 0.5185224 0
-0.5073965 0.8366898 0.1077064 1

-0.5649705 -0.2181959 0.7957382 0
0.472234 -0.8763407 0.09498683 0
0.6766118 0.4294393 0.5981463 0
-0.5206951 0.8248664 0.1138107 1

-0.5426267 -0.2445266 0.8035942 0
0.2942846 -0.9513963 -0.09078564 0
0.786736 0.1872226 0.5882134 0
-0.5400689 0.8202597 0.1193487 1

-0.5244109 -0.2375305 0.8176635 0
0.1125069 -0.9712114 -0.2099792 0
0.8440002 -0.01812251 0.5360373 0
-0.5544918 0.827089 0.1347396 1

-0.4194048 -0.6758971 0.606023 0
-0.2551891 -0.5528745 -0.793227 0
0.871194 -0.4873332 0.05939676 0
-0.5070511 0.8250046 0.1635933 1

0.2372932 0.957885 -0.1617058 0
-0.8584477 0.2846839 0.4266419 0
0.4547088 0.03757674 0.8898476 0
0.4358277 0.7343174 -0.06358984 1

0.1595029 0.9680811 -0.1933334 0
-0.9501925 0.09743361 -0.2960429 0
-0.2677563 0.2309235 0.9354044 0
0.4409829 0.7139282 -0.07436633 1

0.1363368 0.9584885 -0.2504243 0
-0.8933429 0.009689389 -0.4492714 0
-0.4281951 0.2849669 0.8575799 0
0.448247 0.6917809 -0.07706159 1

0.1766152 0.9293053 -0.3243444 0
-0.7136686 -0.1060312 -0.6924127 0
-0.6778532 0.3537649 0.644489 0
0.4524843 0.6729685 -0.06465876 1

0.3799697 0.5152653 -0.7681958 0
-0.6199775 -0.4744687 -0.6249061 0
-0.6864774 0.7137095 0.1391691 0
0.4028351 0.6868633 -0.01181653 1

0.9900749 0.0121258 -0.1400168 0
0.07279482 0.8079678 0.5847126 0
0.1202192 -0.5891018 0.799066 0
-0.04290413 0.6620752 0.1225906 1

0.9717321 -0.0385228 -0.2329221 0
0.1996655 0.6605562 0.7237397 0
0.1259776 -0.7497876 0.6495754 0
-0.03883273 0.7078789 0.1553467 1

-0.92466 0.3598189 -0.1246366 0
-0.2683769 -0.3835891 0.8836478 0
0.2701439 0.8505234 0.4512564 0
-0.1154047 0.5926695 0.07673348 1

-0.861731 -0.4069293 0.3030314 0
0.4479362 -0.3297017 0.8310534 0
-0.23827 0.8518832 0.4663927 0
0.01568478 0.5942751 0.05819477 1

0.9654354 -0.05135829 -0.2555324 0
0.2428116 0.5336072 0.8101271 0
0.09474717 -0.8441716 0.5276335 0
-0.02568118 0.7513883 0.2030179 1

-0.9720208 0.2113375 -0.1025303 0
-0.08995381 -0.7381231 -0.6686426 0
-0.2169893 -0.6407115 0.7364814 0
-0.2157208 0.4559579 0.3964179 1

-0.9074445 -0.3613324 0.2144367 0
0.1757925 -0.7900336 -0.5873191 0
0.3816296 -0.495263 0.7804313 0
0.17979 0.4807171 0.3600886 1

0.9578086 -0.05647936 -0.2818029 0
0.281747 0.3781457 0.8818302 0
0.05675733 -0.9240216 0.378104 0
-0.00740291 0.791557 0.2640023 1

-0.998287 0.0219247 -0.05424637 0
-0.0558656 -0.6327341 0.7723517 0
-0.01738995 0.7740592 0.6328747 0
-0.2573362 0.1144795 0.08708324 1

-0.9814754 -0.0249543 0.1899552 0
0.1648527 -0.6151814 0.7709576 0
0.09761817 0.7879905 0.6078994 0
0.2610999 0.1153001 0.08843386 1

0.9896513 -0.004923828 -0.1434087 0
0.1414771 -0.1334637 0.9809036 0
-0.0239697 -0.9910415 -0.1313859 0
0.01645744 0.8235811 0.338682 1

0.03566364 -0.9271439 0.3730049 0
-0.6822777 -0.2953121 -0.6687961 0
0.7302229 -0.2306411 -0.6431014 0
-0.01942902 0.8214149 0.3383152 1

-0.9958611 -0.02063712 -0.08851586 0
-0.08944388 0.04949549 0.9947614 0
-0.01614781 0.9985614 -0.05113658 0
-0.2664807 0.01090974 0.2135065 1

-0.09660286 0.9359637 -0.3385852 0
0.557852 -0.2308102 -0.7972001 0
-0.8242991 -0.2658921 -0.4998321 0
0.04599509 0.8173535 0.3191524 1

-0.9755147 0.01459448 0.2194493 0
0.2193374 0.1379988 0.9658404 0
-0.01618784 0.9903249 -0.1378209 0
0.2888997 0.01155943 0.2184436 1

0.9913954 -0.03434757 -0.1263147 0
0.1237158 0.561166 0.8184052 0
0.04277324 -0.8269904 0.5605867 0
0.0252223 0.8270605 0.3990481 1

-0.4188824 -0.8908682 0.1757603 0
-0.9072844 0.4027199 -0.121045 0
0.03705277 -0.2101684 -0.9769631 0
-0.06848263 0.8001829 0.2902308 1

-0.4067283 0.8719348 -0.2725837 0
0.6592171 0.07355499 -0.7483465 0
-0.6324594 -0.4840656 -0.6047112 0
0.08610289 0.800759 0.2618362 1

0.3885951 -0.4392287 0.809983 0
-0.8147444 -0.5743551 0.0794244 0
0.4303324 -0.6907927 -0.5810506 0
-0.2880779 0.8976555 0.2609336 1

0.2691858 0.09863055 -0.9580246 0
0.7680825 -0.6221058 0.1517685 0
-0.5810236 -0.7766957 -0.2432184 0
0.2456514 0.8185612 0.08071597 1

-0.2958474 -0.1397761 0.9449535 0
-0.6336501 -0.7115436 -0.3036344 0
0.7148163 -0.6885992 0.1219394 0
-0.4640228 0.7736229 0.2780854 1

-0.02939932 0.1478236 -0.9885769 0
0.3690885 -0.9175066 -0.1481728 0
-0.9289292 -0.3692284 -0.02758577 0
0.4115239 0.6842133 0.1134914 1

-0.2860362 -0.1986836 0.9373947 0
0.1878088 -0.9709181 -0.1484811 0
0.9396338 0.1335801 0.3150322 0
-0.5030744 0.7245349 0.2321609 1

-0.2229514 -0.2206858 0.9495213 0
-0.1188757 -0.960614 -0.2511764 0
0.9675545 -0.168875 0.187936 0
-0.5139923 0.72066 0.2633366 1

-0.2515702 -0.2149943 0.9436578 0
0.08304891 -0.9762144 -0.2002715 0
0.9642696 0.02798751 0.2634417 0
-0.5084693 0.7205674 0.2469274 1

0.1614079 -0.08184375 0.9834884 0
0.08552688 -0.991646 -0.09655906 0
0.983175 0.09970014 -0.1530595 0
-0.4757542 0.7480738 0.2933356 1

-0.2117523 -0.2149031 0.9534032 0
-0.1911443 -0.9475788 -0.2560437 0
0.9584493 -0.2364553 0.1595746 0
-0.516242 0.7191882 0.2807868 1

0.08347844 0.4351678 -0.8964711 0
-0.05551517 -0.8961831 -0.4401975 0
-0.994962 0.08651471 -0.05065358 0
0.4395987 0.6167475 0.1110258 1

0.1075038 0.4826678 -0.8691806 0
-0.2917858 -0.8204307 -0.4916857 0
-0.9504233 0.3064725 0.0526363 0
0.4390642 0.6169938 0.09265374 1

0.193601 0.4936255 -0.8478519 0
-0.7271236 -0.5079828 -0.4617848 0
-0.6586426 0.7058948 0.2605809 0
0.4374345 0.6191722 0.07853828 1

0.1104775 0.3545214 -0.9284986 0
-0.1363041 -0.9199854 -0.3674891 0
-0.9844878 0.1671574 -0.05331489 0
0.438136 0.6150843 0.1283295 1

0.3940286 -0.3152008 -0.8633599 0
-0.633889 -0.773393 -0.006945238 0
-0.6655271 0.5500109 -0.5045413 0
0.4091312 0.6570848 0.1314101 1

-0.2885931 -0.1941465 0.9375615 0
0.6734678 -0.7371942 0.05464639 0
0.6805554 0.6471879 0.3435006 0
-0.4984148 0.7004554 0.2284735 1

-0.2551115 -0.2051893 0.9448894 0
0.614291 -0.7890608 -0.005497128 0
0.746703 0.5790345 0.3273443 0
-0.5061172 0.6927826 0.2412697 1

-0.2247583 -0.2130686 0.9508341 0
0.4808085 -0.8729858 -0.08197012 0
0.8475302 0.4387457 0.2986559 0
-0.518014 0.6881912 0.2548659 1

-0.2117565 -0.2114557 0.9541729 0
0.1937384 -0.9660203 -0.1710859 0
0.9579275 0.1486314 0.2455283 0
-0.5219778 0.6907587 0.2731107 1

0.1279444 -0.3316398 0.9346902 0
0.02886933 -0.940791 -0.3377562 0
0.9913614 0.0701979 -0.1107946 0
-0.472885 0.7227206 0.2952514 1

0.1000471 0.4747666 -0.8744067 0
-0.875329 -0.3758353 -0.3042157 0
-0.4730647 0.7958292 0.3779758 0
0.4308473 0.5938873 0.07882334 1

0.1829429 0.4906878 -0.8519141 0
-0.9632835 -0.08374216 -0.2550926 0
-0.1965121 0.8673021 0.4573515 0
0.4196262 0.6067335 0.06722178 1

0.07938179 0.4250102 -0.9017013 0
-0.705021 -0.6155483 -0.3522011 0
-0.7047297 0.6636764 0.2507779 0
0.4377527 0.5870337 0.09653369 1

0.1084474 0.3494219 -0.9306687 0
-0.4421116 -0.8215573 -0.3599734 0
-0.8903802 0.4504974 0.0653879 0
0.4341169 0.5879544 0.1174817 1

0.3568974 -0.2966534 -0.8857887 0
-0.6292299 -0.7771901 0.006757416 0
-0.6904305 0.5549529 -0.4640401 0
0.3911081 0.6385821 0.1350136 1

-0.2915149 -0.1923021 0.9370373 0
0.9474666 -0.1928447 0.2551833 0
0.1316305 0.9622012 0.238417 0
-0.4852709 0.6860747 0.2295266 1

-0.260314 -0.2008684 0.9443986 0
0.8439096 -0.5225528 0.1214712 0
0.4690988 0.8286077 0.3055426 0
-0.4896461 0.6716294 0.2411153 1

-0.2246191 -0.2133943 0.9507941 0
0.7033716 -0.7107914 0.006638706 0
0.6743998 0.6702527 0.3097529 0
-0.50266 0.6603479 0.252198 1

-0.2128907 -0.2087784 0.9545102 0
0.5388858 -0.8399794 -0.06353606 0
0.8150337 0.5008456 0.2913316 0
-0.5166517 0.6642079 0.2684037 1

0.07573035 -0.5782726 0.8123214 0
-0.02611824 -0.8155317 -0.578123 0
0.9967864 0.02256511 -0.07686379 0
-0.4720526 0.69367 0.284294 1

0.1782897 0.4913291 -0.8525307 0
-0.8563134 0.5042683 0.1115385 0
0.4847062 0.7101473 0.5106376 0
0.4006992 0.6051185 0.06215203 1

0.0962674 0.4736808 -0.8754195 0
-0.9607492 -0.1856772 -0.2061188 0
-0.26018 0.8609011 0.437214 0
0.4069012 0.5836059 0.0705004 1

0.07268165 0.4214273 -0.903945 0
-0.9013714 -0.3601918 -0.2403995 0
-0.4269046 0.8322625 0.3536833 0
0.415269 0.5674033 0.0853011 1

0.1086709 0.3494115 -0.9306464 0
-0.7127209 -0.6252391 -0.3179702 0
-0.6929786 0.6978452 0.1810876 0
0.4217369 0.5649571 0.1073452 1

0.3064416 -0.2864053 -0.9077808 0
-0.6248153 -0.7799806 0.03516376 0
-0.7181222 0.5564198 -0.4179689 0
0.3720438 0.6146509 0.1347591 1

0.9921062 -0.01608317 -0.1243653 0
0.07141411 0.8876746 0.4548999 0
0.1030797 -0.4601905 0.881816 0
-0.03741331 0.6864949 0.1189805 1

0.9782516 -0.04894923 -0.2015633 0
0.1683522 0.7550292 0.63371 0
0.1211665 -0.6538615 0.7468493 0
-0.03341439 0.7367574 0.1443813 1

-0.9106216 0.371963 -0.1800328 0
-0.3372187 -0.4170572 0.8440064 0
0.2388553 0.829281 0.5052142 0
-0.1098499 0.6113527 0.0831625 1

-0.8554213 -0.3939114 0.3362863 0
0.4807798 -0.3624375 0.7984297 0
-0.1926278 0.8446733 0.4994213 0
0.02150846 0.6092231 0.06669609 1

0.9726335 -0.07441503 -0.2201056 0
0.2151602 0.6460204 0.7323686 0
0.0876935 -0.7596842 0.6443523 0
-0.02232539 0.7864896 0.1861224 1

-0.9704185 0.192766 -0.1453589 0
-0.05136732 -0.7531454 -0.6558455 0
-0.2359011 -0.6289779 0.7407681 0
-0.235052 0.4625569 0.388344 1

-0.9126596 -0.3303814 0.2406257 0
0.1348663 -0.7991851 -0.5857598 0
0.3858286 -0.5021471 0.7739412 0
0.1977007 0.4837359 0.3568256 1

0.9652215 -0.09318286 -0.2442633 0
0.257326 0.5036042 0.824722 0
0.04616205 -0.8588946 0.5100679 0
-0.006128646 0.8351204 0.2412533 1

-0.9982228 0.02522191 -0.05399153 0
-0.05773004 -0.6340089 0.7711681 0
-0.01478078 0.7729144 0.6343382 0
-0.2588161 0.1141287 0.08492976 1

-0.9814503 -0.02521355 0.1900523 0
0.164692 -0.6183509 0.7684524 0
0.09814348 0.7854978 0.611033 0
0.2600809 0.114086 0.08589211 1

0.9972668 -0.002370959 -0.07384829 0
0.0730816 0.1787662 0.9811736 0
0.01087524 -0.9838888 0.1784509 0
0.01566356 0.8777692 0.3110967 1

0.02130926 -0.8633957 0.5040777 0
-0.7161883 -0.3649782 -0.5948666 0
0.6975821 -0.3483379 -0.6261312 0
-0.02019937 0.8754332 0.3100677 1

-0.9959403 -0.0172827 -0.0883418 0
-0.08907831 0.04790328 0.9948721 0
-0.01296225 0.9987023 -0.04924842 0
-0.2682657 0.01035038 0.2111592 1

-0.003557585 0.842354 -0.5389131 0
0.7185281 -0.3726596 -0.5872329 0
-0.695489 -0.3893131 -0.6039293 0
0.04572868 0.8688794 0.2934978 1

-0.9754633 0.01421352 0.2197034 0
0.2196015 0.1340152 0.9663412 0
-0.01570865 0.9908776 -0.1338483 0
0.2878535 0.009810895 0.2154794 1

0.9939793 -0.05352198 -0.09560521 0
0.1084118 0.6068039 0.7874236 0
0.01586915 -0.7930477 0.608953 0
0.01992162 0.8998961 0.3678882 1

-0.1583458 -0.8162134 0.5556282 0
-0.9845245 0.1733111 -0.02598161 0
-0.07509024 -0.5511436 -0.8310254 0
-0.07169102 0.8491925 0.2672987 1

-0.1743603 0.7646563 -0.6204027 0
0.7479733 -0.3069238 -0.5885016 0
-0.6404177 -0.5666558 -0.5184271 0
0.09738859 0.8420863 0.2512777 1

0.7582625 0.1225703 0.6403244 0
-0.3421956 -0.761173 0.5509255 0
0.554924 -0.6368617 -0.5352259 0
-0.3099812 0.89114 0.2610102 1

0.4697796 -0.6736336 -0.5705479 0
0.2240284 -0.5341748 0.8151498 0
-0.8538845 -0.5107595 -0.1000315 0
0.2784185 0.7678024 0.1088442 1

0.1468503 0.1518678 0.9774314 0
-0.1725091 -0.9690685 0.1764863 0
0.974 -0.1945323 -0.1161094 0
-0.3838786 0.726764 0.3799831 1

-0.09856571 -0.6689631 -0.7367315 0
0.7551706 -0.5324244 0.3824165 0
-0.6480762 -0.5186646 0.55766 0
0.3267989 0.6524439 0.2848812 1

0.1840806 0.1081439 0.9769441 0
0.6676048 -0.7432429 -0.04351927 0
0.7214004 0.6602238 -0.2090138 0
-0.3999672 0.6515737 0.3685243 1

0.2510405 0.1245032 0.9599367 0
0.3998004 -0.9164907 0.01431331 0
0.8815548 0.38019 -0.2798526 0
-0.3964231 0.6566771 0.4011973 1

0.2209907 0.1159927 0.968354 0
0.5768009 -0.8161824 -0.03386825 0
0.7864251 0.5660324 -0.2472733 0
-0.3972468 0.6521842 0.3844968 1

0.4735458 0.4117646 0.7785919 0
0.5989084 -0.7987043 0.05814025 0
0.6458047 0.4387733 -0.6248322 0
-0.3735688 0.7075356 0.4033698 1

0.261717 0.1262585 0.9568511 0
0.3330848 -0.9423112 0.03323476 0
0.9058474 0.3100148 -0.2886735 0
-0.3918927 0.6617538 0.4174897 1

-0.1329117 -0.3959415 -0.9086062 0
0.3656207 -0.8716704 0.326363 0
-0.9212256 -0.2888276 0.2606195 0
0.383183 0.6199394 0.318201 1

-0.1357485 -0.3399358 -0.9306001 0
0.1301883 -0.9372705 0.3233816 0
-0.9821526 -0.07725434 0.1714886 0
0.3825326 0.6060575 0.3061698 1

-0.06245344 -0.2911618 -0.9546334 0
-0.407572 -0.8656694 0.2906921 0
-0.9110352 0.4072367 -0.06460556 0
0.3800243 0.596176 0.2960352 1

-0.07623667 -0.4578682 -0.8857455 0
0.3220175 -0.8520346 0.412726 0
-0.9436593 -0.2537605 0.2123976 0
0.3827283 0.6315829 0.3311836 1

0.4946752 -0.7198935 -0.4868787 0
-0.2030782 -0.6404638 0.7406524 0
-0.8450186 -0.2675077 -0.4630161 0
0.3374464 0.6494694 0.3155495 1

0.1799626 0.1105549 0.9774416 0
0.9419436 -0.3057178 -0.1388482 0
0.2834713 0.945682 -0.1591543 0
-0.3834103 0.6331394 0.3674397 1

0.2137528 0.1223258 0.9691992 0
0.9027552 -0.4038451 -0.1481282 0
0.3732868 0.9066124 -0.1967532 0
-0.3808261 0.6289669 0.3835747 1

0.2460569 0.1300694 0.9604888 0
0.8229003 -0.5516434 -0.1361059 0
0.5121443 0.8238763 -0.2427697 0
-0.3829069 0.6257062 0.4016992 1

0.2602438 0.1289436 0.9568946 0
0.6149155 -0.7862074 -0.06129363 0
0.7444143 0.6043608 -0.283895 0
-0.3818984 0.6334842 0.4184922 1

0.5749468 0.1766926 0.7988845 0
0.4521943 -0.8823526 -0.1302851 0
0.6818773 0.4361582 -0.5872052 0
-0.3563812 0.6892277 0.4082782 1

-0.1385883 -0.3507728 -0.9261492 0
-0.5938013 -0.7189962 0.3611711 0
-0.7925868 0.6000026 -0.1086449 0
0.3862001 0.5796735 0.3152887 1

-0.07052241 -0.2991829 -0.9515864 0
-0.8137041 -0.5345417 0.2283662 0
-0.576986 0.7904146 -0.2057493 0
0.3700411 0.574971 0.3031485 1

-0.1317648 -0.4068674 -0.9039343 0
-0.3239683 -0.8441359 0.4271762 0
-0.9368473 0.349133 -0.02058489 0
0.3953014 0.5911143 0.3290915 1

-0.07555714 -0.4630144 -0.8831246 0
0.01321479 -0.8860434 0.4634143 0
-0.997054 0.02334414 0.07306542 0
0.3922249 0.6064489 0.3433474 1

0.4513909 -0.7429999 -0.4941642 0
-0.2015903 -0.6243866 0.7546543 0
-0.8692574 -0.2410249 -0.4316241 0
0.3300583 0.6361569 0.3367242 1

0.1767025 0.1106931 0.9780205 0
0.9284517 0.3111051 -0.2029577 0
-0.3267326 0.9439074 -0.04780019 0
-0.3650346 0.6271728 0.3647172 1

0.2075232 0.1236065 0.9703897 0
0.9775531 -0.06310572 -0.2010168 0
0.03639069 0.9903229 -0.1339277 0
-0.3566247 0.6181388 0.3795961 1

0.2465057 0.1297572 0.960416 0
0.9292349 -0.3130936 -0.1962019 0
0.2752419 0.9408166 -0.1977543 0
-0.3566633 0.6080972 0.3973034 1

0.2581513 0.1307567 0.9572154 0
0.8420026 -0.5162569 -0.1565584 0
0.4736983 0.8463937 -0.2433698 0
-0.3649982 0.6118741 0.416803 1

0.6374621 -0.09438449 0.7646791 0
0.2647425 -0.9052087 -0.3324288 0
0.7235701 0.4143539 -0.5520487 0
-0.3426262 0.6617373 0.403832 1

-0.07493901 -0.3006914 -0.9507729 0
-0.9922622 0.1171402 0.04116239 0
0.09899624 0.9465007 -0.3071432 0
0.3540388 0.5644423 0.3075774 1

-0.1413299 -0.3532869 -0.924778 0
-0.7547754 -0.5660118 0.331579 0
-0.640578 0.7448619 -0.1866581 0
0.3699555 0.560004 0.3251686 1

-0.135884 -0.4127197 -0.9006654 0
-0.6155123 -0.6771938 0.4031793 0
-0.7763251 0.6091563 -0.1620143 0
0.3849697 0.5641937 0.3427142 1

-0.07534739 -0.4628633 -0.8832218 0
-0.313264 -0.8299081 0.461648 0
-0.9466724 0.3114656 -0.08246718 0
0.392591 0.5816 0.3562814 1

0.400384 -0.7730423 -0.492035 0
-0.1994791 -0.5976041 0.7765809 0
-0.8943719 -0.2127798 -0.3934772 0
0.324126 0.6166681 0.3595541 1

0.9917006 -0.03245229 -0.1244054 0
0.06759047 0.9547116 0.2897538 0
0.1093681 -0.2957576 0.9489816 0
-0.03293166 0.7142739 0.111621 1

0.9837382 -0.05059778 -0.1723339 0
0.1347623 0.8422434 0.521982 0
0.1187359 -0.5367177 0.8353657 0
-0.02915061 0.7682686 0.1276766 1

-0.9030417 0.3706343 -0.2171321 0
-0.3811061 -0.4580894 0.8030645 0
0.1981774 0.8079509 0.5549244 0
-0.1050325 0.6335694 0.09006599 1

-0.8384072 -0.3784945 0.3921932 0
0.5288419 -0.390762 0.7534133 0
-0.1319086 0.8390751 0.5277812 0
0.02627227 0.6292726 0.07359429 1

0.9790422 -0.08183596 -0.1864923 0
0.1837559 0.7497789 0.6356612 0
0.08780809 -0.6566082 0.7491032 0
-0.02027411 0.8237454 0.1620585 1

-0.9684572 0.178611 -0.1737506 0
-0.02737939 -0.76934 -0.6382527 0
-0.2476723 -0.6133634 0.7499629 0
-0.246123 0.4699023 0.3803384 1

-0.9137743 -0.2911057 0.2833272 0
0.08641811 -0.8208073 -0.5646301 0
0.3969241 -0.4914599 0.7751895 0
0.2200932 0.4934512 0.3473678 1

0.9723108 -0.107327 -0.2075881 0
0.2286661 0.6201814 0.7503912 0
0.04820503 -0.7770818 0.627551 0
-0.006441403 0.880187 0.2099095 1

-0.998238 0.02503475 -0.05380388 0
-0.05744481 -0.6351396 0.7702588 0
-0.01488966 0.7719921 0.6354581 0
-0.2587895 0.1139819 0.08506313 1

-0.9814653 -0.02392346 0.1901415 0
0.164194 -0.6166217 0.769947 0
0.09882554 0.7868962 0.6091207 0
0.2600645 0.1138003 0.08620737 1

0.9992675 0.01645708 -0.0345539 0
0.02538111 0.3907999 0.9201257 0
0.02864622 -0.9203286 0.3900958 0
0.01292368 0.9327083 0.273458 1

0.03447317 -0.7786782 0.6264759 0
-0.8387974 -0.3633448 -0.4054627 0
0.5433516 -0.5115085 -0.6656789 0
-0.02285916 0.9295292 0.2719927 1

-0.9959493 -0.01741962 -0.08821591 0
-0.08894002 0.04644058 0.9949539 0
-0.01323478 0.9987696 -0.0478019 0
-0.2681924 0.01001839 0.2111437 1

0.07288194 0.7283323 -0.6813374 0
0.8548051 -0.3975621 -0.333546 0
-0.5138062 -0.5581011 -0.6515572 0
0.04355353 0.9220273 0.2579535 1

-0.9754441 0.01557044 0.2196967 0
0.2197448 0.1361761 0.9660065 0
-0.01487638 0.9905624 -0.1362539 0
0.2877532 0.009816863 0.2160468 1

0.9965276 -0.06095735 -0.05671829 0
0.08268331 0.6442239 0.7603549 0
-0.00980996 -0.762404 0.6470268 0
0.01411427 0.9668183 0.3241344 1

0.1263114 -0.6141145 0.7790437 0
-0.9917998 -0.093592 0.08702928 0
0.01946614 -0.7836481 -0.6209004 0
-0.08316603 0.9034058 0.2428413 1

0.2638857 0.3683403 -0.8914539 0
0.8658684 -0.4976998 0.0506672 0
-0.4250135 -0.785252 -0.4502701 0
0.1050113 0.8934439 0.2339727 1

0.8650734 0.4974107 0.06504869 0
0.2424574 -0.5280994 0.813834 0
0.4391617 -0.6882542 -0.5774455 0
-0.3232171 0.8807532 0.2639055 1

0.6809309 -0.6311788 0.3714119 0
-0.465014 0.01915914 0.8850961 0
-0.5657697 -0.7754009 -0.280461 0
0.3145751 0.7729869 0.2462355 1

0.6917799 0.5851014 0.4231993 0
0.3254668 -0.7757955 0.5405675 0
0.6446027 -0.2362162 -0.7271105 0
-0.270858 0.7667096 0.4396538 1

0.5598513 -0.828383 0.01866224 0
0.5443856 0.3847087 0.7454153 0
-0.6246688 -0.4071622 0.6663392 0
0.2141522 0.7771245 0.4373778 1

0.732208 0.5445695 0.4090427 0
0.6714424 -0.677847 -0.2994815 0
0.11418 0.4939313 -0.861972 0
-0.2639948 0.6949127 0.4686679 1

0.7581953 0.5543009 0.3433527 0
0.5912356 -0.8064908 -0.003592469 0
0.2749197 0.205726 -0.9391999 0
-0.2417983 0.7145091 0.4838147 1

0.7454452 0.5516157 0.3742087 0
0.6451556 -0.7382221 -0.1969839 0
0.1675898 0.3882635 -0.9061821 0
-0.2518462 0.7028118 0.4759417 1

0.6902997 0.7233055 -0.01777909 0
0.7132917 -0.6844496 -0.1508116 0
-0.1212517 0.09142336 -0.988403 0
-0.2420548 0.7603694 0.4520281 1

0.7643515 0.5522338 0.3328741 0
0.5656392 -0.8220873 0.065001 0
0.3095475 0.138603 -0.9407286 0
-0.2297197 0.7264971 0.4885195 1

0.5360275 -0.7875587 -0.3040165 0
0.3922773 -0.08651733 0.9157693 0
-0.7475246 -0.6101362 0.2625656 0
0.2496967 0.8124396 0.4906259 1

0.5254496 -0.7710114 -0.3597843 0
0.2447589 -0.2680124 0.9318061 0
-0.8148594 -0.5776777 0.0478846 0
0.2605756 0.7978641 0.4932874 1

0.5791122 -0.708959 -0.4025003 0
-0.175833 -0.5907137 0.7874897 0
-0.7960603 -0.3852723 -0.4667479 0
0.2676316 0.785355 0.4939079 1

0.5833632 -0.7771177 -0.2361689 0
0.3205398 -0.04689386 0.9460737 0
-0.7462853 -0.6276063 0.2217408 0
0.2382132 0.8255619 0.4901233 1

0.88852 -0.3442244 0.3033841 0
-0.3535517 -0.09217507 0.9308625 0
-0.2924611 -0.9343519 -0.2036007 0
0.2063165 0.7984946 0.4607162 1

0.7291914 0.5468221 0.4114195 0
0.6499118 -0.3651773 -0.6665288 0
-0.2142314 0.7534132 -0.6216702 0
-0.2473457 0.678098 0.461238 1

0.7394844 0.5572705 0.3776413 0
0.6543024 -0.4631024 -0.5978504 0
-0.1582776 0.6891924 -0.7070802 0
-0.2334581 0.6818312 0.4703532 1

0.7535809 0.5593107 0.3453807 0
0.65357 -0.5811862 -0.4848395 0
-0.07044522 0.5910959 -0.8035194 0
-0.2218028 0.6872637 0.4836999 1

0.7627444 0.5543402 0.333059 0
0.6319531 -0.7482589 -0.2018523 0
0.1373197 0.3644393 -0.9210471 0
-0.2127457 0.7018368 0.4904715 1

0.851611 0.5241502 -0.005063638 0
0.5192945 -0.8449579 -0.1279824 0
-0.07136048 0.1063616 -0.9917638 0
-0.2210259 0.7463186 0.4481488 1

0.5245831 -0.776499 -0.3490874 0
-0.4021144 -0.5874009 0.7023278 0
-0.7504115 -0.2280563 -0.6203821 0
0.267459 0.7903298 0.5195279 1

0.5740223 -0.7169752 -0.3955316 0
-0.5631334 -0.6963321 0.444975 0
-0.5944574 -0.03268857 -0.8034627 0
0.2633289 0.7708816 0.5131932 1

0.5380577 -0.7904017 -0.292847 0
-0.1813884 -0.4478588 0.8755118 0
-0.82316 -0.4179567 -0.3843436 0
0.2626357 0.8096479 0.5209761 1

0.5842679 -0.7781141 -0.2305856 0
0.0738221 -0.2319918 0.9699125 0
-0.8081967 -0.5837111 -0.07810361 0
0.2476728 0.8241711 0.5180238 1

0.8647522 -0.3891344 0.3174559 0
-0.3722232 -0.07229304 0.9253237 0
-0.3371255 -0.9183398 -0.2073606 0
0.1933345 0.7976326 0.4833193 1

0.7273713 0.5473222 0.4139684 0
0.4104499 0.1364653 -0.9016146 0
-0.5499657 0.8257214 -0.1253873 0
-0.2346753 0.6709654 0.4482276 1

0.7357004 0.5591894 0.3821687 0
0.5699712 -0.2063247 -0.7953386 0
-0.3658938 0.8029556 -0.4705151 0
-0.2159216 0.6694113 0.454322 1

0.7540507 0.558898 0.345023 0
0.6151949 -0.4169559 -0.6690917 0
-0.2300944 0.7167851 -0.658237 0
-0.2009903 0.6686885 0.4682105 1

0.7610379 0.5560933 0.3340395 0
0.6428595 -0.5775158 -0.5031971 0
-0.08691119 0.5976924 -0.7970012 0
-0.1953795 0.6812676 0.484922 1

0.9626808 0.270187 0.01566247 0
0.2703375 -0.9572544 -0.1028694 0
-0.01280102 0.1032644 -0.9945717 0
-0.2053256 0.7198154 0.4441769 1

0.5707267 -0.7201995 -0.3944417 0
-0.8174889 -0.543593 -0.1903136 0
-0.07735204 0.4310685 -0.898998 0
0.2522942 0.7571455 0.5219164 1

0.5226584 -0.7788692 -0.3466858 0
-0.5576788 -0.6199255 0.5519847 0
-0.6448432 -0.09516009 -0.7583681 0
0.2564587 0.7742597 0.5387412 1

0.5352497 -0.7945051 -0.2868274 0
-0.445131 -0.5538918 0.7036066 0
-0.7178903 -0.2489295 -0.6501292 0
0.2568512 0.7953648 0.548897 1

0.584429 -0.7779257 -0.2308126 0
-0.1896859 -0.4075401 0.8932695 0
-0.7889628 -0.4782707 -0.38574 0
0.2497733 0.8176287 0.5451839 1

0.8323932 -0.4374886 0.3401839 0
-0.396833 -0.04205186 0.9169272 0
-0.3868398 -0.8982402 -0.2086137 0
0.1823973 0.7952183 0.5117931 1

0.9888152 -0.02802364 -0.1464895 0
0.05904399 0.975498 0.2119373 0
0.1369609 -0.2182162 0.9662419 0
-0.02407658 0.7527807 0.1123746 1

0.9881715 -0.0496096 -0.145107 0
0.1073607 0.8994594 0.4236113 0
0.1095027 -0.4341793 0.8941462 0
-0.02078686 0.8079242 0.1240315 1

-0.9075371 0.3690646 -0.2004201 0
-0.383444 -0.5334962 0.7538918 0
0.1713114 0.7610345 0.6256829 0
-0.0953562 0.6696035 0.0990654 1

-0.8256126 -0.3630878 0.4318931 0
0.5614469 -0.4526146 0.692761 0
-0.05605202 0.814437 0.5775384 0
0.03556646 0.6658931 0.07966967 1

0.9838566 -0.08018135 -0.1599916 0
0.1549333 0.8290668 0.537256 0
0.08956584 -0.5533708 0.8281056 0
-0.01371524 0.8671697 0.1519338 1

-0.9675898 0.1883313 -0.1682313 0
-0.04583519 -0.7860996 -0.6163982 0
-0.2483337 -0.5887097 0.769254 0
-0.2373332 0.4786031 0.3716693 1

-0.914223 -0.2444091 0.3232045 0
0.04056031 -0.8488079 -0.5271437 0
0.4031773 -0.4688177 0.7859126 0
0.2415139 0.5075115 0.3315959 1

0.9775366 -0.1062632 -0.182018 0
0.2015987 0.7233429 0.6604035 0
0.06148485 -0.6822631 0.7285168 0
-0.002052234 0.9295798 0.1923772 1

-0.998225 0.02461279 -0.0542353 0
-0.05752892 -0.634173 0.7710484 0
-0.01541695 0.7727998 0.6344629 0
-0.258538 0.1149291 0.08650454 1

-0.9814637 -0.02381522 0.1901645 0
0.1642774 -0.6155773 0.7707647 0
0.09870491 0.7877171 0.6080786 0
0.2602744 0.1149095 0.08777428 1

0.999215 0.02897404 -0.02701931 0
0.01003499 0.474661 0.8801115 0
0.03832542 -0.8796916 0.4739977 0
0.01502059 0.9908377 0.2483049 1

0.05475229 -0.6820691 0.7292351 0
-0.9424489 -0.2765535 -0.1879055 0
0.3298371 -0.6769785 -0.6579572 0
-0.0206384 0.9864448 0.2469616 1

-0.9959075 -0.01788486 -0.08859192 0
-0.08935498 0.047683 0.9948581 0
-0.01356848 0.9987028 -0.04908615 0
-0.2679546 0.01112394 0.2127144 1

0.08186648 0.6297374 -0.7724821 0
0.9260175 -0.3346401 -0.1746651 0
-0.3684966 -0.7010327 -0.6105437 0
0.04613413 0.9790363 0.234691 1

-0.9754485 0.01571882 0.2196673 0
0.2197163 0.1374864 0.9658275 0
-0.01501967 0.9903793 -0.1375645 0
0.2879772 0.01110218 0.2177515 1

0.9982343 -0.05878139 0.008558847 0
0.03682578 0.7254536 0.6872852 0
-0.04660863 -0.6857563 0.7263372 0
0.0151784 1.029507 0.2956084 1

0.3998161 -0.3606055 0.8426808 0
-0.9140104 -0.225851 0.3370113 0
0.06879205 -0.9049612 -0.4198959 0
-0.0883975 0.9665614 0.2334518 1

0.6404929 -0.02260852 -0.7676314 0
0.7334802 -0.2781567 0.6201901 0
-0.2275432 -0.9602697 -0.1615745 0
0.1127118 0.9549768 0.2221331 1

0.6854963 0.5039693 -0.5254617 0
0.6599067 -0.1251567 0.74085 0
0.3076005 -0.8546057 -0.4183674 0
-0.3096207 0.9118974 0.3150206 1

0.539992 -0.1852259 0.8210363 0
-0.7466238 0.344895 0.5688595 0
-0.3885385 -0.9201843 0.04794644 0
0.2902341 0.8876553 0.3722361 1

0.6776105 0.6332767 -0.3739047 0
0.7121407 -0.4381129 0.548555 0
0.1835746 -0.6379794 -0.7478521 0
-0.1671131 0.8848697 0.4750078 1

0.7354032 -0.3845051 0.5579773 0
-0.2280724 0.6349361 0.7381326 0
-0.6380953 -0.6700838 0.3792391 0
0.1289957 0.9621376 0.4950851 1

0.7162027 0.5799698 -0.3881866 0
0.5125533 -0.8146253 -0.2714312 0
-0.4736484 -0.004566823 -0.880702 0
-0.1315623 0.8366132 0.5245172 1

0.6940818 0.561684 -0.4502905 0
0.6481637 -0.7597664 0.05136666 0
-0.3132637 -0.3275149 -0.8914032 0
-0.1091405 0.8584175 0.5132047 1

0.7012429 0.5748279 -0.4217009 0
0.5712415 -0.8069492 -0.1500541 0
-0.4265465 -0.1356687 -0.8942326 0
-0.1192738 0.84561 0.5189543 1

0.406173 0.5414437 -0.7361131 0
0.6476436 -0.7388644 -0.1861105 0
-0.6446559 -0.401146 -0.6507695 0
-0.1356026 0.882202 0.4702202 1

0.6885823 0.5602711 -0.460381 0
0.6726376 -0.7306932 0.116816 0
-0.2709485 -0.3901074 -0.880002 0
-0.09910743 0.8696715 0.5040166 1

0.8895183 -0.3688191 0.2696859 0
-0.2265666 0.1565115 0.9613388 0
-0.3967686 -0.9162298 0.05565781 0
0.1069853 1.012204 0.5436111 1

0.9059538 -0.3640779 0.2160922 0
-0.2561868 -0.06505848 0.9644358 0
-0.3370706 -0.9290937 -0.1522119 0
0.1192737 1.006049 0.5558172 1

0.940861 -0.2830015 0.1862559 0
-0.3216622 -0.5735746 0.7533565 0
-0.1063692 -0.7687149 -0.6306849 0
0.1292224 0.9994822 0.5638511 1

0.8765857 -0.3379828 0.3425865 0
-0.3012791 0.1697033 0.9383136 0
-0.3752716 -0.925726 0.04693237 0
0.09366181 1.016856 0.5333557 1

0.5776052 0.2072602 0.789567 0
-0.7475863 -0.2541595 0.6136109 0
0.3278532 -0.9446937 0.008141194 0
0.1007071 0.9761509 0.5032177 1

0.7146617 0.5832763 -0.3860668 0
0.2533056 -0.7302926 -0.634436 0
-0.6519932 0.355614 -0.6696593 0
-0.1188538 0.816406 0.5177872 1

0.6972424 0.581636 -0.4189899 0
0.3332877 -0.7805172 -0.5288783 0
-0.6346434 0.2291121 -0.7380617 0
-0.1029906 0.8226752 0.5146668 1

0.6904321 0.5672804 -0.4488834 0
0.417949 -0.8192899 -0.3925337 0
-0.5904423 0.08340725 -0.8027585 0
-0.08722222 0.8327513 0.5149322 1

0.6870763 0.5621074 -0.4603926 0
0.5862594 -0.8031946 -0.1057285 0
-0.4292155 -0.197266 -0.8813967 0
-0.07892368 0.8477532 0.5075186 1

0.5862952 0.3603073 -0.7255598 0
0.5346056 -0.8450111 0.01236701 0
-0.60865 -0.3951391 -0.6880482 0
-0.1174846 0.8659757 0.4622747 1

0.9015334 -0.3688583 0.2262344 0
-0.4289704 -0.6932665 0.5791084 0
-0.05676787 -0.6191329 -0.7832321 0
0.1120471 1.004223 0.5829678 1

0.936806 -0.2923475 0.1921668 0
-0.3418698 -0.8816229 0.3253714 0
0.07429723 -0.3705058 -0.9258542 0
0.1213504 0.9854314 0.5823045 1

0.885778 -0.3697869 0.2804568 0
-0.4335352 -0.4435577 0.7844133 0
-0.1656667 -0.8164036 -0.553209 0
0.09940089 1.017421 0.5754169 1

0.8744583 -0.3381093 0.3478587 0
-0.4053493 -0.1153583 0.9068545 0
-0.2664872 -0.9340102 -0.2379285 0
0.08478491 1.021857 0.5610331 1

0.5682513 0.1554978 0.8080292 0
-0.7689732 -0.2491499 0.5887315 0
0.2928672 -0.9559002 -0.02200608 0
0.07895671 0.9687087 0.5155345 1

0.7144099 0.5851822 -0.3836404 0
-0.1595298 -0.3976178 -0.9035764 0
-0.6812991 0.706726 -0.190708 0
-0.1139215 0.8021492 0.505414 1

0.6960256 0.5859493 -0.414984 0
0.1188379 -0.663997 -0.7382315 0
-0.7081143 0.4645121 -0.5317916 0
-0.09406032 0.8017451 0.5004907 1

0.6907709 0.5665914 -0.4492326 0
0.2670162 -0.7772519 -0.5697209 0
-0.6719658 0.2735941 -0.6881918 0
-0.07392446 0.8065782 0.5024319 1

0.6858395 0.5641448 -0.4597443 0
0.4188274 -0.8225987 -0.3845975 0
-0.5951537 0.07121854 -0.8004497 0
-0.06281313 0.8256742 0.5046148 1

0.7394953 0.1456186 -0.6572229 0
0.371237 -0.9026543 0.2177111 0
-0.5615422 -0.4049819 -0.7215679 0
-0.1011758 0.8395531 0.4630222 1

0.9353161 -0.2968276 0.1925563 0
-0.2130198 -0.906962 -0.3633761 0
0.2825013 0.2988531 -0.9115266 0
0.1146891 0.9680796 0.5887138 1

0.8998733 -0.3717803 0.2280534 0
-0.4346334 -0.8079857 0.3978106 0
0.03636581 -0.4570986 -0.8886728 0
0.1003124 0.9852571 0.5988106 1

0.8821967 -0.3744957 0.2854514 0
-0.4706052 -0.6804387 0.5617247 0
-0.01613108 -0.6298862 -0.7765202 0
0.08557539 1.003275 0.6004329 1

0.8746514 -0.3378555 0.3476199 0
-0.4685064 -0.4050684 0.7851253 0
-0.1244487 -0.8495726 -0.512581 0
0.07347713 1.018607 0.5864586 1

0.5501458 0.09656853 0.8294667 0
-0.7963579 -0.2382497 0.555924 0
0.2513052 -0.9663912 -0.05416889 0
0.05572729 0.9611673 0.5339664 1

0.9865404 -0.007029239 -0.1633668 0
0.03765099 0.9819955 0.1851144 0
0.1591243 -0.1887737 0.9690428 0
-0.01428563 0.8174474 0.1151407 1

0.9927214 -0.02394699 -0.1180288 0
0.06532519 0.9304033 0.3606692 0
0.1011774 -0.3657543 0.9251956 0
-0.01221077 0.8729483 0.1252823 1

-0.8947058 0.3861478 -0.2244795 0
-0.4366709 -0.6505388 0.6213835 0
0.09391326 0.6539793 0.7506606 0
-0.08362757 0.7321759 0.1053013 1

-0.8145586 -0.3552347 0.4585875 0
0.5779536 -0.564643 0.5891926 0
0.04963667 0.7449741 0.665244 0
0.04699389 0.7312452 0.08367091 1

0.9906336 -0.06615862 -0.1194494 0
0.1149548 0.8761803 0.4680741 0
0.07369208 -0.4774212 0.8755789 0
-0.007907942 0.9342321 0.1490389 1

-0.9709495 0.1490142 -0.1872205 0
-0.01616897 -0.82149 -0.5699933 0
-0.2387369 -0.5504075 0.800035 0
-0.2448854 0.4987924 0.3299776 1

-0.9092191 -0.1939879 0.36836 0
0.008445077 -0.8932172 -0.4495465 0
0.416232 -0.4056253 0.8137685 0
0.2593974 0.5319535 0.2984579 1

0.986031 -0.1060108 -0.1284706 0
0.1620128 0.7894691 0.5920221 0
0.03866282 -0.604566 0.7956161 0
0.0007455765 1.000189 0.1842744 1

-0.9996055 0.02451721 0.01367611 0
-0.004959032 -0.6336952 0.773567 0
0.02763222 0.7731941 0.633567 0
-0.2523656 0.1187459 0.06628123 1

-0.9813567 -0.02387594 0.190706 0
0.1648057 -0.61505 0.7710726 0
0.09888372 0.7881268 0.6075186 0
0.2633035 0.1188106 0.09052759 1

0.9995258 0.003499796 -0.03059194 0
0.02396752 0.5352931 0.8443263 0
0.01933063 -0.8446591 0.5349553 0
0.01446598 1.067047 0.234411 1

0.02844961 -0.6047511 0.7959062 0
-0.9877315 -0.1393163 -0.07054996 0
0.1535481 -0.7841347 -0.6012951 0
-0.02103361 1.061888 0.2319971 1

-0.9996686 -0.01684246 -0.01945801 0
-0.02136578 0.1217018 0.9923368 0
-0.01434529 0.9924238 -0.1220212 0
-0.2531774 0.01501878 0.1929033 1

0.002246514 0.5912371 -0.8064947 0
0.9454321 -0.2640223 -0.1909198 0
-0.3258114 -0.7620571 -0.5595677 0
0.04631405 1.054513 0.2233983 1

-0.9753042 0.01580662 0.2202994 0
0.220456 0.1303994 0.9666414 0
-0.01344762 0.9913359 -0.1306635 0
0.2910953 0.01509215 0.2205568 1

0.9972141 -0.05251024 0.05298007 0
0.00713506 0.7741392 0.6329753 0
-0.07425165 -0.6308337 0.772357 0
0.01567973 1.108948 0.2788614 1

0.4857455 -0.2286105 0.8436757 0
-0.8492175 -0.3520822 0.3935326 0
0.2070776 -0.9076207 -0.3651623 0
-0.09204838 1.051871 0.2269248 1

0.7759311 -0.08565726 -0.6249751 0
0.6283853 0.01803409 0.7776932 0
-0.05534419 -0.9961615 0.06781897 0
0.1142876 1.035531 0.2096718 1

0.5950124 0.3220833 -0.7363578 0
0.7440343 0.1257233 0.6562067 0
0.3039305 -0.9383262 -0.1648339 0
-0.2975894 0.9666546 0.3221738 1

0.6483848 -0.0994557 0.7547887 0
-0.6848739 0.3567823 0.6353378 0
-0.3324832 -0.9288783 0.1632177 0
0.266374 1.039896 0.3978948 1

0.6048556 0.2699345 -0.7491899 0
0.7952706 -0.1561138 0.5858104 0
0.04117152 -0.950139 -0.3090971 0
-0.1369144 0.9938046 0.4638823 1

0.6949177 -0.2223613 0.6838458 0
-0.5438135 0.4597034 0.7020966 0
-0.4704854 -0.8597837 0.1985328 0
0.1184709 1.116945 0.5351002 1

0.6477195 0.202092 -0.7345877 0
0.4350533 -0.8896329 0.13886 0
-0.625451 -0.4095269 -0.664153 0
-0.09346712 0.9752956 0.5256355 1

0.6071575 0.1710337 -0.7759559 0
0.6541264 -0.6619841 0.365918 0
-0.4510863 -0.7297428 -0.5138061 0
-0.07325564 0.9855011 0.5012741 1

0.620023 0.1925964 -0.7605778 0
0.5360018 -0.8118969 0.2313569 0
-0.5729521 -0.5511174 -0.6066266 0
-0.08230054 0.9787257 0.5143912 1

0.2641031 0.04329178 -0.9635225 0
0.6100772 -0.7812492 0.1321209 0
-0.7470313 -0.6227166 -0.2327416 0
-0.1067963 0.9858048 0.4566811 1

0.5869311 0.1781975 -0.7897835 0
0.7009275 -0.6000734 0.3855037 0
-0.4052324 -0.7798449 -0.4771052 0
-0.06493884 0.9891717 0.4861383 1

0.8900642 -0.1309417 0.4366239 0
-0.4433348 -0.02588191 0.8959825 0
-0.1060208 -0.9910521 -0.08108755 0
0.07368282 1.153138 0.5801556 1

0.9123037 -0.1191444 0.3917995 0
-0.4093039 -0.2345913 0.8817242 0
-0.01313964 -0.9647651 -0.2627846 0
0.08466084 1.149361 0.5944067 1

0.9271494 -0.0287044 0.3735914 0
-0.2787248 -0.7191883 0.6364594 0
0.2504133 -0.694222 -0.6747956 0
0.0943745 1.144997 0.6040632 1

0.8550104 -0.1187797 0.5048256 0
-0.5094188 -0.009894824 0.8604617 0
-0.09721022 -0.9928714 -0.0689688 0
0.06180895 1.154976 0.5675082 1

0.3222325 0.2712755 0.9069597 0
-0.7431031 -0.5210642 0.4198688 0
0.5864844 -0.8092601 0.03368198 0
0.08628567 1.121478 0.5376155 1

0.6466773 0.2060225 -0.7344138 0
0.1304648 -0.9785194 -0.1596216 0
-0.7515237 0.007408537 -0.6596647 0
-0.08268049 0.95323 0.5290833 1

0.6166644 0.1996854 -0.7614797 0
0.2604814 -0.964565 -0.04199693 0
-0.742883 -0.1724532 -0.6468272 0
-0.06702339 0.9556337 0.5209412 1

0.6037906 0.1765596 -0.7773443 0
0.3725458 -0.9246145 0.07936019 0
-0.7047319 -0.3375131 -0.6240499 0
-0.05113745 0.9631321 0.513626 1

0.5855258 0.1796715 -0.7904922 0
0.5954484 -0.7570244 0.2689902 0
-0.550092 -0.6281977 -0.5502424 0
-0.04390699 0.9711701 0.4976993 1

0.437561 -0.1108644 -0.8923283 0
0.5404092 -0.7607309 0.359509 0
