MeshAnim
1
70
52
30
0.9932476 -0.1010607 0.05697387 0
0.0295811 0.6954753 0.7179408 0
-0.1121795 -0.7114077 0.6937687 0
-0.0141045 0.8532177 -0.1358623 1

0.9955003 -0.06117381 0.0723664 0
-0.01951857 0.6149384 0.7883336 0
-0.09272624 -0.7861989 0.6109773 0
-0.01239862 0.8927094 -0.09555086 1

-0.9995624 0.01100966 0.02746388 0
0.01513224 -0.6074122 0.7942429 0
0.02542625 0.7943107 0.6069795 0
-0.08196574 0.8017703 -0.2060362 1

-0.9981969 -0.05887046 0.01170193 0
0.04496788 -0.6043534 0.7954463 0
-0.03975621 0.7945383 0.605911 0
0.04954379 0.7883896 -0.1984926 1

0.9931552 -0.06784122 0.09508003 0
-0.03666626 0.5917966 0.805253 0
-0.1108974 -0.8032275 0.5852584 0
-0.01368426 0.9332141 -0.043625 1

-0.9995875 0.02147111 -0.01908658 0
-0.01801991 -0.986044 -0.1655079 0
-0.02237383 -0.1650958 0.9860238 0
-0.08018858 0.5827197 0.08200058 1

-0.9997987 0.01807009 -0.00870122 0
-0.01605482 -0.9811147 -0.1927581 0
-0.01202007 -0.1925796 0.9812077 0
0.06933211 0.5738722 0.09229355 1

0.9906645 -0.1006991 0.09188832 0
-0.01436888 0.593164 0.8049533 0
-0.1355629 -0.7987592 0.5861797 0
-0.01644441 0.9777631 0.0169925 1

-0.9988273 0.01937812 -0.04437229 0
-0.0451129 -0.7052822 0.7074901 0
-0.01758513 0.7086622 0.705329 0
-0.08852513 0.1265455 0.00543154 1

-0.9948747 -0.008551426 -0.1007516 0
-0.07178611 -0.6419906 0.7633445 0
-0.07120927 0.7666646 0.6380864 0
0.0619062 0.1200737 0.003136516 1

0.9894357 -0.1400435 0.03747777 0
0.03309434 0.4698835 0.8821079 0
-0.1411437 -0.8715488 0.4695542 0
-0.01766127 1.027996 0.08516176 1

-0.1573059 -0.7987638 0.5807164 0
-0.9727383 0.02386349 -0.2306739 0
0.170396 -0.6011715 -0.7807422 0
-0.05130386 1.024899 0.07286349 1

-0.9964536 -0.01912715 -0.08194483 0
-0.08173506 -0.01150392 0.9965878 0
-0.02000457 0.9997512 0.009899699 0
-0.09590949 0.01110071 0.1212378 1

-0.1030925 0.823369 -0.5580645 0
0.9946413 0.08093628 -0.06432866 0
-0.007798374 -0.5617056 -0.8273007 0
0.016322 1.017845 0.07926735 1

-0.9972159 0.03155196 -0.06756439 0
-0.06772207 -0.003955502 0.9976963 0
0.03121199 0.9994941 0.006081002 0
0.04980061 0.01181221 0.1318624 1

0.9985771 -0.02889504 0.04481919 0
-0.001673691 0.8230756 0.5679296 0
-0.05329991 -0.5671965 0.8218559 0
-0.01404018 1.066285 0.1326365 1

-0.2802364 -0.9598531 -0.01225442 0
-0.458914 0.1451741 -0.8765399 0
0.8431286 -0.2400146 -0.481173 0
-0.1212407 1.026614 0.0562788 1

-0.4175138 0.8736222 0.2499336 0
0.2909798 0.3891118 -0.8740271 0
-0.8608213 -0.2921925 -0.4166659 0
0.08783353 1.023664 0.07464232 1

-0.6253414 -0.7360001 0.2593311 0
-0.468568 0.08840284 -0.8789933 0
0.6240133 -0.671185 -0.4001479 0
-0.2323143 1.061752 -0.1558753 1

-0.5805737 0.8123035 -0.05565599 0
0.3542196 0.1904385 -0.9155667 0
-0.7331186 -0.551268 -0.3982974 0
0.1582586 1.11784 -0.1368961 1

-0.9895979 -0.05099438 0.1345202 0
-0.1307046 0.7093576 -0.6926244 0
-0.06010304 -0.7030019 -0.7086439 0
-0.333502 1.080842 -0.3456949 1

-0.9210103 0.3456514 0.1796262 0
0.1145699 0.6810949 -0.7231764 0
-0.3723093 -0.6454728 -0.6668966 0
0.2347547 1.158966 -0.3346187 1

-0.9471719 -0.1204514 0.2972491 0
-0.3205777 0.327319 -0.8888714 0
0.009770285 -0.9372055 -0.3486415 0
-0.3184194 1.134136 -0.4002482 1

-0.9835555 -0.119121 0.1357539 0
-0.1746727 0.4363008 -0.8826842 0
0.04591655 -0.8918813 -0.4499332 0
-0.351252 1.133528 -0.3949772 1

-0.9692254 -0.1214449 0.2141345 0
-0.2439202 0.3562862 -0.9019775 0
0.03324719 -0.926451 -0.3749447 0
-0.3346265 1.134086 -0.3997788 1

-0.8753952 -0.2821106 0.3925523 0
-0.4795225 0.4040086 -0.7789963 0
0.06116839 -0.8701673 -0.4889456 0
-0.3581391 1.086852 -0.3651845 1

-0.9855367 -0.1229908 0.1165795 0
-0.1603274 0.4539013 -0.8765097 0
0.0548869 -0.8825232 -0.4670551 0
-0.3681552 1.12956 -0.3917712 1

-0.8974847 0.3994742 0.1869282 0
0.03099371 0.4799055 -0.8767728 0
-0.4399558 -0.7810962 -0.4430889 0
0.2511862 1.206253 -0.3879089 1

-0.9063075 0.4122507 0.09303857 0
0.07875371 0.3810357 -0.9212003 0
-0.4152163 -0.8275635 -0.3778018 0
0.2343343 1.213526 -0.3869081 1

-0.9133474 0.4037557 0.05270788 0
0.06821597 0.2793437 -0.9577652 0
-0.4014266 -0.8711765 -0.2826805 0
0.2206742 1.217421 -0.3847002 1

-0.8989735 0.3902296 0.1989171 0
0.06960989 0.5756594 -0.8147218 0
-0.4324368 -0.7185663 -0.5446662 0
0.2663903 1.19823 -0.3908744 1

-0.8107275 0.5246661 -0.2597054 0
0.484559 0.3524572 -0.8006104 0
-0.3285179 -0.774919 -0.5399783 0
0.2527718 1.158443 -0.3617826 1

-0.9460521 -0.1208062 0.3006519 0
-0.2974397 -0.0442283 -0.9537157 0
0.1285119 -0.9916904 0.005909489 0
-0.3263653 1.142254 -0.4222955 1

-0.9675354 -0.1229148 0.2208337 0
-0.2230384 0.004302379 -0.9748004 0
0.1188669 -0.992408 -0.0315774 0
-0.3416082 1.144218 -0.4254329 1

-0.982735 -0.1205054 0.1403952 0
-0.1590178 0.1622111 -0.9738589 0
0.0945813 -0.9793705 -0.1785732 0
-0.3571738 1.14827 -0.4248056 1

-0.9851468 -0.123831 0.1189601 0
-0.1421012 0.1989958 -0.9696435 0
0.09639914 -0.9721456 -0.2136365 0
-0.3729707 1.143177 -0.4180666 1

-0.9815014 -0.101525 0.1623202 0
-0.1912708 0.4827647 -0.8546075 0
0.008401416 -0.8698456 -0.493253 0
-0.3740951 1.095787 -0.3830805 1

-0.9062153 0.413653 0.0875523 0
-0.0578206 0.08388408 -0.9947968 0
-0.4188448 -0.9065621 -0.05209915 0
0.2365652 1.224248 -0.412846 1

-0.9138681 0.4038343 0.04199044 0
-0.1107389 -0.1484189 -0.9827051 0
-0.3906178 -0.9027125 0.1803554 0
0.2223387 1.224266 -0.4081587 1

-0.8975134 0.4020461 0.1811874 0
-0.07926574 0.2570969 -0.9631295 0
-0.4338051 -0.8787833 -0.1988794 0
0.2522957 1.222106 -0.416957 1

-0.898972 0.39237 0.1946682 0
-0.02898667 0.3901728 -0.9202858 0
-0.4370464 -0.8329533 -0.3393805 0
0.2684342 1.215212 -0.4149013 1

-0.8544955 0.4641066 -0.2333301 0
0.4354981 0.3951963 -0.8088027 0
-0.2831592 -0.7927327 -0.5398107 0
0.268781 1.165206 -0.3812282 1

-0.9463215 -0.120936 0.2997502 0
-0.2804186 -0.154036 -0.947438 0
0.1607514 -0.9806364 0.1118546 0
-0.3321556 1.141393 -0.4409076 1

-0.966906 -0.1227248 0.2236777 0
-0.2112609 -0.106418 -0.9716195 0
0.1430448 -0.9867188 0.07696918 0
-0.3475807 1.144334 -0.451569 1

-0.983046 -0.1202399 0.1384314 0
-0.1455581 0.05262125 -0.9879495 0
0.1115063 -0.9913495 -0.06923109 0
-0.3621935 1.153453 -0.4558871 1

-0.9850461 -0.1239217 0.1196994 0
-0.1312329 0.08949903 -0.9873036 0
0.1116351 -0.9882476 -0.1044232 0
-0.3768719 1.148647 -0.4447187 1

-0.8072581 -0.253756 0.5328624 0
-0.5888273 0.4077877 -0.6978482 0
-0.04021166 -0.8771074 -0.4786084 0
-0.3795434 1.11083 -0.4097021 1

-0.9129837 0.4051093 0.04845094 0
-0.1399471 -0.1993982 -0.9698741 0
-0.3832439 -0.8922594 0.2387412 0
0.220103 1.221374 -0.4274765 1

-0.9063274 0.4137156 0.08608583 0
-0.08157337 0.02859816 -0.9962572 0
-0.4146288 -0.9099571 0.007829119 0
0.2349829 1.226543 -0.4400604 1

-0.8978739 0.4030569 0.1771104 0
-0.101267 0.2024255 -0.9740481 0
-0.4284483 -0.8925075 -0.140936 0
0.2497674 1.230305 -0.4476722 1

-0.8987718 0.3909273 0.1984582 0
-0.05379939 0.3509046 -0.9348648 0
-0.4351039 -0.8509066 -0.2943515 0
0.2675724 1.226165 -0.4406731 1

-0.6618044 0.5342999 -0.5258694 0
0.7100781 0.2217967 -0.668278 0
-0.2404246 -0.8156776 -0.5261809 0
0.2816593 1.177538 -0.4060935 1

0.9890652 -0.1367513 0.05522013 0
0.04182222 0.6191316 0.7841728 0
-0.1414252 -0.7732885 0.6180807 0
-0.01632439 0.7959852 -0.1549139 1

0.9934088 -0.0903008 0.0706026 0
-0.01415896 0.5145557 0.85734 0
-0.1137475 -0.8526887 0.5098856 0
-0.01391806 0.8311865 -0.1108391 1

-0.999412 0.01874439 0.02871946 0
0.01646072 -0.4724757 0.88119 0
0.03008658 0.8811445 0.4718892 0
-0.08485724 0.7539085 -0.2304729 1

-0.9975324 -0.06487952 0.02683642 0
0.05400512 -0.4647747 0.8837804 0
-0.04486638 0.883049 0.4671315 0
0.04609852 0.7358021 -0.2231615 1

0.9905511 -0.09246331 0.1012881 0
-0.04284273 0.4929627 0.868995 0
-0.1302814 -0.8651232 0.4843433 0
-0.01485069 0.8650792 -0.05436794 1

-0.9996008 0.0162126 -0.02314661 0
-0.01187259 -0.9842039 -0.1766412 0
-0.0256448 -0.1762959 0.9840032 0
-0.08259469 0.5837904 0.08891125 1

-0.9998565 0.01613922 -0.005200364 0
-0.01467199 -0.9772041 -0.2117953 0
-0.008500032 -0.2116886 0.9773003 0
0.06912903 0.5722513 0.09884252 1

0.987685 -0.1173466 0.1034811 0
-0.02997534 0.5072258 0.8612918 0
-0.1535579 -0.8537866 0.4974617 0
-0.01807578 0.9021882 0.0110479 1

-0.9987693 0.02402292 -0.04339448 0
-0.04779223 -0.7001623 0.7123824 0
-0.01326969 0.7135797 0.7004487 0
-0.08808731 0.1284675 0.007191595 1

-0.9951844 -0.008016691 -0.09769428 0
-0.06985442 -0.6411829 0.7642023 0
-0.06876626 0.7673465 0.6375349 0
0.06234273 0.1202616 0.0008800663 1

0.9869948 -0.1555447 0.04058477 0
0.02422335 0.393495 0.9190075 0
-0.1589167 -0.9060725 0.3921453 0
-0.02061431 0.9451438 0.08398825 1

-0.1804248 -0.8533098 0.4891924 0
-0.9537701 0.03024648 -0.2990114 0
0.2403532 -0.5205261 -0.8193187 0
-0.05397639 0.9435912 0.07067561 1

-0.9966175 -0.0148474 -0.08083062 0
-0.08067082 -0.01106347 0.9966795 0
-0.01569236 0.9998288 0.009828383 0
-0.09591021 0.01386071 0.1237986 1

-0.06012772 0.8807694 -0.4697126 0
0.9964022 0.0248021 -0.08104171 0
-0.05972899 -0.4728953 -0.879092 0
0.01344202 0.9353883 0.0778515 1

-0.9974022 0.03220197 -0.06443778 0
-0.0647469 -0.008649969 0.9978642 0
0.0315758 0.9994441 0.01071251 0
0.05056291 0.01213641 0.1297505 1

0.9975104 -0.04787418 0.0517809 0
0.008251265 0.8084523 0.588504 0
-0.07003654 -0.5866114 0.8068343 0
-0.01731939 0.9792501 0.1345737 1

-0.2413932 -0.9648936 -0.1034872 0
-0.3447527 0.1849523 -0.9202925 0
0.9071246 -0.1864748 -0.3772959 0
-0.1225494 0.9457658 0.04917763 1

-0.2868393 0.9138682 0.2873472 0
0.3949674 0.3860874 -0.8336293 0
-0.8727682 -0.1256246 -0.471693 0
0.08508017 0.9371714 0.07202488 1

-0.6671968 -0.7240979 0.1747314 0
-0.3572018 0.1051762 -0.9280866 0
0.653648 -0.6816306 -0.3288223 0
-0.2059919 0.9905309 -0.173566 1

-0.4083635 0.9118938 -0.04110412 0
0.4209739 0.1481825 -0.8948874 0
-0.8099512 -0.3827427 -0.4443956 0
0.1806731 1.030615 -0.1297362 1

-0.9958712 -0.01409608 0.08967691 0
-0.06845609 0.7654015 -0.6399018 0
-0.05961868 -0.6433987 -0.7632062 0
-0.28313 1.013244 -0.3739874 1

-0.8696526 0.4488155 0.2055961 0
0.220478 0.7257391 -0.6516844 0
-0.4416949 -0.5214093 -0.7300947 0
0.2715852 1.062616 -0.322993 1

-0.963211 -0.1004464 0.2492696 0
-0.2680575 0.42547 -0.8643613 0
-0.01923486 -0.8993809 -0.4367428 0
-0.2633079 1.069758 -0.4235547 1

-0.9928554 -0.08137302 0.08727576 0
-0.1171574 0.5259715 -0.8423942 0
0.02264356 -0.8466005 -0.5317471 0
-0.2963366 1.070308 -0.4196901 1

-0.9817978 -0.09261709 0.1658174 0
-0.1898409 0.4518295 -0.8716712 0
0.00581038 -0.8872837 -0.4611875 0
-0.2795063 1.070441 -0.4237518 1

-0.9016778 -0.271975 0.3361648 0
-0.4299806 0.481679 -0.7636114 0
0.04575956 -0.8330757 -0.5512632 0
-0.3065903 1.021881 -0.3939365 1

-0.9942554 -0.08273727 0.06790493 0
-0.1020897 0.5424262 -0.8338773 0
0.03215938 -0.8360195 -0.5477568 0
-0.3135239 1.066914 -0.4174953 1

-0.8371749 0.4999145 0.2218662 0
0.08915732 0.5249642 -0.8464421 0
-0.5396201 -0.6888385 -0.4840577 0
0.2953555 1.112146 -0.3712384 1

-0.8452469 0.5188572 0.1278502 0
0.1242338 0.423495 -0.8973397 0
-0.5197347 -0.7425897 -0.4224172 0
0.2796193 1.121514 -0.3696579 1

-0.8537644 0.5135101 0.08599167 0
0.1010328 0.3254152 -0.9401584 0
-0.5107635 -0.7939851 -0.3297091 0
0.2665647 1.127001 -0.3671839 1

-0.839159 0.4909347 0.2340859 0
0.1398367 0.6106735 -0.7794384 0
-0.5256031 -0.6213383 -0.5811025 0
0.3093998 1.102453 -0.3748608 1

-0.7235195 0.6547473 -0.2186917 0
0.5490289 0.353771 -0.757241 0
-0.4184344 -0.6679461 -0.6154353 0
0.2899365 1.06227 -0.3499349 1

-0.962292 -0.1011792 0.2525017 0
-0.2609254 0.0809454 -0.9619594 0
0.07689129 -0.9915699 -0.1042935 0
-0.2699511 1.080311 -0.4449939 1

-0.9805093 -0.09476747 0.1721071 0
-0.1834416 0.127858 -0.9746802 0
0.07036264 -0.9872546 -0.1427504 0
-0.2849499 1.083293 -0.4485455 1

-0.9923138 -0.08321133 0.09159235 0
-0.111582 0.2816451 -0.9530088 0
0.05350454 -0.9559039 -0.2887653 0
-0.3003149 1.088083 -0.4481578 1

-0.9940202 -0.08377051 0.07004829 0
-0.09319466 0.3164696 -0.9440136 0
0.05691233 -0.9448968 -0.322384 0
-0.3165924 1.083187 -0.4425121 1

-0.9907871 -0.06988569 0.1160047 0
-0.1352619 0.553216 -0.8219829 0
-0.006730784 -0.8301012 -0.5575722 0
-0.3214139 1.032817 -0.4116943 1

-0.845028 0.5206485 0.1218738 0
-0.06988935 0.1184245 -0.9905006 0
-0.5301352 -0.8455181 -0.06368428 0
0.2831298 1.13343 -0.3949245 1

-0.8543338 0.5142624 0.07515687 0
-0.1358654 -0.08141057 -0.9873769 0
-0.5016521 -0.8537603 0.1394223 0
0.2690333 1.134975 -0.3902107 1

-0.8369273 0.5029798 0.2157894 0
-0.07078201 0.2914897 -0.9539518 0
-0.5427185 -0.8136617 -0.2083537 0
0.2983853 1.129482 -0.3992855 1

-0.8388994 0.4933071 0.2299922 0
0.01802659 0.4475068 -0.8940989 0
-0.5439882 -0.7459129 -0.384306 0
0.3135156 1.120469 -0.3978467 1

-0.7772171 0.5976764 -0.1967665 0
0.5045949 0.4051872 -0.7623699 0
-0.3759228 -0.6918139 -0.6165029 0
0.3072214 1.068497 -0.3684453 1

-0.962558 -0.1011789 0.2514858 0
-0.2510192 -0.01752507 -0.9678233 0
0.1023306 -0.994714 -0.008529024 0
-0.2750288 1.081892 -0.4637661 1

-0.9800103 -0.09495057 0.1748275 0
-0.1780896 0.02697769 -0.9836445 0
0.08868112 -0.9951165 -0.04334816 0
-0.2898607 1.086722 -0.4746782 1

-0.9925433 -0.08267437 0.08957255 0
-0.103545 0.1841154 -0.9774354 0
0.06431713 -0.9794216 -0.1913031 0
-0.3038205 1.097074 -0.4785714 1

-0.9939604 -0.08393398 0.07069713 0
-0.08761496 0.2190309 -0.9717761 0
0.06608013 -0.9721012 -0.2250619 0
-0.3191492 1.091886 -0.4684593 1

-0.8393062 -0.2563245 0.4794406 0
-0.5407464 0.4847618 -0.6874585 0
-0.05620205 -0.836244 -0.5454699 0
-0.3251181 1.050033 -0.4372795 1

-0.8532652 0.5151037 0.08128591 0
-0.1814853 -0.1471929 -0.9723157 0
-0.4888783 -0.8443947 0.2190783 0
0.2663075 1.133407 -0.4096183 1

-0.8452127 0.5207746 0.1200414 0
-0.1129607 0.0454558 -0.9925595 0
-0.522356 -0.8524834 0.02040714 0
0.2812173 1.13667 -0.4220215 1

-0.8373297 0.5041446 0.2114658 0
-0.1106743 0.2224806 -0.9686351 0
-0.5353788 -0.8344705 -0.1304935 0
0.2961276 1.138778 -0.4297081 1

-0.838837 0.4918322 0.2333552 0
-0.0271346 0.3903513 -0.9202662 0
-0.5437068 -0.7782848 -0.3140953 0
0.3139742 1.133034 -0.4228828 1

-0.5725533 0.6669852 -0.4767746 0
0.7474358 0.1856543 -0.6378658 0
-0.3369314 -0.7215701 -0.6048254 0
0.3222538 1.081204 -0.3918711 1

0.9840202 -0.1726985 0.04335246 0
0.06576317 0.5787601 0.8128418 0
-0.1654672 -0.7970018 0.580869 0
-0.01931068 0.7502419 -0.1677803 1

0.9909009 -0.1207907 0.05937058 0
0.002757706 0.4592405 0.8883076 0
-0.1345647 -0.8800611 0.4553951 0
-0.01554505 0.7831716 -0.122075 1

-0.9987208 0.03321815 0.03812743 0
0.02314764 -0.3700378 0.9287283 0
0.0449592 0.9284228 0.3687954 0
-0.08951286 0.7142106 -0.2449149 1

-0.9971609 -0.05913061 0.04662666 0
0.06413063 -0.3423081 0.9373967 0
-0.03946818 0.9377254 0.3451282 0
0.04077491 0.6913447 -0.2391749 1

0.9881787 -0.1173746 0.09861997 0
-0.03798911 0.4357473 0.8992671 0
-0.1485246 -0.892383 0.4261374 0
-0.0153634 0.8134208 -0.06356409 1

-0.9996928 0.01150815 -0.02195881 0
-0.007126175 -0.9817418 -0.1900857 0
-0.02374545 -0.1898708 0.981522 0
-0.08481493 0.5812555 0.09161495 1

-0.9999263 0.01175165 -0.003086403 0
-0.01081587 -0.9766523 -0.2145541 0
-0.005535722 -0.2145048 0.9767072 0
0.06749462 0.5723569 0.1015506 1

0.9850041 -0.1345559 0.1079879 0
-0.03519143 0.4560564 0.8892547 0
-0.1689031 -0.87972 0.4444824 0
-0.01822313 0.8462228 0.00413055 1

-0.9988246 0.02246949 -0.04295199 0
-0.04640033 -0.6995915 0.713035 0
-0.0140273 0.7141899 0.6998115 0
-0.08811172 0.1270716 0.003675517 1

-0.9951319 -0.003665358 -0.09848481 0
-0.07397465 -0.6325111 0.7710108 0
-0.06511874 0.7745427 0.6291607 0
0.06249191 0.1206225 0.002312165 1

0.9842685 -0.1720892 0.04000981 0
0.02454012 0.3574199 0.9336213 0
-0.1749664 -0.9179522 0.3560204 0
-0.02120339 0.8848449 0.07943897 1

-0.1499081 -0.8784152 0.4537781 0
-0.9253201 -0.03703398 -0.3773742 0
0.3482965 -0.4764611 -0.8072636 0
-0.05441257 0.8844603 0.065667 1

-0.9966317 -0.01642555 -0.0803463 0
-0.08019152 -0.009876935 0.9967307 0
-0.0171654 0.9998167 0.008526498 0
-0.0957068 0.01255818 0.1203894 1

0.0213612 0.9074189 -0.4196845 0
0.9849684 -0.09107181 -0.146777 0
-0.1714094 -0.4102403 -0.8957243 0
0.01281938 0.8750765 0.07313897 1

-0.9971626 0.03701238 -0.06555171 0
-0.06574285 -0.003969492 0.9978287 0
0.03667183 0.999307 0.006391412 0
0.0500173 0.01395955 0.1323308 1

0.9966606 -0.06402513 0.05068053 0
0.02249064 0.8118902 0.5833767 0
-0.07849782 -0.5802888 0.8106189 0
-0.01770347 0.9169248 0.1313199 1

-0.111205 -0.9931877 -0.03481238 0
-0.3146503 0.06841505 -0.9467391 0
0.9426711 -0.09432815 -0.320115 0
-0.1209401 0.8817977 0.038535 1

-0.02376243 0.9736773 0.2266888 0
0.473391 0.2106785 -0.8552873 0
-0.880532 0.08698897 -0.4659362 0
0.08363547 0.8685287 0.06258619 1

-0.610464 -0.7679031 0.1940593 0
-0.3172331 0.01255355 -0.9482648 0
0.7257389 -0.6404431 -0.2512676 0
-0.1970968 0.8983566 -0.1906097 1

-0.1400228 0.9838146 -0.1118156 0
0.423448 -0.04258094 -0.9049193 0
-0.895034 -0.1740571 -0.410632 0
0.198209 0.9195185 -0.1444167 1

-0.9880251 -0.1137206 0.1042805 0
-0.1540946 0.6928986 -0.7043769 0
0.007846311 -0.7120107 -0.7021248 0
-0.2656036 0.9010674 -0.3953885 1

-0.7263116 0.6599494 0.1921953 0
0.3582661 0.6020926 -0.7135337 0
-0.5866153 -0.4493903 -0.673744 0
0.2896554 0.9103228 -0.3398399 1

-0.9461436 -0.1843031 0.2661676 0
-0.3160402 0.3474698 -0.882827 0
0.07022247 -0.9194004 -0.3870035 0
-0.2522626 0.9547134 -0.4500498 1

-0.9771665 -0.1793684 0.1138976 0
-0.1861293 0.4640888 -0.8660128 0
0.1024766 -0.867438 -0.4868776 0
-0.2851386 0.9520296 -0.4457948 1

-0.9648628 -0.1844478 0.1871344 0
-0.2455927 0.3798972 -0.8918309 0
0.09340416 -0.906453 -0.4118477 0
-0.2684397 0.9536185 -0.4500834 1

-0.8679725 -0.331538 0.3697386 0
-0.4802859 0.3710738 -0.7947516 0
0.1262898 -0.8674023 -0.4813149 0
-0.2899457 0.9052867 -0.4157012 1

-0.9786072 -0.1817125 0.09648214 0
-0.1740129 0.4808568 -0.8593585 0
0.109762 -0.8577631 -0.5021901 0
-0.3018442 0.9470056 -0.4430706 1

-0.6775969 0.7053005 0.2083617 0
0.1242943 0.3890693 -0.912785 0
-0.7248546 -0.5926016 -0.3512967 0
0.3223941 0.9490286 -0.3925273 1

-0.6914074 0.7135411 0.113205 0
0.1307869 0.2777221 -0.9517173 0
-0.7105286 -0.6432181 -0.285341 0
0.3094533 0.9620233 -0.3912818 1

-0.7056023 0.7041578 0.07929406 0
0.08228278 0.1925633 -0.9778289 0
-0.7038147 -0.6834333 -0.193813 0
0.2982226 0.9706764 -0.3889062 1

-0.679456 0.6995069 0.2214276 0
0.2026782 0.4689849 -0.8596367 0
-0.7051678 -0.5392063 -0.4604291 0
0.3335232 0.9359835 -0.3957359 1

-0.5547688 0.7962226 -0.2413746 0
0.5698918 0.1522834 -0.807486 0
-0.606181 -0.585525 -0.5382428 0
0.306143 0.9036105 -0.3671504 1

-0.9452045 -0.1847772 0.2691582 0
-0.2797866 0.03358255 -0.9594749 0
0.1682498 -0.9822063 -0.08344036 0
-0.260096 0.9633322 -0.471947 1

-0.9633782 -0.1860734 0.1930787 0
-0.2111317 0.08247632 -0.973972 0
0.1653058 -0.9790682 -0.1187418 0
-0.2754687 0.9644197 -0.47545 1

-0.9763843 -0.1808937 0.1181141 0
-0.1594287 0.234358 -0.9589887 0
0.1457939 -0.9551722 -0.257663 0
-0.2914475 0.9677103 -0.4750602 1

-0.9782544 -0.1825425 0.09847287 0
-0.1470814 0.2757935 -0.9498976 0
0.1462384 -0.9437248 -0.2966447 0
-0.3070703 0.9614307 -0.4688515 1

-0.9772149 -0.1605262 0.1388609 0
-0.1990166 0.4655737 -0.8623421 0
0.0737784 -0.870329 -0.4869129 0
-0.3058881 0.9131724 -0.4340953 1

-0.6914211 0.7145426 0.1066125 0
-0.154632 -0.002219498 -0.9879698 0
-0.7057099 -0.6995884 0.1120259 0
0.313146 0.9698319 -0.4180791 1

-0.707234 0.7037044 0.06797591 0
-0.2657748 -0.1755415 -0.9479184 0
-0.6551217 -0.688466 0.3111759 0
0.300233 0.9753978 -0.4128559 1

-0.6772851 0.7075778 0.201541 0
-0.1152095 0.1685554 -0.9789361 0
-0.7266442 -0.6862382 -0.03264033 0
0.3265724 0.9618456 -0.4227699 1

-0.6790489 0.7012973 0.2169683 0
0.03213061 0.3236698 -0.9456247 0
-0.73339 -0.6351537 -0.2423204 0
0.339494 0.9498224 -0.4210873 1

-0.6238355 0.7540755 -0.2054259 0
0.5340118 0.21934 -0.8165303 0
-0.5706671 -0.6190801 -0.5395173 0
0.3232248 0.9040377 -0.3868533 1

-0.945524 -0.1848138 0.2680087 0
-0.2639887 -0.04649505 -0.9634046 0
0.1905113 -0.9816732 -0.004826462 0
-0.2655419 0.96399 -0.490671 1

-0.9628821 -0.1861706 0.195445 0
-0.2000271 0.005968668 -0.9797723 0
0.181238 -0.9824994 -0.04298615 0
-0.2811221 0.9666323 -0.5015638 1

-0.9767377 -0.1804065 0.1159178 0
-0.1447394 0.1557932 -0.9771282 0
0.1582209 -0.9711756 -0.1782812 0
-0.2964806 0.9751982 -0.5056659 1

-0.9781888 -0.1826431 0.09893757 0
-0.1357788 0.2017606 -0.969978 0
0.157198 -0.9622548 -0.2221591 0
-0.3111083 0.9690121 -0.4949608 1

-0.8069814 -0.2975782 0.5101258 0
-0.5900398 0.3694206 -0.7179008 0
0.02518045 -0.880327 -0.4736985 0
-0.3115791 0.9277114 -0.4609453 1

-0.7053006 0.705063 0.07373985 0
-0.3242617 -0.228362 -0.9179899 0
-0.6304012 -0.6713695 0.3896889 0
0.2949625 0.9719915 -0.4314881 1

-0.6917907 0.7144583 0.104764 0
-0.2143774 -0.06466511 -0.9746082 0
-0.6895422 -0.6966835 0.1978986 0
0.3089153 0.9697717 -0.4451069 1

-0.6779411 0.7082062 0.1970796 0
-0.1736005 0.1062726 -0.9790655 0
-0.7143243 -0.6979615 0.05089839 0
0.322898 0.9672214 -0.4539891 1

-0.6789738 0.7003269 0.2203124 0
-0.03732198 0.2667731 -0.9630367 0
-0.7332138 -0.6620989 -0.1549942 0
0.3403566 0.9589292 -0.4475676 1

-0.435836 0.753482 -0.4922521 0
0.7209305 -0.03515407 -0.6921153 0
-0.538801 -0.6565281 -0.5278867 0
0.3392371 0.9111405 -0.4119405 1

0.9854392 -0.1663015 0.0354013 0
0.07423049 0.6081117 0.7903734 0
-0.1529682 -0.7762371 0.6116019 0
-0.02172833 0.7224215 -0.1717609 1

0.9923909 -0.1119542 0.05124882 0
0.01027557 0.4900812 0.8716162 0
-0.1226972 -0.8644575 0.4875026 0
-0.01748864 0.7570016 -0.127334 1

-0.9983958 0.04200267 0.03797061 0
0.02407221 -0.2921102 0.9560816 0
0.05124959 0.955462 0.2906305 0
-0.09282692 0.6832858 -0.2465256 1

-0.9974258 -0.05225694 0.0491036 0
0.06166194 -0.2755089 0.9593189 0
-0.03660257 0.9598773 0.2780218 0
0.03764876 0.6612669 -0.2418383 1

0.9903426 -0.1040048 0.09167668 0
-0.03390833 0.4594655 0.8875483 0
-0.1344315 -0.8820854 0.4515015 0
-0.01681181 0.7892822 -0.06992248 1

-0.9996959 0.00627017 -0.02385268 0
-0.001198711 -0.978353 -0.2069404 0
-0.02463391 -0.2068489 0.9780629 0
-0.08778766 0.5785856 0.09983258 1

-0.9999663 0.001768366 -0.008045755 0
0.0001793541 -0.9717816 -0.2358843 0
-0.008235849 -0.2358778 0.9717481 0
0.06349042 0.566534 0.1064774 1

0.9877402 -0.117537 0.1027352 0
-0.03442269 0.4779179 0.8777299 0
-0.1522647 -0.8705053 0.4680127 0
-0.01936435 0.8238696 -0.003110006 1

-0.9987993 0.02095227 -0.04428447 0
-0.04636411 -0.6962773 0.716274 0
-0.01582673 0.7174671 0.6964127 0
-0.0883422 0.1259695 0.004095629 1

-0.9949015 -0.0001660883 -0.1008523 0
-0.07787579 -0.6341435 0.7692841 0
-0.06408253 0.7732158 0.6308972 0
0.06357339 0.1170525 -0.002627019 1

0.9866836 -0.1582938 0.03739564 0
0.02690101 0.3855638 0.922289 0
-0.1604111 -0.9090015 0.3846877 0
-0.02227951 0.8643432 0.07122243 1

-0.04467283 -0.8547237 0.5171577 0
-0.8804489 -0.2109181 -0.4246454 0
0.4720321 -0.4743008 -0.7431183 0
-0.05559365 0.8631299 0.05775546 1

-0.9965062 -0.01814136 -0.08152554 0
-0.08140884 -0.00708213 0.9966558 0
-0.01865806 0.9998103 0.005580381 0
-0.09593137 0.01199861 0.1213397 1

0.08515342 0.8873792 -0.4531083 0
0.9488761 -0.2109502 -0.2348065 0
-0.3039455 -0.4099491 -0.8599761 0
0.01182881 0.8549102 0.06487385 1

-0.9968808 0.0405072 -0.06773612 0
-0.06823824 -0.01114309 0.9976071 0
0.0396555 0.9991174 0.01387239 0
0.05044089 0.01011439 0.1271005 1

0.996696 -0.05760951 0.0572577 0
0.01518045 0.8246387 0.5654562 0
-0.07979256 -0.5627186 0.8227885 0
-0.01880665 0.8980076 0.1220912 1

0.1378259 -0.9533036 0.2687309 0
-0.3116766 -0.2992809 -0.9018256 0
0.9401393 0.04053801 -0.3383711 0
-0.1188951 0.8479655 0.02722479 1

0.2374068 0.9704019 -0.04425222 0
0.4307049 -0.1459847 -0.8906077 0
-0.8707073 0.1923767 -0.4526147 0
0.08004999 0.8397436 0.04799202 1

-0.4011851 -0.8163263 0.4155264 0
-0.3104671 -0.3056005 -0.9001219 0
0.8617777 -0.4901224 -0.1308401 0
-0.194332 0.7755288 -0.1910493 1

0.04533523 0.922597 -0.3830925 0
0.3319609 -0.3756075 -0.8652868 0
-0.9422029 -0.0879437 -0.3232944 0
0.1842923 0.8044113 -0.1675594 1

-0.9107814 -0.362885 0.1969568 0
-0.3235899 0.331068 -0.8863881 0
0.2564506 -0.8710389 -0.4189565 0
-0.2613777 0.709534 -0.3854315 1

-0.5557747 0.8297735 0.05089828 0
0.341964 0.283991 -0.8957733 0
-0.7577434 -0.4804427 -0.4415879 0
0.2559815 0.7232963 -0.3544236 1

-0.8603983 -0.3651633 0.355487 0
-0.3676354 -0.03833509 -0.92918 0
0.3529295 -0.930154 -0.1012636 0
-0.2623729 0.7427218 -0.4557259 1

-0.879054 -0.4105672 0.2422793 0
-0.3091133 0.103991 -0.9453229 0
0.3629232 -0.9058812 -0.2183253 0
-0.2930492 0.7318944 -0.4488072 1

-0.8713371 -0.3924413 0.2945539 0
-0.3207794 0.001323752 -0.9471533 0
0.3713116 -0.9197761 -0.1270405 0
-0.2774358 0.7368706 -0.4543957 1

-0.7578568 -0.4221941 0.4973992 0
-0.5268122 -0.05373418 -0.8482819 0
0.3848664 -0.9049119 -0.1816942 0
-0.2848679 0.6990561 -0.4044414 1

-0.8783818 -0.418183 0.2314497 0
-0.3024325 0.1113143 -0.9466492 0
0.3701084 -0.9015167 -0.2242486 0
-0.3075536 0.7233233 -0.4435255 1

-0.4899292 0.8702172 0.05187979 0
-0.03789418 0.03819643 -0.9985517 0
-0.8709382 -0.4911854 0.01426249 0
0.2862987 0.7375133 -0.419421 1

-0.5264275 0.8496147 -0.0320783 0
-0.05914748 -0.07423433 -0.9954854 0
-0.8481602 -0.5221536 0.08933149 0
0.2762706 0.7528416 -0.4209562 1

-0.5473608 0.8361437 -0.03549775 0
-0.1184133 -0.1193662 -0.9857638 0
-0.8284771 -0.5353651 0.1643468 0
0.2673028 0.7640549 -0.4202568 1

-0.4891917 0.8698718 0.06336088 0
0.07627385 0.1150363 -0.9904288 0
-0.8688347 -0.4796767 -0.1226234 0
0.2942458 0.7219843 -0.4195491 1

-0.415896 0.8039793 -0.4250271 0
0.4213496 -0.2438208 -0.873508 0
-0.8059124 -0.5423735 -0.2373524 0
0.2664182 0.7057496 -0.3798392 1

-0.8595586 -0.3645716 0.3581156 0
-0.2567199 -0.2978801 -0.9194363 0
0.4418753 -0.8822444 0.1624527 0
-0.2714863 0.7417729 -0.4787731 1

-0.8697072 -0.3918083 0.3001603 0
-0.2109435 -0.2547392 -0.9437222 0
0.4462203 -0.8840784 0.1388991 0
-0.2866001 0.7368915 -0.4813317 1

-0.8778894 -0.4104462 0.2466667 0
-0.2142471 -0.1240207 -0.9688745 0
0.4282622 -0.9034118 0.02093967 0
-0.3035125 0.735401 -0.4807504 1

-0.8778505 -0.4182168 0.2333966 0
-0.2224337 -0.07556245 -0.9720156 0
0.4241486 -0.9051991 -0.02669287 0
-0.3166319 0.7266605 -0.4719246 1

-0.8949785 -0.3734843 0.2439741 0
-0.2936963 0.0816351 -0.9524069 0
0.3357917 -0.9240376 -0.1827528 0
-0.3014959 0.6958349 -0.42362 1

-0.5278278 0.8484824 -0.03841225 0
-0.3802424 -0.2764994 -0.8825896 0
-0.7594823 -0.4512492 0.468573 0
0.2746131 0.7507389 -0.4489837 1

-0.5518484 0.8326858 -0.04580417 0
-0.5164845 -0.384382 -0.7651761 0
-0.6547574 -0.3986037 0.6421899 0
0.2643987 0.7611371 -0.4444016 1

-0.4909225 0.8700564 0.04469087 0
-0.3214524 -0.1332217 -0.9375077 0
-0.8097304 -0.4746093 0.3450832 0
0.2850896 0.7386972 -0.4524888 1

-0.4896058 0.869997 0.05823654 0
-0.1512685 -0.01897267 -0.9883109 0
-0.8587221 -0.4926921 0.1408922 0
0.2964905 0.7253857 -0.4487596 1

-0.4834 0.7932828 -0.3701714 0
0.3993811 -0.1764351 -0.8996475 0
-0.778986 -0.582729 -0.2315337 0
0.2790728 0.6959591 -0.4004348 1

-0.8598859 -0.3650413 0.3568493 0
-0.2295405 -0.3478976 -0.9089992 0
0.4559687 -0.8635464 0.2153604 0
-0.2764834 0.735966 -0.4967172 1

-0.8693468 -0.3913935 0.3017414 0
-0.2003226 -0.2790754 -0.9391424 0
0.4517823 -0.8768857 0.1642084 0
-0.2922491 0.7300649 -0.5066352 1

-0.878432 -0.4107888 0.244152 0
-0.1914289 -0.1656385 -0.9674295 0
0.4378497 -0.8965582 0.06686527 0
-0.3103003 0.7314664 -0.5116788 1

-0.8778385 -0.4182015 0.233468 0
-0.2110519 -0.09982397 -0.9723647 0
0.4299496 -0.9028526 -0.0006329678 0
-0.3227416 0.7245856 -0.4986424 1

-0.7118719 -0.3284352 0.6207812 0
-0.6390299 -0.06376476 -0.7665346 0
0.2913405 -0.942372 -0.1644877 0
-0.3101685 0.6985573 -0.4533196 1

-0.5480957 0.8354242 -0.04071533 0
-0.5494179 -0.3963057 -0.7355831 0
-0.6306593 -0.3807999 0.6762104 0
0.254209 0.7536333 -0.4594483 1

-0.5282977 0.8481439 -0.0394164 0
-0.4094122 -0.2951379 -0.8632934 0
-0.74383 -0.4399382 0.5031612 0
0.2642106 0.7431751 -0.4731287 1

-0.4922819 0.869477 0.04084513 0
-0.3615157 -0.1615467 -0.9182643 0
-0.791811 -0.466811 0.3938563 0
0.2748379 0.734449 -0.482387 1

-0.4888554 0.8701736 0.06179268 0
-0.2210722 -0.05505191 -0.9737025 0
-0.8438882 -0.4896602 0.2192837 0
0.2922255 0.7249024 -0.4764445 1

-0.3699171 0.6684818 -0.6452081 0
0.5437874 -0.4072983 -0.7337599 0
-0.7532971 -0.6222866 -0.2128456 0
0.2910393 0.6909744 -0.4281506 1

0.9902446 -0.1304844 0.0488829 0
0.05966917 0.7141209 0.6974748 0
-0.1259179 -0.6877538 0.7149401 0
-0.02264428 0.7106118 -0.1703859 1

0.9954672 -0.07327154 0.06063195 0
-0.002477337 0.6173329 0.7866982 0
-0.09507267 -0.7832825 0.6143532 0
-0.01923533 0.7511487 -0.1312367 1

-0.9991576 0.03282452 0.02464262 0
0.01615715 -0.2373679 0.9712855 0
0.03773134 0.9708654 0.2366375 0
-0.09289809 0.6593627 -0.2383144 1

-0.9980673 -0.05191463 0.03416384 0
0.04525203 -0.2302786 0.9720721 0
-0.04259757 0.9717393 0.2321826 0
0.03821382 0.6420861 -0.2318421 1

0.993686 -0.06319156 0.09270825 0
-0.0386256 0.5831179 0.8114689 0
-0.1053378 -0.8099262 0.5769953 0
-0.0193985 0.7918111 -0.07941855 1

-0.9995356 0.001544297 -0.03044445 0
0.005743999 -0.9712847 -0.237852 0
-0.02993752 -0.2379164 0.9708244 0
-0.0907377 0.5744505 0.113448 1

-0.9997663 -0.007145867 -0.02042084 0
0.01224849 -0.9649951 -0.261983 0
-0.0178339 -0.262172 0.9648565 0
0.05809037 0.563777 0.1209163 1

0.991989 -0.07872497 0.09879415 0
-0.03223786 0.5984058 0.8005444 0
-0.1221418 -0.7973161 0.5910741 0
-0.02230615 0.8357068 -0.01833313 1

-0.9986405 0.0229037 -0.04683252 0
-0.04962803 -0.6927726 0.7194468 0
-0.0159663 0.7207927 0.6929669 0
-0.08808033 0.1251044 0.003410317 1

-0.9944286 0.002696142 -0.1053807 0
-0.08398583 -0.6244223 0.7765588 0
-0.06370831 0.7810826 0.6211693 0
0.06375571 0.1174344 -0.0002596341 1

0.990702 -0.1288774 0.04358976 0
0.02537009 0.4897806 0.8714766 0
-0.133663 -0.8622677 0.4884963 0
-0.02503628 0.8863841 0.04946271 1

0.08005689 -0.7329674 0.6755368 0
-0.8203742 -0.4334024 -0.3730265 0
0.5661954 -0.5243295 -0.6360044 0
-0.05852534 0.8824768 0.03697743 1

-0.9963327 -0.01644045 -0.08397377 0
-0.08386654 -0.00710711 0.9964517 0
-0.01697893 0.9998398 0.005702222 0
-0.09620374 0.01170728 0.1211737 1

0.1318511 0.7944739 -0.5928127 0
0.9007074 -0.3457473 -0.2630306 0
-0.4139342 -0.4992697 -0.7611758 0
0.009193944 0.8769239 0.04385395 1

-0.9963915 0.04385299 -0.07267386 0
-0.07292433 -0.00413644 0.9973289 0
0.04343525 0.9990297 0.007319245 0
0.04959283 0.01213548 0.1306947 1

0.9951861 -0.04744263 0.08575413 0
-0.00798502 0.8328539 0.5534352 0
-0.0976771 -0.5514558 0.8284659 0
-0.02196526 0.9257588 0.09608021 1

0.3644702 -0.6213208 0.6936297 0
-0.1953888 -0.7793089 -0.5954002 0
0.9104859 0.08147822 -0.405434 0
-0.1175076 0.8513166 0.010158 1

0.4221411 0.7444299 -0.5173211 0
0.3693269 -0.6623843 -0.6518015 0
-0.8278857 0.08409148 -0.5545577 0
0.07395196 0.8520657 0.02494292 1

-0.1110469 -0.5790956 0.8076614 0
-0.1921406 -0.7848442 -0.5891534 0
0.9750645 -0.2206081 -0.02411335 0
-0.1647987 0.6626959 -0.1339502 1

0.2054968 0.6425176 -0.7382023 0
0.3032369 -0.7589815 -0.57619 0
-0.9304937 -0.1054449 -0.3508033 0
0.1633392 0.6917506 -0.1328108 1

-0.6354207 -0.5955396 0.4915015 0
-0.3110704 -0.3851585 -0.8688432 0
0.7067361 -0.7049724 0.05948296 0
-0.2062916 0.493208 -0.2611784 1

-0.2922576 0.8582965 -0.4217973 0
0.4197294 -0.2811854 -0.8629963 0
-0.8593095 -0.4292577 -0.2780737 0
0.2288251 0.5278436 -0.2572428 1

-0.6135539 -0.5153082 0.598339 0
-0.1701204 -0.6536722 -0.7374094 0
0.7711104 -0.5542299 0.3133985 0
-0.2131149 0.4795288 -0.337402 1

-0.592465 -0.5752944 0.5639341 0
-0.2256663 -0.5534768 -0.8017098 0
0.7733435 -0.6022459 0.1980911 0
-0.2352389 0.4605986 -0.3213301 1

-0.6007902 -0.5523372 0.5779059 0
-0.1584385 -0.6263055 -0.763308 0
0.7835487 -0.5501503 0.2887666 0
-0.2234167 0.4687842 -0.3309739 1

-0.5276992 -0.4013668 0.7486242 0
-0.3215329 -0.7213612 -0.6133962 0
0.7862251 -0.5643961 0.2516091 0
-0.2186287 0.4645487 -0.2682066 1

-0.5864385 -0.5813577 0.5640157 0
-0.2144796 -0.5600139 -0.8002394 0
0.7810817 -0.590261 0.2037243 0
-0.2443078 0.4502668 -0.3102508 1

-0.2115933 0.8798722 -0.425504 0
-0.07225785 -0.4482532 -0.8909819 0
-0.9746832 -0.1577796 0.158425 0
0.2626989 0.5007181 -0.3160875 1

-0.2573285 0.8344573 -0.4873022 0
-0.1252428 -0.5288316 -0.8394355 0
-0.9581738 -0.1549793 0.2405932 0
0.2575566 0.5153134 -0.3260078 1

-0.2760123 0.8465375 -0.4551833 0
-0.170506 -0.5091936 -0.8435935 0
-0.9459096 -0.1552305 0.2848835 0
0.2522124 0.527279 -0.3319163 1

-0.2123737 0.8820742 -0.420527 0
0.08382758 -0.4123125 -0.907178 0
-0.9735864 -0.2279124 0.01362216 0
0.2658102 0.4856636 -0.3078409 1

-0.1360515 0.5612811 -0.8163661 0
0.2953491 -0.763579 -0.5742096 0
-0.9456528 -0.3192349 -0.0618878 0
0.2340234 0.4982124 -0.2698023 1

-0.6134425 -0.5135116 0.5999954 0
0.01410476 -0.7667411 -0.6418018 0
0.7896135 -0.3852458 0.4775945 0
-0.2173309 0.4633192 -0.3556942 1

-0.6003707 -0.5485872 0.5818999 0
0.03982944 -0.747236 -0.6633646 0
0.7987295 -0.3750878 0.4704686 0
-0.2279505 0.4509406 -0.352667 1

-0.5919498 -0.5723727 0.5674377 0
-0.02658776 -0.6897879 -0.7235233 0
0.8055363 -0.4433761 0.3931015 0
-0.2428766 0.4418825 -0.3484138 1

-0.5861728 -0.5801516 0.5655318 0
-0.05834511 -0.665987 -0.7436785 0
0.8080827 -0.4689199 0.3565343 0
-0.2507457 0.4334626 -0.3342556 1

-0.6321418 -0.5461125 0.5496895 0
-0.1834465 -0.5837638 -0.7909281 0
0.7528242 -0.6008172 0.2688389 0
-0.2290656 0.4445942 -0.2803547 1

-0.2590307 0.8311399 -0.4920467 0
-0.4545551 -0.5543928 -0.6971577 0
-0.8522223 0.04307722 0.5214037 0
0.2540343 0.5004115 -0.3496351 1

-0.2816007 0.8401915 -0.4634432 0
-0.6268397 -0.5267633 -0.5741018 0
-0.7264801 0.1288373 0.6750023 0
0.2480342 0.5148132 -0.3525819 1

-0.2128278 0.8766117 -0.4315746 0
-0.3723618 -0.4811288 -0.7936385 0
-0.9033556 -0.008206412 0.4288141 0
0.2603261 0.4857943 -0.3455492 1

-0.2130077 0.8795382 -0.4254887 0
-0.2066827 -0.46619 -0.8602034 0
-0.9549398 -0.09528869 0.2810874 0
0.2682804 0.473512 -0.3346009 1

-0.1971617 0.5887916 -0.7838699 0
0.2987419 -0.7254553 -0.6200552 0
-0.9337454 -0.3564259 -0.0328649 0
0.2422126 0.4761225 -0.2809886 1

-0.613387 -0.5147799 0.5989645 0
0.03715357 -0.7763599 -0.6291942 0
0.7889084 -0.3636857 0.4953347 0
-0.2170473 0.4483664 -0.3682247 1

-0.6003076 -0.5481321 0.5823939 0
0.00647077 -0.7315074 -0.6818034 0
0.7997429 -0.4055231 0.442676 0
-0.2268783 0.4309113 -0.3704563 1

-0.5920439 -0.5744251 0.5652612 0
-0.02148295 -0.6899004 -0.7235857 0
0.8056194 -0.440538 0.3961109 0
-0.2436924 0.4199043 -0.3715312 1

-0.58621 -0.5804612 0.5651751 0
-0.09159042 -0.6456549 -0.7581171 0
0.8049654 -0.4961804 0.3253246 0
-0.2523467 0.4151601 -0.3546989 1

-0.5445224 -0.2410716 0.8033556 0
-0.4297398 -0.7423479 -0.5140463 0
0.7202911 -0.6251436 0.300627 0
-0.2344459 0.4267387 -0.3051928 1

-0.2764426 0.8445504 -0.4586007 0
-0.6007704 -0.5243288 -0.6034522 0
-0.7501031 0.1086939 0.6523278 0
0.2356923 0.5045104 -0.3638988 1

-0.2589052 0.8312873 -0.4918638 0
-0.4080055 -0.5556882 -0.7243912 0
-0.8754997 0.01313452 0.4830405 0
0.2415989 0.4852456 -0.3687074 1

-0.2138387 0.8750648 -0.4342062 0
-0.3573703 -0.4837525 -0.7989185 0
-0.9091533 -0.01566716 0.416167 0
0.2484509 0.470451 -0.3708596 1

-0.212005 0.8814266 -0.4220683 0
-0.2554735 -0.4668536 -0.8466296 0
-0.9432855 -0.07166244 0.3241561 0
0.2624783 0.4605001 -0.3587236 1

-0.1476074 0.3370779 -0.9298338 0
0.358206 -0.8580877 -0.367933 0
-0.9219007 -0.3873814 0.005916685 0
0.2512493 0.454235 -0.3003663 1

0.993445 -0.104017 0.04740737 0
0.06244079 0.8411732 0.5371488 0
-0.0957504 -0.5306677 0.8421543 0
-0.02128972 0.7123423 -0.171597 1

0.9978261 -0.04328022 0.04969892 0
0.002310168 0.7766338 0.6299482 0
-0.06586215 -0.6284639 0.7750454 0
-0.01773391 0.760002 -0.14154 1

-0.9993196 0.02932872 0.0223745 0
0.01554172 -0.2153412 0.9764153 0
0.03345516 0.9760986 0.2147385 0
-0.09213468 0.6474365 -0.225861 1

-0.9989581 -0.04070959 0.02063043 0
0.0289823 -0.2166722 0.9758142 0
-0.03525496 0.9753954 0.2176263 0
0.03940099 0.6336643 -0.2195841 1

0.9968753 -0.0337666 0.07140961 0
-0.02233997 0.7465982 0.6649001 0
-0.0757657 -0.6644179 0.743511 0
-0.01758175 0.8111572 -0.1000466 1

-0.9994796 0.002436131 -0.03217349 0
0.006342814 -0.9628543 -0.2699474 0
-0.03163602 -0.2700112 0.9623376 0
-0.09020135 0.5704863 0.1277298 1

-0.9993801 -0.01452117 -0.03207147 0
0.0232164 -0.956655 -0.2902979 0
-0.02646585 -0.2908625 0.956399 0
0.05343025 0.5602548 0.1345065 1

0.9958075 -0.05484533 0.07320765 0
-0.006220078 0.7578648 0.652382 0
-0.09126162 -0.6501024 0.7543464 0
-0.01926345 0.8673593 -0.04999455 1

-0.9984248 0.02688641 -0.04924921 0
-0.05418402 -0.6899996 0.7217791 0
-0.01457588 0.7233105 0.6903691 0
-0.08726697 0.1250404 0.002843849 1

-0.9939549 0.003779918 -0.1097244 0
-0.08845257 -0.6196031 0.7799158 0
-0.06503754 0.7849066 0.6161919 0
0.06416862 0.1177698 0.0002339184 1

0.9927548 -0.1159636 0.03147096 0
0.05071659 0.6418355 0.7651635 0
-0.1089303 -0.7580237 0.6430665 0
-0.01979021 0.9315407 0.005253844 1

0.1789494 -0.5326343 0.8272109 0
-0.8039272 -0.5638487 -0.1891449 0
0.5671668 -0.63117 -0.5290995 0
-0.05370783 0.9249979 -0.004718799 1

-0.9961873 -0.01265603 -0.08632067 0
-0.08623356 -0.007276217 0.9962485 0
-0.01323665 0.9998937 0.006156988 0
-0.09613614 0.01209706 0.120989 1

0.1673183 0.6185433 -0.7677297 0
0.8590707 -0.4735455 -0.1943002 0
-0.4837381 -0.6270239 -0.610605 0
0.01427903 0.9211081 0.0004465319 1

-0.9959904 0.04518759 -0.07720898 0
-0.0773636 -0.001680155 0.9970016 0
0.04492237 0.9989774 0.005169326 0
0.04925251 0.01328367 0.1317543 1

0.9945254 -0.05109663 0.09115236 0
-0.002358919 0.8610966 0.508436 0
-0.1044703 -0.5058675 0.8562617 0
-0.01548532 0.9788289 0.04370232 1

0.5079376 -0.01853207 0.8611944 0
-0.147682 -0.9868391 0.06586798 0
0.8486397 -0.1606399 -0.5039895 0
-0.1115076 0.884459 -0.01831773 1

0.5661218 0.1305159 -0.8139237 0
0.2116798 -0.9772933 -0.009479766 0
-0.7966792 -0.1669245 -0.5808946 0
0.07604346 0.8870617 -0.01352303 1

0.2091565 0.1610605 0.9645274 0
-0.08687885 -0.9793823 0.1823806 0
0.9740152 -0.1219432 -0.1908513 0
-0.147252 0.6456087 -0.002375282 1

0.4797677 -0.00545615 -0.8773786 0
0.1484444 -0.9850603 0.08729823 0
-0.864747 -0.1721247 -0.47179 0
0.1272757 0.6505301 -0.01581733 1

-0.1169453 -0.1733667 0.9778894 0
-0.2665595 -0.9430371 -0.1990655 0
0.9566974 -0.2839456 0.06407131 0
-0.1660135 0.43411 0.03700999 1

0.279591 0.4473322 -0.8495427 0
0.4052384 -0.8571356 -0.3179632 0
-0.8704083 -0.2553676 -0.4209236 0
0.1593333 0.4377999 0.003035273 1

-0.1084183 -0.07665612 0.9911454 0
0.01799113 -0.9970105 -0.0751418 0
0.9939425 0.009685054 0.1094734 0
-0.1824407 0.3689355 -0.002055831 1

-0.07715395 -0.07880717 0.9938997 0
-0.1101542 -0.9900947 -0.08705636 0
0.9909154 -0.116199 0.0677089 0
-0.1876594 0.3633558 0.03031342 1

-0.08826028 -0.08647533 0.9923365 0
0.009393465 -0.9962526 -0.08598139 0
0.9960531 0.0017327 0.08874193 0
-0.1841456 0.3642936 0.01338569 1

-0.06400318 0.2139157 0.9747531 0
-0.04525547 -0.9763732 0.2112995 0
0.9969231 -0.03058907 0.07217189 0
-0.1635277 0.4074612 0.05452048 1

-0.06882983 -0.07411036 0.994872 0
-0.07852058 -0.993741 -0.07945848 0
0.9945335 -0.08358702 0.06257991 0
-0.1874696 0.3625755 0.04795118 1

0.3549076 0.444485 -0.8224804 0
-0.03913885 -0.8719157 -0.4880895 0
-0.9340818 0.2054177 -0.292053 0
0.1873856 0.372089 -0.01249113 1

0.3137167 0.3876607 -0.8667765 0
-0.1326753 -0.8860084 -0.4442819 0
-0.9402017 0.2543786 -0.2265228 0
0.1926157 0.3780334 -0.02907999 1

0.3040342 0.4553061 -0.8368154 0
-0.1102359 -0.8556831 -0.505623 0
-0.9462619 0.2459739 -0.2099659 0
0.1954579 0.3845963 -0.04154979 1

0.3488508 0.4426759 -0.8260396 0
0.1346738 -0.8959423 -0.4232618 0
-0.9274514 0.03640942 -0.3721672 0
0.1806051 0.3653167 0.002085686 1

0.3592401 -0.03486716 -0.9325938 0
