MeshAnim
1
31
52
30
0.4037632 0.001912018 -0.9148616 0
0.07453837 0.9966044 0.03497948 0
0.911822 -0.08231571 0.4022498 0
0.01038236 1.001825 0.001573371 1

0.5169835 -0.008608295 -0.8559521 0
0.1570651 0.9839261 0.08496987 0
0.8414622 -0.1783682 0.5100257 0
0.01429945 1.058117 0.003419777 1

-0.4282236 0.06241474 0.9015149 0
0.4675138 -0.83843 0.2801183 0
0.7733405 0.5414239 0.3298557 0
-0.02699693 0.9141973 0.05725596 1

-0.3329458 0.04413783 0.9419124 0
0.1556998 -0.9826189 0.1010819 0
0.9300025 0.1803103 0.3202866 0
0.02646277 0.9144505 -0.06387497 1

0.585224 -0.02286199 -0.8105493 0
0.2144713 0.9683678 0.127537 0
0.7819942 -0.2484773 0.5716155 0
0.02464499 1.122926 0.009016564 1

-0.4026662 0.02046866 0.9151183 0
-0.3741722 -0.9160872 -0.1441512 0
0.8353773 -0.4004565 0.3765361 0
0.1412629 0.6115204 0.1622646 1

-0.2809471 0.09837686 0.9546678 0
-0.2742804 -0.9614744 0.01836088 0
0.9196951 -0.2566882 0.2971063 0
0.08865421 0.559631 -0.02921549 1

0.648558 -0.04334178 -0.7599301 0
0.2668136 0.9479759 0.1736438 0
0.7128695 -0.3153778 0.6263815 0
0.04078987 1.195822 0.01861723 1

-0.3423931 -0.04210226 0.9386132 0
0.4442185 -0.8875409 0.1222334 0
0.827911 0.4588012 0.3225904 0
-0.03184061 0.1877103 0.09557586 1

-0.3816954 -0.02390096 0.923979 0
0.7338692 -0.6155732 0.2872379 0
0.5619115 0.787717 0.2525017 0
-0.03820966 0.1149169 -0.02072295 1

0.7011682 -0.1123138 -0.7040942 0
0.3522719 0.9131367 0.2051488 0
0.6198933 -0.3918764 0.6798274 0
0.06338556 1.276103 0.03332263 1

0.6786587 -0.3282149 0.657037 0
-0.733179 -0.3554395 0.5797511 0
0.04325372 -0.8751788 -0.4818624 0
0.03811286 1.26697 0.05720863 1

-0.3856475 -0.06691647 0.9202166 0
0.8900744 -0.2896498 0.3519526 0
0.242989 0.9547909 0.1712633 0
0.04087181 0.04243213 0.1155838 1

-0.6452034 0.2621028 -0.7176455 0
0.5346725 -0.5160648 -0.6691805 0
-0.5457457 -0.8154628 0.1928274 0
0.08256204 1.26394 0.005448503 1

-0.3535439 0.01586886 0.9352832 0
0.9289635 0.1232091 0.3490646 0
-0.1096962 0.9922537 -0.05830143 0
0.08554573 0.01111025 0.02771515 1

0.9767827 -0.1475269 -0.155343 0
0.1730848 0.9707413 0.1664425 0
0.1262432 -0.1894657 0.9737378 0
0.07733368 1.335423 0.03775038 1

0.8837443 -0.2660434 0.3849896 0
-0.3223212 -0.942475 0.08860005 0
0.3392716 -0.20239 -0.9186584 0
-0.01460037 1.241415 0.09889088 1

-0.2856887 0.08408791 -0.9546261 0
0.2147479 -0.965193 -0.1492859 0
-0.9339516 -0.2476533 0.2576867 0
0.1210033 1.226836 -0.04266345 1

0.941075 0.2199661 0.2568904 0
0.1507779 -0.952803 0.2635011 0
0.3027272 -0.2092407 -0.9298251 0
-0.09261363 1.013303 0.1203353 1

-0.1006984 -0.09502725 -0.9903685 0
0.252567 -0.9652614 0.06693754 0
-0.9623253 -0.2433938 0.1212009 0
0.1729782 0.9932333 -0.07879467 1

0.9311481 0.329106 0.1570113 0
0.2526857 -0.8928176 0.3728628 0
0.2628939 -0.3075159 -0.914506 0
-0.06005292 0.8075438 0.1772386 1

-0.1282531 0.09594012 -0.9870901 0
0.5516815 -0.8201988 -0.1513995 0
-0.8241354 -0.5639767 0.05226457 0
0.2275217 0.7847787 -0.06433905 1

0.9243846 0.3544574 0.140973 0
0.3682701 -0.9255877 -0.08754775 0
0.0994508 0.1328441 -0.986135 0
-0.06463718 0.7335068 0.2005027 1

0.9114038 0.4028969 0.08377135 0
0.411485 -0.8898591 -0.1970555 0
-0.00484851 0.214068 -0.9768068 0
-0.03399199 0.7446668 0.2070189 1

0.9228669 0.3667662 0.117471 0
0.3816819 -0.9117045 -0.1520326 0
0.05133837 0.1851425 -0.98137 0
-0.04901975 0.7370293 0.2030683 1

0.7526352 0.6570861 -0.04217258 0
0.6548035 -0.7536642 -0.05677101 0
-0.06908748 0.01511322 -0.9974961 0
-0.03186599 0.7924673 0.1783097 1

0.8488953 0.5204491 0.0922471 0
0.5142419 -0.853571 0.08349815 0
0.122196 -0.02344364 -0.9922293 0
-0.01813729 0.7524318 0.2072889 1

-0.04448202 0.0491043 -0.9978027 0
0.07511061 -0.9958001 -0.05235444 0
-0.9961828 -0.07727448 0.04060704 0
0.2695689 0.7250283 -0.06713939 1

-0.08524656 0.1141612 -0.9897979 0
0.03066302 -0.9926433 -0.1171304 0
-0.9958882 -0.04033526 0.08111885 0
0.2677492 0.7243757 -0.0854189 1

-0.105841 0.07626278 -0.9914544 0
-0.01945065 -0.997023 -0.07461487 0
-0.994193 0.0113872 0.1070093 0
0.2647257 0.7255473 -0.09942361 1

-0.02653474 -0.03098049 -0.9991678 0
0.1911561 -0.9812324 0.02534778 0
-0.9812013 -0.1903245 0.03195879 0
0.2696859 0.7238184 -0.04973692 1

0.1390347 -0.2851495 -0.9483455 0
0.1325103 -0.9436778 0.3031727 0
-0.9813821 -0.1678171 -0.09341872 0
0.2323991 0.7585641 -0.04558359 1

0.9229473 0.3577006 0.1421918 0
0.3814009 -0.799935 -0.4632898 0
-0.05197465 0.4818242 -0.8747252 0
-0.05550825 0.7105486 0.1983306 1

0.919072 0.3749686 0.1212656 0
0.3600374 -0.6737928 -0.6452724 0
-0.1602489 0.6367119 -0.7542668 0
-0.03812037 0.7111049 0.1987477 1

0.9088849 0.407973 0.08652681 0
0.3743938 -0.706769 -0.6002558 0
-0.1837335 0.5779585 -0.795114 0
-0.02006827 0.7146012 0.2003608 1

0.8465809 0.5240774 0.09297132 0
0.5128416 -0.7564044 -0.4060121 0
-0.1424578 0.3914019 -0.9091265 0
-0.002704747 0.7268268 0.2097945 1

0.8761939 0.4819466 -0.003432035 0
0.4815865 -0.8757751 -0.03305036 0
-0.01893419 0.02730573 -0.9994479 0
-0.01203544 0.7763793 0.1766925 1

-0.08629683 0.1075767 -0.9904444 0
-0.3647543 -0.9285385 -0.06907219 0
-0.9270964 0.3553083 0.119369 0
0.2686139 0.6964259 -0.08870192 1

-0.1086909 0.06672616 -0.9918337 0
-0.422924 -0.9060476 -0.01460862 0
-0.8996232 0.4178825 0.1266991 0
0.2642487 0.7011275 -0.1012582 1

-0.04473013 0.04204054 -0.998114 0
-0.2458501 -0.9688501 -0.02979045 0
-0.9682754 0.244054 0.05367237 0
0.27206 0.6920519 -0.06878024 1

-0.02633792 -0.03539685 -0.9990261 0
-0.01774105 -0.9991993 0.03587046 0
-0.9994958 0.01866843 0.02568874 0
0.2753235 0.6948781 -0.04899935 1

0.07869014 -0.1992792 -0.9767784 0
0.158073 -0.9649266 0.2095956 0
-0.9842874 -0.1708953 -0.04442966 0
0.2351968 0.7355517 -0.03363482 1

0.9223351 0.3588896 0.1431656 0
0.3270884 -0.5279568 -0.7837569 0
-0.2056965 0.7697143 -0.6043417 0
-0.04807947 0.6949362 0.1892894 1

0.9162394 0.3790702 0.1296598 0
0.2200185 -0.2056324 -0.9535762 0
-0.33481 0.9022315 -0.2718111 0
-0.02847458 0.6930376 0.181447 1

0.9087638 0.408158 0.08692315 0
0.2815086 -0.4458226 -0.849703 0
-0.3080608 0.7966488 -0.5200473 0
-0.008172374 0.6920271 0.1812031 1

0.8454103 0.5257208 0.09433645 0
0.4431454 -0.5917937 -0.6733516 0
-0.2981671 0.6110631 -0.7332791 0
0.01138712 0.7060339 0.1986345 1

0.8530842 0.5193464 0.05027041 0
0.5205945 -0.8536699 -0.01513228 0
0.0350554 0.03907961 -0.9986212 0
0.002481442 0.7489403 0.175668 1

-0.1069121 0.06900148 -0.9918713 0
-0.6543828 -0.7559505 0.01794547 0
-0.7485673 0.6509822 0.1259739 0
0.2559268 0.6833184 -0.1016089 1

-0.0893718 0.1027097 -0.9906883 0
-0.6555745 -0.7548887 -0.01912272 0
-0.7498236 0.6477609 0.1347996 0
0.2586353 0.6710241 -0.09059221 1

-0.04692888 0.03647172 -0.9982322 0
-0.4277306 -0.9038142 -0.01291376 0
-0.9026875 0.4263684 0.05801523 0
0.2642196 0.6611542 -0.06973083 1

-0.02597612 -0.03361282 -0.9990973 0
-0.2301358 -0.9723892 0.03869753 0
-0.9728121 0.2309332 0.01752326 0
0.274825 0.6668829 -0.0480497 1

0.05617538 -0.3710443 -0.9269147 0
0.1590582 -0.9131982 0.375193 0
-0.9856701 -0.16851 0.007718205 0
0.2400737 0.7059278 -0.02773114 1

0.3713458 -0.01031341 -0.9284374 0
0.08815598 0.9958127 0.02419779 0
0.9243002 -0.09083305 0.3707001 0
0.006502066 1.000082 0.003835781 1

0.5088521 -0.008135675 -0.8608156 0
0.1616433 0.983072 0.08626072 0
0.8455419 -0.183039 0.5015533 0
0.01118398 1.056332 0.005083555 1

-0.3892689 0.02349646 0.9208245 0
0.4897062 -0.8414161 0.2284884 0
0.7801651 0.5398768 0.3160307 0
-0.02998758 0.9133719 0.0615088 1

-0.2937986 0.05654084 0.9541937 0
0.07381426 -0.9939261 0.08162279 0
0.9530131 0.09441376 0.2878406 0
0.01917993 0.9120063 -0.06141962 1

0.5844897 -0.01613301 -0.8112407 0
0.2126212 0.967911 0.1339424 0
0.7830479 -0.2507749 0.5691643 0
0.02183108 1.121085 0.01076537 1

-0.389062 -0.01786762 0.9210384 0
-0.173943 -0.9804022 -0.09249566 0
0.9046406 -0.1961947 0.3783292 0
0.1464536 0.6094682 0.1478948 1

-0.2537161 0.110136 0.9609883 0
-0.3076464 -0.9510951 0.02777866 0
0.9170507 -0.2885966 0.2751911 0
0.05171052 0.5526232 -0.03400787 1

0.6550179 -0.03071883 -0.7549887 0
0.2575902 0.9483995 0.1848935 0
0.7103512 -0.3155862 0.6291316 0
0.03783669 1.193947 0.02084823 1

-0.3328304 -0.07860342 0.939705 0
0.661679 -0.7294755 0.1733391 0
0.6718668 0.6794757 0.2948019 0
0.0659823 0.155904 0.1051035 1

-0.3787252 -0.02619985 0.9251384 0
0.7350816 -0.6158688 0.2834799 0
0.5623368 0.7874129 0.2525041 0
-0.09058625 0.1127098 -0.02115928 1

0.7082767 -0.09878595 -0.698989 0
0.3426373 0.9138144 0.2180434 0
0.6172066 -0.3939347 0.6810813 0
0.05965127 1.274264 0.03650633 1

0.6578539 -0.3363844 0.6738503 0
-0.751187 -0.3575475 0.5548679 0
0.05428439 -0.8712092 -0.4879016 0
0.03426223 1.264695 0.06009651 1

-0.3678528 -0.1151351 0.9227288 0
0.929804 -0.03250793 0.3666171 0
-0.01221455 0.9928178 0.1190111 0
0.17429 0.03649913 0.1334766 1

-0.6341148 0.2586671 -0.7286906 0
0.55444 -0.5047762 -0.661663 0
-0.5389761 -0.8235853 0.1766704 0
0.07915202 1.262526 0.008674458 1

-0.3504324 0.01369208 0.936488 0
0.9309505 0.1146368 0.3466842 0
-0.1026092 0.9933131 -0.0529191 0
0.03337356 0.008853421 0.02664509 1

0.9782659 -0.1430251 -0.1501331 0
0.1689886 0.9694976 0.1775311 0
0.1201623 -0.1990433 0.9725959 0
0.07305257 1.333648 0.0416931 1

0.8547763 -0.3100756 0.4161861 0
-0.3667177 -0.9282936 0.06155968 0
0.3672545 -0.2052425 -0.9071935 0
-0.01974572 1.238989 0.09998975 1

-0.2593493 0.06064934 -0.9638774 0
0.2657571 -0.9550158 -0.1315989 0
-0.9284998 -0.2902871 0.2315646 0
0.1190145 1.226235 -0.03889699 1

0.9429224 0.1245383 0.3088496 0
0.051072 -0.970548 0.2354327 0
0.3290735 -0.2062211 -0.9215118 0
-0.1085045 1.014308 0.1148894 1

-0.07114497 -0.1586322 -0.9847713 0
0.3018808 -0.9443967 0.1303189 0
-0.9506876 -0.2880118 0.115077 0
0.183335 0.9950948 -0.07074745 1

0.9562174 0.1710708 0.2374523 0
0.08982614 -0.9437603 0.3181953 0
0.2785318 -0.2829342 -0.9178065 0
-0.09747536 0.8047174 0.1657313 1

-0.1185636 0.003629567 -0.9929399 0
0.6108612 -0.788099 -0.07582179 0
-0.7828103 -0.6155379 0.09122252 0
0.2485281 0.7911462 -0.04260422 1

0.9533644 0.2024444 0.2238592 0
0.2361851 -0.9621836 -0.1357191 0
0.1879182 0.182262 -0.965126 0
-0.1146708 0.7308852 0.1829605 1

0.9530953 0.2513559 0.1686118 0
0.287471 -0.9260765 -0.2444233 0
0.09471014 0.2814297 -0.9548968 0
-0.08324738 0.7367502 0.1921427 1

0.9560484 0.2136303 0.2008327 0
0.2541219 -0.9453935 -0.2040915 0
0.1462658 0.2461575 -0.9581304 0
-0.09892529 0.7317899 0.1867231 1

0.8431277 0.5350473 0.05348489 0
0.5376903 -0.8398384 -0.07457136 0
0.005019426 0.09163157 -0.9957805 0
-0.07199477 0.7854539 0.1673446 1

0.9089472 0.3750284 0.1821237 0
0.3754297 -0.9262414 0.03360811 0
0.1812945 0.03782675 -0.9827014 0
-0.06647331 0.7419531 0.1939587 1

-0.03146437 -0.04418787 -0.9985276 0
0.1584622 -0.9866077 0.03866686 0
-0.9868639 -0.1570121 0.03804529 0
0.294747 0.7345557 -0.0399095 1

-0.07703429 0.02270878 -0.9967699 0
0.1160657 -0.9927392 -0.03158709 0
-0.9902499 -0.1181239 0.07383919 0
0.2932775 0.7322484 -0.05808625 1

-0.09405041 -0.0206399 -0.9953536 0
0.06021549 -0.9980726 0.01500644 0
-0.993745 -0.05852413 0.09511191 0
0.2904082 0.7320249 -0.07217038 1

-0.00747937 -0.1243475 -0.9922105 0
0.2784623 -0.9532494 0.1173655 0
-0.9604185 -0.2754152 0.04175571 0
0.2946646 0.7348158 -0.0224667 1

0.1744068 -0.35264 -0.9193626 0
0.1941194 -0.9030359 0.3832026 0
-0.96535 -0.2452992 -0.08904132 0
0.2549448 0.7670102 -0.02165075 1

0.9523262 0.2057778 0.2252345 0
0.2941911 -0.8149123 -0.4993693 0
0.08078715 0.5418246 -0.8366005 0
-0.1088179 0.7070202 0.1795931 1

0.9532381 0.2220105 0.2050588 0
0.3019691 -0.6719465 -0.6762419 0
-0.01234418 0.7065408 -0.7075652 0
-0.0916539 0.7049003 0.1809249 1

0.9511689 0.2565565 0.1716299 0
0.3059669 -0.7102086 -0.6340255 0
-0.04077029 0.6555782 -0.7540262 0
-0.07351411 0.7054574 0.1838854 1

0.9071558 0.3788969 0.1830466 0
0.4201336 -0.7911571 -0.4444755 0
-0.02359173 0.4801124 -0.8768898 0
-0.05520497 0.7141671 0.1949681 1

0.9383788 0.3348258 0.08566049 0
0.3409508 -0.9374028 -0.0709139 0
0.05655453 0.09575016 -0.9937979 0
-0.05471551 0.7666544 0.1657018 1

-0.07751763 0.01602137 -0.9968624 0
-0.284548 -0.9586383 0.006719664 0
-0.9555229 0.2841761 0.07887033 0
0.2965466 0.7042974 -0.05896074 1

-0.09613839 -0.03037426 -0.9949045 0
-0.3504647 -0.9344954 0.0623955 0
-0.9316288 0.3546776 0.07919601 0
0.2918823 0.7075787 -0.07180984 1

-0.03111824 -0.05123891 -0.9982017 0
-0.1633742 -0.9849933 0.05565381 0
-0.9860736 0.1648123 0.0222801 0
0.2999967 0.7018923 -0.03853654 1

-0.006887197 -0.128696 -0.9916602 0
0.07189512 -0.989181 0.1278748 0
-0.9973887 -0.07041474 0.01606536 0
0.3028773 0.7066999 -0.0190152 1

0.1100615 -0.2801651 -0.9536218 0
0.2215885 -0.928386 0.2983255 0
-0.9689095 -0.2441454 -0.04009795 0
0.2591714 0.7453384 -0.00777138 1

0.9518237 0.2069767 0.2262577 0
0.3027462 -0.5169787 -0.8006736 0
-0.04875018 0.8305988 -0.554734 0
-0.1030911 0.6911176 0.1698469 1

0.950456 0.225874 0.2135763 0
0.2538255 -0.1672644 -0.9526783 0
-0.1794613 0.9596896 -0.2163101 0
-0.08356518 0.6868836 0.1627933 1

0.9510458 0.2567361 0.1720433 0
0.270003 -0.4193823 -0.8667279 0
-0.1503682 0.87075 -0.4681712 0
-0.06380376 0.6827822 0.1636455 1

0.9061565 0.3805846 0.1844884 0
0.3931419 -0.5971134 -0.6992105 0
-0.155948 0.7061242 -0.6907022 0
-0.04366153 0.6924196 0.1827505 1

0.9172674 0.3726173 0.1406316 0
0.3823438 -0.9227206 -0.04899222 0
0.1115083 0.09870856 -0.9888494 0
-0.04459725 0.7373752 0.1634567 1

-0.09454435 -0.02798095 -0.9951274 0
-0.5936762 -0.8008245 0.07892102 0
-0.7991313 0.598245 0.05910206 0
0.2849859 0.6892041 -0.07064681 1

-0.08017415 0.01090216 -0.9967213 0
-0.5900739 -0.8064241 0.03864342 0
-0.803359 0.5912374 0.07108775 0
0.2887622 0.678072 -0.05877749 1

-0.03284106 -0.05696247 -0.9978361 0
-0.3503194 -0.9343814 0.0648697 0
-0.9360547 0.3516917 0.0107311 0
0.2947865 0.6704797 -0.0367621 1

-0.006686538 -0.1269005 -0.9918931 0
-0.14207 -0.9817328 0.1265582 0
-0.9898342 0.1417647 -0.01146418 0
0.3048911 0.6789802 -0.0154876 1

0.09432459 -0.4295595 -0.8980991 0
0.2191115 -0.8710425 0.4396309 0
-0.97113 -0.2382516 0.01196074 0
0.2660078 0.7167903 0.000858739 1

0.3298974 -0.005116731 -0.9440029 0
0.09633192 0.9949477 0.02827192 0
0.9390888 -0.1002645 0.3287235 0
0.003701754 0.9931703 0.00723473 1

0.4994349 -0.01055491 -0.8662871 0
0.1661961 0.9825217 0.08384486 0
0.8502609 -0.1858486 0.4924599 0
0.008840535 1.049374 0.008725921 1

-0.3455012 -0.005491313 0.9384023 0
0.4831734 -0.8582883 0.1728724 0
0.8044703 0.5131386 0.2991928 0
-0.03083092 0.9062344 0.06576671 1

-0.2436227 0.06221606 0.9678725 0
0.007584075 -0.9977876 0.06604802 0
0.9698404 0.02343122 0.2426119 0
0.01284867 0.9055569 -0.05922263 1

0.5824571 -0.01756376 -0.8126717 0
0.2118391 0.9684989 0.1308975 0
0.7847726 -0.2483979 0.5678297 0
0.01978752 1.114091 0.01424861 1

-0.3545848 -0.04638932 0.9338726 0
0.05344224 -0.9981414 -0.02929018 0
0.9334953 0.03952231 0.3564047 0
0.1434308 0.596094 0.1320785 1

-0.2202359 0.1227473 0.9676928 0
-0.358101 -0.9329557 0.03684133 0
0.9073366 -0.3384179 0.2494262 0
0.02131137 0.5444033 -0.03772174 1

0.6597317 -0.0309579 -0.7508631 0
0.2508144 0.9509315 0.1811667 0
0.7084109 -0.3078488 0.6351244 0
0.03573425 1.186997 0.02410225 1

-0.2833062 -0.1176262 0.9517887 0
0.8356546 -0.5172274 0.1848169 0
0.4705518 0.8477263 0.2448286 0
0.1681548 0.134323 0.1185279 1

-0.38186 -0.03399914 0.9235945 0
0.7348691 -0.6172066 0.2811111 0
0.560491 0.7860662 0.2606715 0
-0.1443223 0.11288 -0.02068136 1

0.7146509 -0.09378907 -0.693165 0
0.3320122 0.917707 0.2181327 0
0.6156639 -0.3860281 0.6869792 0
0.05697502 1.267529 0.03944475 1

0.6382248 -0.3355556 0.6928719 0
-0.7672589 -0.3510271 0.5367435 0
0.06310958 -0.8741752 -0.4814922 0
0.0315016 1.257938 0.06293495 1

-0.3076149 -0.1630355 0.9374394 0
0.9118361 0.2310161 0.3393907 0
-0.2718964 0.959193 0.0775977 0
0.3049397 0.0496602 0.1487799 1

-0.623022 0.2452483 -0.7427633 0
0.5716159 -0.5054495 -0.6463562 0
-0.5339471 -0.8272693 0.1747181 0
0.07671289 1.255755 0.01179597 1

-0.3535551 0.005942851 0.9353948 0
0.9303273 0.1063733 0.3509639 0
-0.09741539 0.9943084 -0.0431376 0
-0.02039832 0.008797934 0.02672353 1

0.9817638 -0.1294035 -0.1392645 0
0.1533017 0.9721191 0.1774347 0
0.1124211 -0.1955484 0.9742291 0
0.06975681 1.327055 0.04456852 1

0.8169315 -0.3603109 0.450332 0
-0.419638 -0.9069945 0.03556377 0
0.3956347 -0.2180296 -0.8921524 0
-0.02366188 1.2327 0.1015251 1

-0.2293438 0.03841697 -0.9725872 0
0.3106563 -0.9440724 -0.1105459 0
-0.9224395 -0.3274933 0.2045824 0
0.1178103 1.219415 -0.03467498 1

0.936417 0.03229477 0.3493995 0
-0.04514896 -0.9763888 0.2112498 0
0.347972 -0.2135928 -0.9128489 0
-0.1252293 1.013175 0.1101328 1

-0.02715212 -0.2180728 -0.9755548 0
0.3375236 -0.9206017 0.1963945 0
-0.9409255 -0.3239404 0.09860086 0
0.1929976 0.9909235 -0.06143006 1

0.9562229 0.007249543 0.2925494 0
-0.07163025 -0.9634846 0.2580051 0
0.2837373 -0.2676657 -0.9207866 0
-0.1349792 0.802323 0.1557524 1

-0.09351018 -0.07934465 -0.9924517 0
0.6587219 -0.7523845 -0.001913935 0
-0.7465534 -0.6539284 0.1226215 0
0.265888 0.7921135 -0.01901732 1

0.9578949 0.0474479 0.2831705 0
0.1054602 -0.9754556 -0.1932984 0
0.2670487 0.2150228 -0.9393879 0
-0.1640592 0.7311357 0.1671732 1

0.9693289 0.09076072 0.2283936 0
0.1596109 -0.9391398 -0.3042051 0
0.1868839 0.3313291 -0.9248218 0
-0.1326765 0.7315322 0.1781777 1

0.9641504 0.0543117 0.2597387 0
0.1250917 -0.9562708 -0.2643828 0
0.2340214 0.287396 -0.9287826 0
-0.148594 0.7293778 0.1717153 1

0.9098644 0.3945524 0.1283559 0
0.4081267 -0.906788 -0.1056793 0
0.07469571 0.1485394 -0.9860814 0
-0.1128286 0.7793002 0.1572517 1

0.9437724 0.2184857 0.2481075 0
0.2349003 -0.9712676 -0.03822675 0
0.2326268 0.09435803 -0.9679779 0
-0.115438 0.7339703 0.1811158 1

-0.003094465 -0.1259068 -0.9920373 0
0.2205543 -0.9676987 0.1221297 0
-0.97537 -0.2184201 0.03076369 0
0.3153335 0.7388529 -0.01099351 1

-0.0529063 -0.06019398 -0.9967837 0
0.1825759 -0.9819398 0.04960687 0
-0.9817675 -0.1793642 0.06294069 0
0.3144636 0.7350815 -0.02896287 1

-0.06635687 -0.1096308 -0.9917551 0
0.1234473 -0.9872116 0.1008687 0
-0.9901304 -0.1157361 0.07904181 0
0.3119685 0.733609 -0.04304305 1

0.02543923 -0.202287 -0.9789958 0
0.3354239 -0.9208136 0.198981 0
-0.9417241 -0.3334404 0.04442683 0
0.3147962 0.7404355 0.006371174 1

0.2183428 -0.4102148 -0.8854663 0
0.2381856 -0.8575156 0.4559989 0
-0.9463586 -0.3104692 -0.08952513 0
0.27321 0.7700861 0.003872443 1

0.9572598 0.05080286 0.2847331 0
0.2045962 -0.8147821 -0.5424671 0
0.2044365 0.5775373 -0.790352 0
-0.1614486 0.7069424 0.1623775 1

0.962357 0.06269775 0.2644574 0
0.2384948 -0.661444 -0.7110637 0
0.1303417 0.7473693 -0.6514984 0
-0.1449934 0.702172 0.1642043 1

0.968033 0.09597067 0.2317363 0
0.2310922 -0.7004396 -0.6752634 0
0.09751177 0.7072298 -0.7002267 0
-0.1272639 0.6997952 0.1679012 1

0.9425205 0.2224803 0.2493145 0
0.3219627 -0.8043144 -0.499418 0
0.0894165 0.5509816 -0.8297132 0
-0.1083855 0.7048324 0.1799704 1

0.9730675 0.1744549 0.1506815 0
0.1929529 -0.974048 -0.1183207 0
0.1261294 0.1442086 -0.9814759 0
-0.09851946 0.7581924 0.1551561 1

-0.0529407 -0.0668827 -0.9963554 0
-0.2200648 -0.9724441 0.07697038 0
-0.974048 0.2233378 0.03676337 0
0.3196048 0.7074358 -0.02755127 1

-0.06782421 -0.1193998 -0.9905271 0
-0.2908875 -0.9473118 0.1341082 0
-0.9543505 0.2972278 0.02951878 0
0.3149917 0.7094281 -0.04057949 1

-0.002303064 -0.1328657 -0.9911315 0
-0.1006512 -0.9860701 0.132421 0
-0.9949194 0.1000636 -0.0111022 0
0.3226365 0.7068232 -0.00685757 1

0.02629244 -0.2065307 -0.9780868 0
0.1313583 -0.9692276 0.208191 0
-0.9909866 -0.1339536 0.001646042 0
0.3246892 0.7132756 0.01222992 1

0.1545617 -0.3576372 -0.9209812 0
0.266278 -0.8826094 0.387424 0
-0.9514239 -0.3051179 -0.04118687 0
0.2783771 0.7498367 0.01947485 1

0.9568731 0.0519929 0.2858153 0
0.2724188 -0.5023251 -0.8206446 0
0.1009045 0.8631142 -0.4948253 0
-0.15747 0.6910446 0.1517895 1

0.9596955 0.0663387 0.2730999 0
0.2798998 -0.1381022 -0.9500442 0
-0.02530913 0.9881938 -0.1511043 0
-0.1386065 0.684438 0.1451385 1

0.9679128 0.09614199 0.2321666 0
0.2512268 -0.390278 -0.8857584 0
0.00545086 0.9156635 -0.4019088 0
-0.1199436 0.6774402 0.1463422 1

0.9417095 0.2241664 0.2508638 0
0.3359747 -0.5879754 -0.7358025 0
-0.01744059 0.7771965 -0.6290163 0
-0.09954053 0.6827242 0.1662424 1

0.9548744 0.2128337 0.207163 0
0.2358707 -0.967282 -0.09343699 0
0.1804987 0.1380844 -0.973834 0
-0.09301469 0.7278554 0.1514061 1

-0.06637684 -0.1169156 -0.9909215 0
-0.5417153 -0.8297818 0.1341899 0
-0.8379374 0.5457044 -0.008256495 0
0.3092684 0.690796 -0.03800623 1

-0.0552516 -0.07214274 -0.9958628 0
-0.5356175 -0.8395932 0.09053864 0
-0.8426516 0.5384039 0.00774771 0
0.3135844 0.6808327 -0.02544614 1

-0.003660738 -0.1386437 -0.9903356 0
-0.2906539 -0.9474394 0.1337126 0
-0.9568216 0.2883343 -0.03682905 0
0.3194267 0.6753763 -0.002634984 1

0.02638415 -0.2047498 -0.9784588 0
-0.08254659 -0.9759032 0.2019889 0
-0.9962381 0.07543909 -0.04265013 0
0.3283708 0.6861104 0.01800835 1

0.1431613 -0.4931294 -0.8580959 0
0.2584102 -0.8183267 0.5133868 0
-0.9553688 -0.2952377 0.01027685 0
0.2866037 0.7226487 0.03084786 1

0.2670262 0.01304781 -0.963601 0
0.09647948 0.9945228 0.04020222 0
0.9588476 -0.1037027 0.2643048 0
0.003430229 0.9806496 0.01007268 1

0.4891579 -0.008289796 -0.872156 0
0.1666402 0.9824226 0.08412401 0
0.8561283 -0.1864861 0.4819412 0
0.008571032 1.036831 0.01225799 1

-0.290409 -0.02251036 0.956638 0
0.4968939 -0.8579195 0.1306559 0
0.817777 0.5132912 0.2603328 0
-0.02704163 0.892564 0.06913829 1

-0.1689566 0.0550168 0.9840868 0
-0.04623349 -0.9977841 0.04784481 0
0.9845387 -0.03741409 0.171126 0
0.008313589 0.8942916 -0.05844591 1

0.5800486 -0.01970247 -0.8143436 0
0.2101288 0.9694923 0.1262164 0
0.7870131 -0.2443286 0.5664927 0
0.01954727 1.101541 0.01779906 1

-0.3005423 -0.06235435 0.9517282 0
0.2471859 -0.9688586 0.01458114 0
0.9211805 0.2396359 0.306596 0
0.1524018 0.5824938 0.1202075 1

-0.1750472 0.1347634 0.9752934 0
-0.4186822 -0.9067472 0.05014613 0
0.8911026 -0.39956 0.2151466 0
-0.002901923 0.532864 -0.04394667 1

0.6640272 -0.03708434 -0.7467883 0
0.246701 0.9537055 0.1720014 0
0.7058375 -0.298447 0.6424351 0
0.03536525 1.174522 0.02730033 1

-0.2238251 -0.07670601 0.9716063 0
0.9385688 -0.2856271 0.1936648 0
0.2626616 0.9552664 0.1359243 0
0.2667575 0.13427 0.1269532 1

-0.3925513 -0.04414889 0.9186699 0
0.7347785 -0.6158154 0.2843794 0
0.5531761 0.7866523 0.2741789 0
-0.1965565 0.1134631 -0.0207524 1

0.7205932 -0.09520645 -0.6867905 0
0.3226329 0.9228004 0.210589 0
0.6137211 -0.3733302 0.6956804 0
0.05625765 1.255288 0.04186663 1

0.6197925 -0.331553 0.7112876 0
-0.7816221 -0.3418512 0.5217324 0
0.07017246 -0.8793238 -0.4710259 0
0.03068431 1.245874 0.06531956 1

-0.2369965 -0.1276583 0.9630869 0
0.8361852 0.4778837 0.2691126 0
-0.4945981 0.8690978 -0.006510854 0
0.4203882 0.08751697 0.1586534 1

-0.6101727 0.2282895 -0.7586655 0
0.5867387 -0.5132586 -0.6263412 0
-0.5323788 -0.8273148 0.1792299 0
0.07618839 1.243274 0.0144605 1

-0.3646511 -0.004218956 0.9311347 0
0.9251689 0.111464 0.3628199 0
-0.1053187 0.9937593 -0.03674221 0
-0.07264772 0.009615727 0.02720366 1

0.9860815 -0.1118868 -0.1229829 0
0.1322492 0.9761215 0.1723277 0
0.100765 -0.1861936 0.9773323 0
0.0684993 1.314973 0.04643701 1

0.7696625 -0.412941 0.4869286 0
-0.4726928 -0.8812274 -0.0001664609 0
0.4291635 -0.2300395 -0.8734419 0
-0.02551185 1.221296 0.1028305 1

-0.1863699 0.01653498 -0.9823407 0
0.3541134 -0.9315246 -0.08286212 0
-0.9164444 -0.3633029 0.1677525 0
0.1183731 1.206373 -0.03057144 1

0.9178865 -0.04218061 0.3945951 0
-0.1252944 -0.9742782 0.1873068 0
0.3765444 -0.2213669 -0.8995615 0
-0.1399204 1.008008 0.1027902 1

0.0474472 -0.2647938 -0.9631371 0
0.3582149 -0.8955764 0.2638662 0
-0.932433 -0.3575297 0.05236036 0
0.2040782 0.9809185 -0.05062632 1

0.9274411 -0.1418883 0.3460066 0
-0.2175565 -0.957258 0.1905948 0
0.3041743 -0.2520414 -0.9186693 0
-0.1669778 0.7976111 0.1432392 1

-0.03260031 -0.1421323 -0.9893109 0
0.697036 -0.7126254 0.07941231 0
-0.716295 -0.6869962 0.1223029 0
0.281437 0.787513 0.006357308 1

0.9349512 -0.09376837 0.3421606 0
-0.003679879 -0.966951 -0.254936 0
0.3547574 0.2370937 -0.9043969 0
-0.2060757 0.7306123 0.1483626 1

0.9560237 -0.05812935 0.2874716 0
0.05281678 -0.9300151 -0.3637066 0
0.2884949 0.3628955 -0.8860462 0
-0.1757071 0.7260332 0.1611266 1

0.9437186 -0.0926217 0.3175157 0
0.01577498 -0.9462925 -0.3229272 0
0.3303728 0.3097612 -0.8915727 0
-0.1913166 0.7264741 0.1536486 1

0.9445138 0.2567411 0.2048851 0
0.2880416 -0.9471894 -0.1409421 0
0.1578794 0.1921373 -0.9685854 0
-0.1482804 0.7716923 0.1444944 1

0.9465542 0.07239489 0.3143157 0
0.1121423 -0.9875568 -0.1102548 0
0.3024226 0.1396104 -0.9428943 0
-0.1585247 0.7258885 0.1651866 1

0.06013858 -0.1866368 -0.9805868 0
0.2751535 -0.9412059 0.1960162 0
-0.9595178 -0.2816001 -0.005249113 0
0.3331225 0.7377013 0.0202618 1

0.007438123 -0.123723 -0.9922889 0
0.2444215 -0.961992 0.1217775 0
-0.9696409 -0.2434426 0.02308491 0
0.3334777 0.7328475 0.00253636 1

-0.001953155 -0.1800058 -0.9836637 0
0.1748707 -0.9685703 0.1768964 0
-0.9845897 -0.1716684 0.03336942 0
0.3318689 0.7304192 -0.01154059 1

0.09231222 -0.2605415 -0.9610395 0
0.3811482 -0.8824064 0.2758349 0
-0.9198939 -0.3917614 0.01784787 0
0.3315157 0.7402586 0.03744336 1

0.2899082 -0.4479859 -0.8457317 0
0.2573845 -0.8146308 0.5197405 0
-0.9217954 -0.3683552 -0.1208637 0
0.2886135 0.7673056 0.03091187 1

0.9346325 -0.09046073 0.3439175 0
0.1382408 -0.7986189 -0.5857456 0
0.3276458 0.5950002 -0.7339096 0
-0.2061718 0.7066307 0.1420378 1

0.9427379 -0.08439093 0.3226816 0
0.1956092 -0.64372 -0.7398392 0
0.2701523 0.7605938 -0.5903516 0
-0.1908273 0.699546 0.1444742 1

0.9552176 -0.0530224 0.2911155 0
0.1791713 -0.6793217 -0.7116317 0
0.2354934 0.7319226 -0.6393999 0
-0.1739041 0.6946017 0.1488404 1

0.9457466 0.07640428 0.3157942 0
0.2478977 -0.7979776 -0.5493438 0
0.2100245 0.5978247 -0.773625 0
-0.155155 0.6962613 0.1618806 1

0.9755824 0.03305667 0.2171326 0
0.07101007 -0.9829862 -0.1693993 0
0.2078387 0.1806816 -0.9613311 0
-0.1368444 0.7489569 0.1418484 1

0.007826656 -0.1303492 -0.9914374 0
-0.1581562 -0.9791499 0.127485 0
-0.9873833 0.1558041 -0.02827907 0
0.3403593 0.7057644 0.005979914 1

-0.002904832 -0.1897187 -0.9818342 0
-0.2408161 -0.9528108 0.1848229 0
-0.9705665 0.2369784 -0.0429197 0
0.3361521 0.7066944 -0.007214721 1

0.06132388 -0.1934543 -0.9791909 0
-0.0440542 -0.980606 0.1909747 0
-0.9971453 0.03142619 -0.06865713 0
0.3422275 0.7065545 0.02684312 1

0.09337896 -0.2646546 -0.9598119 0
0.1803363 -0.9435827 0.2777242 0
-0.9791627 -0.1990226 -0.04038417 0
0.342758 0.7142308 0.04556892 1

0.231931 -0.4199817 -0.8773961 0
0.2844153 -0.833295 0.4740543 0
-0.9302239 -0.3594927 -0.07381785 0
0.2939606 0.7483243 0.04797899 1

0.9343238 -0.08930049 0.3450574 0
0.2630559 -0.4804691 -0.8366308 0
0.2405009 0.8724535 -0.4254226 0
-0.2034875 0.6910502 0.1306047 1

0.9400237 -0.08094936 0.3313649 0
0.3209697 -0.1189427 -0.9395911 0
0.1154728 0.9895959 -0.08582661 0
-0.18559 0.6822883 0.1246367 1

0.9550935 -0.05286451 0.2915506 0
0.2538509 -0.3615155 -0.8971436 0
0.1528272 0.9308665 -0.3318613 0
-0.1682397 0.6729289 0.1261177 1

0.9450631 0.07805134 0.317433 0
0.3037918 -0.5682415 -0.7647303 0
0.1206903 0.8191519 -0.5607352 0
-0.1483459 0.6743277 0.14678 1

0.9587834 0.07146832 0.2750033 0
0.1138731 -0.9833741 -0.141452 0
0.2603217 0.1669374 -0.9509808 0
-0.1351278 0.7184132 0.1364789 1

-0.001579672 -0.1871469 -0.9823309 0
-0.4961393 -0.8527558 0.1632589 0
-0.8682418 0.4876306 -0.09150383 0
0.3314174 0.6879494 -0.003643896 1

0.005856425 -0.135711 -0.9907312 0
-0.481578 -0.8686733 0.1161445 0
-0.8763839 0.476434 -0.07044277 0
0.3360326 0.6789778 0.009466875 1

0.06029966 -0.1992511 -0.9780916 0
-0.2359303 -0.9549555 0.1799926 0
-0.9698975 0.2199079 -0.1045929 0
0.3408226 0.6752818 0.03293306 1

0.09337914 -0.2628981 -0.9602945 0
-0.032052 -0.9648025 0.2610154 0
-0.9951147 0.006405859 -0.09851885 0
0.3478154 0.6877809 0.05329644 1

0.2205212 -0.5424038 -0.8106595 0
0.2680426 -0.7654213 0.5850503 0
-0.9378296 -0.3463072 -0.02340445 0
0.3027825 0.7226125 0.06202498 1

0.1908847 0.03774689 -0.9808865 0
0.09424728 0.9939392 0.0565901 0
0.9770775 -0.1032481 0.1861702 0
0.007804137 0.9641904 0.01230193 1

0.4749689 0.0002857707 -0.8800024 0
0.1617759 0.9829286 0.08763543 0
0.8650047 -0.1839873 0.4668143 0
0.0128131 1.020338 0.01543741 1

-0.2468789 -0.01971549 0.9688457 0
0.5147815 -0.8497237 0.1138839 0
0.8210059 0.5268594 0.219928 0
-0.01751173 0.8745191 0.07141638 1

-0.0789943 0.03193282 0.9963634 0
-0.1016726 -0.9945329 0.02381327 0
0.9916766 -0.09942179 0.08180913 0
0.007762089 0.879517 -0.05845648 1

0.5740235 -0.01633835 -0.8186758 0
0.2037503 0.9712047 0.1234794 0
0.7930844 -0.2376855 0.5608233 0
0.02346893 1.085082 0.02120977 1

-0.2776202 -0.0688462 0.9582208 0
0.3774425 -0.9250391 0.04289222 0
0.8834388 0.373581 0.282795 0
0.1685692 0.5674369 0.1164264 1

-0.1193775 0.1430964 0.9824828 0
-0.4899991 -0.8691404 0.06705056 0
0.8635103 -0.4734113 0.1738729 0
-0.0238128 0.5190441 -0.05314162 1

0.6649579 -0.03824634 -0.7459009 0
0.2388372 0.9571378 0.1638417 0
0.7076635 -0.2870967 0.6455909 0
0.03880676 1.158192 0.03050499 1

-0.1687658 -0.1342115 0.9764758 0
0.9850351 -0.05813042 0.1622553 0
0.03498641 0.9892462 0.1420134 0
0.3431857 0.1394855 0.1362696 1

-0.4051939 -0.05710525 0.9124455 0
0.7328089 -0.6170365 0.2868046 0
0.5466341 0.7848597 0.2918667 0
-0.2504538 0.1170375 -0.02212848 1

0.7230692 -0.09651753 -0.6839995 0
0.3120404 0.9290436 0.1987689 0
0.6162806 -0.3571591 0.7018799 0
0.0590332 1.239249 0.04438028 1

0.6105224 -0.3244021 0.7225136 0
-0.7880695 -0.3395906 0.513444 0
0.0787964 -0.8828599 -0.462979 0
0.03351624 1.229834 0.06789418 1

-0.1698321 -0.1865996 0.9676453 0
0.7033936 0.6647645 0.2516455 0
-0.6902132 0.7233732 0.01835468 0
0.5044221 0.1299705 0.1628285 1

-0.602599 0.2103436 -0.7698246 0
0.5988089 -0.518494 -0.6104032 0
-0.5275438 -0.8288062 0.1864883 0
0.0790843 1.227157 0.01709642 1

-0.3777607 -0.01741848 0.9257394 0
0.9183663 0.1202618 0.3770148 0
-0.117898 0.9925895 -0.02943357 0
-0.1268772 0.01298412 0.02623656 1

0.9893284 -0.09662189 -0.1090579 0
0.1135497 0.98031 0.1615514 0
0.09130114 -0.1722109 0.9808198 0
0.07060975 1.299121 0.04816973 1

0.7325097 -0.4461961 0.5141389 0
-0.5009685 -0.8646883 -0.03667541 0
0.4609343 -0.2307023 -0.8569226 0
-0.02314345 1.205418 0.1048092 1

-0.1348696 -0.01027722 -0.99081 0
0.398243 -0.91619 -0.04470593 0
-0.9073108 -0.4006126 0.1276589 0
0.1221368 1.189879 -0.02678962 1

0.8898867 -0.1056935 0.4437687 0
-0.1916121 -0.9694167 0.15335 0
0.4139887 -0.2214954 -0.8829231 0
-0.1443957 0.9961329 0.09593244 1

0.1411038 -0.2991751 -0.9437077 0
0.3682243 -0.8689938 0.3305463 0
-0.9189671 -0.3941374 -0.01245481 0
0.2185225 0.9681364 -0.03760959 1

0.8807905 -0.2568097 0.3978155 0
-0.3270674 -0.9374843 0.1189566 0
0.3423963 -0.2348883 -0.909721 0
-0.1857745 0.7867862 0.1290485 1

0.05947533 -0.1964509 -0.9787082 0
0.7206722 -0.6699631 0.1782728 0
-0.6907202 -0.7159307 0.1017304 0
0.2980428 0.7804715 0.03377402 1

0.8936541 -0.2050944 0.3991475 0
-0.07763037 -0.946696 -0.3126347 0
0.4419909 0.2484015 -0.8619403 0
-0.2317578 0.7241191 0.1276063 1

0.9218141 -0.1751184 0.3458212 0
-0.01822782 -0.9107332 -0.4125932 0
0.3872035 0.3740308 -0.8427187 0
-0.2030136 0.7157023 0.1420651 1

0.9039971 -0.2085487 0.3732249 0
-0.06011625 -0.9262922 -0.3719798 0
0.4232911 0.3138319 -0.8499027 0
-0.2179168 0.7181764 0.1336067 1

0.948495 0.1445501 0.2818912 0
0.1995175 -0.9637524 -0.1771277 0
0.2460695 0.2242471 -0.9429546 0
-0.1699526 0.7590069 0.1300109 1

0.92386 -0.04337482 0.3802647 0
0.02181711 -0.9859737 -0.1654702 0
0.3821082 0.1611676 -0.9099553 0
-0.186273 0.7135327 0.1472406 1

0.1529011 -0.2386258 -0.958999 0
0.3190634 -0.9065209 0.2764387 0
-0.935318 -0.3482491 -0.06247133 0
0.350647 0.7342443 0.05479253 1

0.09928975 -0.1797567 -0.9786876 0
0.2973674 -0.9332412 0.2015779 0
-0.9495864 -0.3110442 -0.03920749 0
0.3527569 0.7284728 0.03746869 1

0.09329119 -0.2395149 -0.9664003 0
0.2109098 -0.9438514 0.2542864 0
-0.9730436 -0.2275459 -0.03753686 0
0.3524833 0.7252128 0.02347072 1

0.1873646 -0.3107585 -0.9318389 0
0.4152161 -0.8346663 0.3618398 0
-0.8902192 -0.4547103 -0.02735507 0
0.3474476 0.7376311 0.0716038 1

0.382589 -0.4769073 -0.7913187 0
0.2500902 -0.7710511 0.5856068 0
-0.8894271 -0.4219476 -0.175726 0
0.3040307 0.7620115 0.05996825 1

0.8935245 -0.2018671 0.4010782 0
0.1041742 -0.7756692 -0.622483 0
0.4367628 0.597986 -0.6720501 0
-0.2336879 0.7006403 0.1198502 1

0.9035231 -0.200535 0.3787239 0
0.1783606 -0.6275988 -0.7578307 0
0.3896582 0.752267 -0.5312825 0
-0.2195884 0.6918124 0.1230391 1

0.9212884 -0.1701536 0.3496795 0
0.1573624 -0.6591674 -0.7353472 0
0.3556193 0.7324933 -0.5805076 0
-0.2036121 0.6849201 0.1281278 1

0.9233496 -0.03940222 0.3819337 0
0.2065918 -0.7874771 -0.5806893 0
0.3236445 0.6150836 -0.7189763 0
-0.1856132 0.6839523 0.1422785 1

0.955813 -0.06575751 0.2865267 0
-0.001725823 -0.9759003 -0.2182112 0
0.2939707 0.2080746 -0.9328915 0
-0.16073 0.7353576 0.1267936 1

0.100051 -0.1862614 -0.9773927 0
-0.1011254 -0.9791387 0.1762422 0
-0.98983 0.08120611 -0.1167995 0
0.3611279 0.7022 0.04315878 1

0.09272483 -0.2491033 -0.9640278 0
-0.2019902 -0.9527735 0.2267666 0
-0.9749884 0.1736973 -0.1386624 0
0.3576497 0.7020931 0.02969218 1

0.154411 -0.2452492 -0.9570841 0
0.00471241 -0.9685084 0.2489367 0
-0.9879956 -0.04294873 -0.1483926 0
0.3611973 0.7042508 0.06403467 1

0.1885989 -0.3147032 -0.9302647 0
0.2194276 -0.9098117 0.3522701 0
-0.9572263 -0.2705635 -0.1025348 0
0.3596955 0.7130108 0.08226626 1

0.3341446 -0.4760768 -0.8134484 0
0.2710275 -0.7780699 0.5667025 0
-0.9027135 -0.4098273 -0.1309581 0
0.3087843 0.7442772 0.07849044 1

0.8932438 -0.2007427 0.4022662 0
0.2773777 -0.4580852 -0.8445234 0
0.3538041 0.8659449 -0.3535003 0
-0.2316677 0.6855091 0.1076995 1

0.900597 -0.1972091 0.387342 0
0.3714134 -0.1137458 -0.9214741 0
0.2257816 0.9737408 -0.02919298 0
-0.2148133 0.6749879 0.1027188 1

0.9211548 -0.1700126 0.3500993 0
0.2773512 -0.3443184 -0.8969511 0
0.2730388 0.9233315 -0.2700174 0
-0.1986418 0.6638969 0.1046451 1

0.9227191 -0.03779206 0.3836165 0
0.3001322 -0.5540538 -0.7764956 0
0.2418896 0.8316231 -0.4998932 0
-0.1799393 0.662308 0.126316 1

0.9380638 -0.02765651 0.3453571 0
0.03991801 -0.9815433 -0.1870287 0
0.3441554 0.1892309 -0.9196461 0
-0.1612624 0.7050837 0.1198735 1

0.09395111 -0.2464481 -0.9645914 0
-0.4574857 -0.8712128 0.1780311 0
-0.8842399 0.4245606 -0.1945977 0
0.3536844 0.6833452 0.0340888 1

0.0984064 -0.1916892 -0.9765099 0
-0.4282653 -0.8939132 0.1323175 0
-0.898279 0.4051846 -0.1700606 0
0.3583614 0.6754137 0.04797965 1

0.1536818 -0.25103 -0.9557018 0
-0.1868717 -0.9571218 0.2213529 0
-0.9702893 0.1445758 -0.1940026 0
0.3613477 0.6733639 0.07197307 1

0.1885215 -0.3129835 -0.9308603 0
0.01098607 -0.947125 0.320677 0
-0.9820077 -0.07068105 -0.1751149 0
0.3658534 0.6875044 0.09208384 1

0.3173462 -0.5812233 -0.7493137 0
0.2472814 -0.7121019 0.6570866 0
-0.9155018 -0.3938152 -0.08225721 0
0.3172498 0.7202258 0.09540409 1

0.1264976 0.05761284 -0.9902924 0
0.09358605 0.993166 0.06973448 0
0.9875424 -0.1014988 0.1202414 0
0.01147761 0.9476379 0.01310473 1

0.4608827 0.007448226 -0.8874298 0
0.1637982 0.9820709 0.09331044 0
0.872214 -0.1883646 0.4513995 0
0.0164459 1.003742 0.01700335 1

-0.1881631 -0.004706681 0.9821267 0
0.5890945 -0.8006754 0.109026 0
0.7858512 0.59908 0.1534302 0
-0.00956421 0.8567119 0.07197778 1

0.004107803 0.002012618 0.9999894 0
-0.1931789 -0.9811594 0.002768263 0
0.9811549 -0.1931883 -0.003641516 0
0.007184517 0.8643399 -0.05914047 1

0.5664086 -0.01297385 -0.8240225 0
0.205903 0.9703937 0.1262532 0
0.7979882 -0.2411796 0.5523107 0
0.02723495 1.068429 0.02314951 1

-0.2393397 -0.06406841 0.9688199 0
0.378254 -0.9251395 0.03226507 0
0.894226 0.3741822 0.2456567 0
0.2035946 0.5674976 0.1152206 1

-0.06784719 0.140061 0.9878156 0
-0.532587 -0.8423104 0.0828498 0
0.8436514 -0.5204766 0.1317431 0
-0.05786234 0.5083523 -0.06187797 1

0.66282 -0.03868122 -0.7477789 0
0.2410157 0.9565381 0.1641528 0
0.7089295 -0.2890302 0.6433356 0
0.04273482 1.141478 0.03265355 1

-0.1353024 -0.1785931 0.9745758 0
0.9886416 0.04061914 0.1446987 0
-0.06542866 0.9830842 0.1710687 0
0.3785864 0.1394997 0.1301474 1

-0.4188279 -0.07192212 0.9052129 0
0.7320843 -0.616526 0.2897389 0
0.5372487 0.7840427 0.3108713 0
-0.3042017 0.1187554 -0.02355716 1

0.7225955 -0.09646979 -0.6845067 0
0.3093831 0.9306368 0.1954408 0
0.618173 -0.3529995 0.7023202 0
0.06314576 1.222484 0.04655518 1

0.606723 -0.3280861 0.7240489 0
-0.7912412 -0.3367071 0.5104563 0
0.07631867 -0.8826029 -0.4638832 0
0.03767706 1.213091 0.07013009 1

-0.1310913 -0.2307605 0.9641395 0
0.6425527 0.7208211 0.25989 0
-0.7549444 0.6535798 0.05378246 0
0.5404133 0.1461485 0.1538326 1

-0.5992718 0.2082034 -0.7729973 0
0.5991121 -0.5238064 -0.6055508 0
-0.5309785 -0.8260015 0.1891652 0
0.0830994 1.210384 0.0192036 1

-0.3920573 -0.03249834 0.9193664 0
0.9096819 0.1351383 0.3927043 0
-0.137004 0.9902937 -0.02341884 0
-0.1807473 0.01478818 0.02530272 1

0.9908974 -0.09020922 -0.09992293 0
0.1047948 0.9828199 0.1519321 0
0.08450058 -0.1610205 0.9833271 0
0.07454099 1.282403 0.05013989 1

0.7178512 -0.4579704 0.5243593 0
-0.5093898 -0.8589141 -0.05280957 0
0.4745647 -0.2291939 -0.8498579 0
-0.01921067 1.188883 0.1068303 1

-0.08599153 -0.03767681 -0.9955833 0
0.4221317 -0.906532 -0.002154082 0
-0.9024469 -0.4204524 0.09385863 0
0.1261737 1.172724 -0.02433359 1

0.8574664 -0.1840945 0.4804793 0
-0.2666212 -0.9576294 0.1089004 0
0.4400731 -0.2214844 -0.8702187 0
-0.1425012 0.9809947 0.09404849 1

0.22007 -0.3248962 -0.919789 0
0.3588057 -0.8498432 0.3860377 0
-0.9070985 -0.4149807 -0.07045043 0
0.2283411 0.9533188 -0.02485486 1

0.8317958 -0.3460697 0.4339949 0
-0.4103866 -0.9098682 0.0610147 0
0.3737627 -0.2288576 -0.8988469 0
-0.2000782 0.7741936 0.1175657 1

0.1552176 -0.2548225 -0.9544493 0
0.7093883 -0.6436461 0.2872075 0
-0.6875144 -0.7216546 0.08086282 0
0.3058274 0.7697896 0.05851256 1

0.8490776 -0.2947887 0.438368 0
-0.1399609 -0.9256998 -0.3514131 0
0.5093898 0.2370226 -0.8272498 0
-0.2509624 0.7157911 0.1109572 1

0.8818954 -0.2688347 0.3872831 0
-0.07780063 -0.8932075 -0.4428628 0
0.4649811 0.3604279 -0.8086312 0
-0.2239056 0.7044058 0.1265917 1

0.8601155 -0.3009352 0.411873 0
-0.123473 -0.9062518 -0.4043045 0
0.4949301 0.2968932 -0.8166386 0
-0.2380356 0.7084635 0.1174458 1

0.9393105 0.05210787 0.339088 0
0.1284446 -0.9699244 -0.2067567 0
0.3181161 0.2377628 -0.9177532 0
-0.1867086 0.7451456 0.1182088 1

0.8933612 -0.1374145 0.4278118 0
-0.05436007 -0.9781496 -0.2006697 0
0.4460389 0.1560146 -0.8813109 0
-0.2077321 0.7006178 0.1325757 1

0.2461196 -0.2928604 -0.9239362 0
0.3112807 -0.8788767 0.3614973 0
-0.9178941 -0.376575 -0.125147 0
0.3568081 0.7259682 0.08726283 1

0.195194 -0.2400857 -0.950925 0
0.2984913 -0.9090376 0.2907807 0
-0.9342389 -0.3406014 -0.1057752 0
0.3606388 0.7191886 0.07061232 1

0.1889166 -0.2986788 -0.9354687 0
0.2001531 -0.920913 0.334452 0
-0.961379 -0.2504203 -0.1141942 0
0.3617458 0.7150729 0.05688346 1

0.2781996 -0.3608654 -0.8901581 0
0.3982742 -0.799983 0.448781 0
-0.874061 -0.4793777 -0.07883152 0
0.351974 0.7303151 0.1034511 1

0.4627517 -0.51694 -0.7201625 0
0.2035091 -0.7287328 0.6538599 0
-0.8628123 -0.4491343 -0.2320203 0
0.3095388 0.7530881 0.08626238 1

0.8491134 -0.291624 0.440411 0
0.07316953 -0.7608019 -0.6448463 0
0.5231181 0.5797725 -0.6246691 0
-0.2544382 0.6928335 0.1022391 1

0.8600795 -0.2930911 0.4175651 0
0.1600083 -0.6222194 -0.7663161 0
0.4844176 0.7259067 -0.4882612 0
-0.2415118 0.6826657 0.1059601 1

0.8816162 -0.2639681 0.3912463 0
0.1357759 -0.6520758 -0.7458969 0
0.4520153 0.7107165 -0.5390401 0
-0.2265181 0.6742141 0.1116322 1

