MeshAnim
1
41
52
30
0.8429317 -0.0648913 -0.534093 0
-0.03622479 0.9836019 -0.1766776 0
0.5367998 0.1682745 0.8267586 0
-0.002146557 0.947387 -0.01350817 1

0.7857668 -0.1522121 -0.5995014 0
0.1616749 0.9860943 -0.03845977 0
0.597019 -0.06670392 0.7994491 0
-0.004363107 1.002865 -0.02374687 1

-0.9676746 0.1461888 0.2055118 0
0.01206136 -0.7871099 0.6166952 0
0.2519143 0.5992387 0.7599028 0
-0.05715673 0.8642078 0.03373 1

-0.9033275 0.083221 0.4208016 0
0.1762104 -0.8224121 0.5409145 0
0.3910877 0.5627725 0.7282428 0
0.05445043 0.855616 -0.03698582 1

0.7582375 -0.1618753 -0.6315634 0
0.1934685 0.9809197 -0.01914559 0
0.6226122 -0.1076707 0.775088 0
0.006286085 1.067817 -0.02628013 1

-0.9937975 -0.07057898 0.08593774 0
0.002620697 -0.7874308 -0.6163975 0
0.1111746 -0.612349 0.7827318 0
-0.05617201 0.5804641 0.2583187 1

-0.8913971 0.03206879 0.4520877 0
-0.149661 -0.9623677 -0.2268264 0
0.4278005 -0.2698523 0.8626511 0
0.1235121 0.5605178 0.1607855 1

0.729161 -0.170477 -0.6627685 0
0.2261408 0.974093 -0.001761362 0
0.6458985 -0.1485946 0.7488224 0
0.02084992 1.141658 -0.02772136 1

-0.9200596 0.06927791 0.385605 0
-0.0893949 -0.9953999 -0.03446375 0
0.3814434 -0.06617998 0.9220201 0
-0.05495961 0.2161744 -0.02684574 1

-0.8656542 -0.03116979 0.4996715 0
0.4104279 -0.6157197 0.6726357 0
0.2866915 0.7873487 0.545793 0
0.05428884 0.1153904 0.05587072 1

0.8788938 -0.1477835 -0.4535481 0
0.27344 0.9351639 0.2251645 0
0.3908662 -0.3219138 0.8623198 0
0.04000115 1.224151 -0.02787054 1

0.763174 -0.1021063 0.6380754 0
-0.6220468 -0.3834925 0.6826358 0
0.1749955 -0.9178824 -0.3561864 0
0.01244549 1.219036 -0.005349666 1

-0.9381511 0.07180496 0.3386993 0
0.2131685 -0.6510639 0.7284747 0
0.2728228 0.755619 0.5954894 0
-0.06959228 0.05324137 -0.032487 1

-0.6003839 0.1067474 -0.7925556 0
0.5642052 -0.6458173 -0.5143854 0
-0.5667555 -0.7559926 0.3275109 0
0.06238457 1.20736 -0.05044707 1

-0.8509381 0.007643897 0.5252107 0
0.5178939 0.179147 0.8364761 0
-0.08769608 0.9837928 -0.1564019 0
0.123501 0.01155919 0.1693 1

0.8864673 -0.3045018 -0.3485031 0
0.442024 0.7801459 0.4427046 0
0.1370789 -0.5464897 0.826171 0
0.05187456 1.283981 -0.02435707 1

0.8680667 0.4629644 0.1792339 0
0.02918121 -0.4079917 0.9125195 0
0.4955896 -0.7868972 -0.3676738 0
-0.03227769 1.191464 0.04372967 1

0.1985729 -0.6155513 -0.7626698 0
0.5086956 -0.6004103 0.6170382 0
-0.8377336 -0.510494 0.1939031 0
0.1029491 1.160928 -0.08742975 1

-0.5271388 0.8493503 0.02700211 0
0.628623 0.3683721 0.6849349 0
0.5718028 0.3780301 -0.7281042 0
-0.02521479 1.092716 0.2645921 1

0.1261343 -0.724889 0.6772192 0
-0.4024708 0.5865684 0.7028189 0
-0.9067013 -0.3612106 -0.2177604 0
0.2260674 1.015612 0.06191037 1

-0.6780353 0.0004467331 0.7350296 0
0.7345896 -0.03420028 0.6776499 0
0.02544111 0.9994152 0.02286064 0
0.110537 1.172266 0.4125044 1

-0.08323313 -0.9964904 -0.008886408 0
-0.05650261 -0.004184019 0.9983936 0
-0.994927 0.08360142 -0.05595627 0
0.1391511 1.142285 0.2136887 1

-0.6638253 0.02560186 0.7474498 0
0.3722964 0.8780978 0.3005669 0
-0.6486388 0.4777966 -0.5924351 0
0.1815615 1.170024 0.4440354 1

-0.7429428 0.06672714 0.6660211 0
0.4684393 0.7625772 0.4461402 0
-0.4781228 0.6434469 -0.5978088 0
0.1591495 1.168698 0.4685727 1

-0.7169617 0.01836373 0.6968712 0
0.3768379 0.8512174 0.3652706 0
-0.5864809 0.5244924 -0.6172104 0
0.1719508 1.170647 0.4570792 1

-0.9183316 0.02659597 0.3949184 0
0.3743315 0.3825806 0.8446944 0
-0.1286224 0.9235396 -0.3612916 0
0.1116863 1.182618 0.4427444 1

-0.7740902 0.0486136 0.6312065 0
0.5263866 0.6033469 0.5990742 0
-0.3517131 0.7959961 -0.4926345 0
0.1453414 1.170335 0.4794537 1

0.01611374 -0.9985287 0.0517735 0
-0.8058796 0.0176805 0.5918153 0
-0.5918601 -0.05125961 -0.8044091 0
0.136839 1.150221 0.2863358 1

-0.1312688 -0.9860682 0.1021656 0
-0.8487446 0.1650396 0.5023886 0
-0.512251 -0.02076454 -0.8585847 0
0.1342853 1.132137 0.2884181 1

-0.1600349 -0.9848524 0.06674311 0
-0.9072129 0.173393 0.3832746 0
-0.389042 0.0007871296 -0.9212198 0
0.1320284 1.117957 0.2877215 1

-0.08291506 -0.9865312 0.1410008 0
-0.2870542 0.1591342 0.9446036 0
-0.9543192 0.03784684 -0.2963827 0
0.1368808 1.167601 0.2848306 1

0.0383063 -0.9182971 0.3940346 0
-0.6281046 0.2845607 0.7242304 0
-0.7771854 -0.2752374 -0.5658861 0
0.1280616 1.164756 0.234542 1

-0.6622912 0.01538067 0.7490891 0
-0.542673 0.679502 -0.4937449 0
-0.5166017 -0.7335128 -0.4416811 0
0.1907987 1.191803 0.4514861 1

-0.7161022 -0.001123779 0.6979951 0
-0.4862666 0.7182028 -0.497725 0
-0.5007427 -0.6958336 -0.5148526 0
0.182642 1.194867 0.467502 1

-0.744141 0.05500944 0.6657542 0
-0.242889 0.9061139 -0.3463571 0
-0.6223021 -0.4194428 -0.6609151 0
0.1749666 1.194471 0.4836628 1

-0.7764033 0.04092157 0.6289072 0
-0.04867161 0.9910166 -0.1245702 0
-0.6283549 -0.1273265 -0.7674365 0
0.1611291 1.188436 0.4974301 1

-0.9341993 -0.04188421 0.3542857 0
0.3144093 0.3726137 0.8731015 0
-0.1685806 0.9270412 -0.3349267 0
0.1170591 1.192378 0.4657786 1

-0.1535414 -0.9835963 0.09467588 0
-0.3617469 -0.0332097 -0.9316847 0
0.9195458 -0.1773007 -0.3507136 0
0.1103908 1.136799 0.3025614 1

-0.1822406 -0.9816123 0.05679311 0
-0.5003682 0.04286369 -0.864751 0
0.8464159 -0.1860101 -0.4989792 0
0.1098067 1.122198 0.2971096 1

-0.006786108 -0.9989052 0.04628417 0
-0.2721068 -0.04269399 -0.9613194 0
0.9622431 -0.01911768 -0.2715191 0
0.110154 1.150899 0.3059265 1

-0.0911565 -0.9845619 0.1494258 0
-0.8846012 0.1489702 0.4419145 0
-0.4573523 -0.0918988 -0.8845246 0
0.1284137 1.172284 0.3126916 1

0.1583779 -0.9729195 0.168357 0
-0.5869277 0.04434825 0.8084236 0
-0.7939975 -0.2268499 -0.5640097 0
0.1117455 1.176094 0.2514355 1

-0.659817 0.01377146 0.7513006 0
-0.7488874 0.07007965 -0.658982 0
-0.06172615 -0.9974467 -0.03592623 0
0.1802197 1.20506 0.4418423 1

-0.7113662 -0.005097099 0.7028036 0
-0.6610271 0.3445465 -0.666582 0
-0.238751 -0.9387557 -0.2484679 0
0.1696105 1.214122 0.4541528 1

-0.7441384 0.05518528 0.6657428 0
-0.4217251 0.7340799 -0.5322361 0
-0.5180801 -0.6768175 -0.5229838 0
0.1672575 1.22338 0.4725746 1

-0.7757928 0.03790828 0.6298482 0
-0.3041498 0.8521109 -0.4259114 0
-0.552846 -0.5219873 -0.6495313 0
0.159795 1.215675 0.4940032 1

-0.9758203 -0.19733 0.09400311 0
0.02466723 0.3279018 0.9443903 0
-0.21718 0.9238732 -0.3151055 0
0.1272912 1.20397 0.4927157 1

-0.1830025 -0.982009 0.04656318 0
0.480646 -0.1306864 -0.8671219 0
0.8576068 -0.136305 0.4959147 0
0.0999575 1.122977 0.2801118 1

-0.152409 -0.9849656 0.08132808 0
0.4792655 -0.1456234 -0.8655047 0
0.8643358 -0.09293284 0.4942542 0
0.1004945 1.13589 0.2770735 1

-0.00723389 -0.9992296 0.03856981 0
0.05241942 -0.03889665 -0.9978673 0
0.9985988 -0.005196586 0.05266055 0
0.1014762 1.149537 0.275269 1

-0.09336703 -0.9842473 0.1501321 0
-0.9947367 0.08582412 -0.05597308 0
0.04220623 -0.1545678 -0.9870802 0
0.103626 1.176403 0.3250805 1

0.4976237 -0.6868715 -0.5296963 0
-0.2537743 -0.6992455 0.6683218 0
-0.8294393 -0.1981496 -0.5222716 0
0.09387194 1.176945 0.2762554 1

0.839783 -0.06731554 -0.5387329 0
-0.03546624 0.9833626 -0.1781579 0
0.5417625 0.1687208 0.8234237 0
-0.0005957931 0.9540653 -0.02271702 1

0.776215 -0.1504112 -0.6122636 0
0.1587885 0.9864597 -0.04102902 0
0.6101446 -0.06537309 0.7895885 0
-0.002771098 1.009529 -0.03303822 1

-0.9695706 0.1636009 0.1821211 0
-0.001332968 -0.7474367 0.664332 0
0.2448092 0.6438738 0.7249104 0
-0.0554866 0.8710656 0.02497377 1

-0.8971514 0.07473382 0.4353558 0
0.1749721 -0.8448412 0.5055972 0
0.4055915 0.5297722 0.7448738 0
0.05570367 0.8621528 -0.04635639 1

0.7308955 -0.1637405 -0.6625564 0
0.1960014 0.9802578 -0.02603753 0
0.6537395 -0.1108313 0.7485594 0
0.00768796 1.074505 -0.03574071 1

-0.9914755 -0.07634194 0.105587 0
0.01283006 -0.8636351 -0.5039544 0
0.1296614 -0.4983038 0.8572524 0
-0.05936196 0.601782 0.266682 1

-0.886378 0.0251619 0.4622784 0
-0.1527391 -0.9585085 -0.2406919 0
0.4370413 -0.2839521 0.8534438 0
0.1243662 0.5588068 0.1386641 1

0.6819712 -0.1754303 -0.7100279 0
0.23469 0.9719587 -0.01473065 0
0.6927018 -0.1565906 0.7040195 0
0.02244247 1.148297 -0.03770075 1

-0.9193218 0.0657148 0.387981 0
-0.009239502 -0.9892904 0.1456694 0
0.3933984 0.1303322 0.9100832 0
-0.05342638 0.2022379 0.0335372 1

-0.8612745 -0.03702537 0.5067897 0
0.4188617 -0.6163742 0.6668118 0
0.2876831 0.7865827 0.5463757 0
0.05371926 0.1154645 0.02733602 1

0.8669088 -0.1280649 -0.4817351 0
0.2722251 0.9312201 0.2423277 0
0.4175676 -0.3412163 0.8421453 0
0.04231771 1.230609 -0.03894825 1

0.7993548 -0.1129435 0.590149 0
-0.5845378 -0.3735415 0.7202655 0
0.1390958 -0.9207119 -0.3646118 0
0.01626906 1.225689 -0.01465989 1

-0.9377996 0.05843038 0.3422258 0
0.2756366 -0.474022 0.8362582 0
0.2110853 0.8785723 0.4284318 0
-0.05493876 0.04030483 0.05738126 1

-0.6610504 0.1249222 -0.7398692 0
0.5123781 -0.6452004 -0.566732 0
-0.5481615 -0.7537314 0.3625028 0
0.06299572 1.213672 -0.06299467 1

-0.8465102 0.001781665 0.53237 0
0.5242305 0.1770146 0.8329754 0
-0.09275315 0.9842069 -0.1507786 0
0.1243536 0.01152276 0.1397833 1

0.8865642 -0.3027241 -0.3498031 0
0.4412531 0.7804582 0.4429226 0
0.1389233 -0.547031 0.8255043 0
0.05380879 1.290427 -0.03417137 1

0.8822191 0.4144164 0.2234921 0
-0.01804051 -0.4445668 0.895564 0
0.4704936 -0.7941154 -0.3847288 0
-0.02575734 1.198832 0.03712491 1

0.1522117 -0.6292139 -0.7621821 0
0.5158888 -0.6071975 0.604293 0
-0.8430246 -0.4851816 0.232182 0
0.09983409 1.167285 -0.1037409 1

-0.5417382 0.8405058 0.008337796 0
0.6492764 0.4121424 0.6392018 0
0.5338165 0.3516935 -0.7689939 0
-0.03012373 1.091231 0.2538835 1

0.138765 -0.7284173 0.6709341 0
-0.3666543 0.5915561 0.7180712 0
-0.9199506 -0.3456439 -0.1849899 0
0.2246933 1.020326 0.04251449 1

-0.6801122 0.009465002 0.7330471 0
0.7326798 -0.02540229 0.6800995 0
0.02505814 0.9996324 0.01034156 0
0.1100882 1.180234 0.3919197 1

-0.08310103 -0.9965413 0.0003861189 0
-0.06004941 0.005394373 0.998181 0
-0.9947304 0.08292679 -0.06028995 0
0.1455118 1.148077 0.1975867 1

-0.6873755 0.004095647 0.7262909 0
0.3356853 0.8885615 0.3126882 0
-0.6440735 0.4587393 -0.6121503 0
0.1810238 1.178414 0.4236769 1

-0.7456046 0.0755714 0.6620897 0
0.4565694 0.7816443 0.4249431 0
-0.485405 0.6191295 -0.6173013 0
0.1585429 1.17739 0.4481655 1

-0.7330483 0.005200692 0.680157 0
0.3243794 0.8816024 0.3428631 0
-0.5978449 0.4719641 -0.6479442 0
0.1713762 1.179198 0.4366848 1

-0.9140044 0.03591381 0.4041116 0
0.3848604 0.3919197 0.8356324 0
-0.1283686 0.9192984 -0.3720382 0
0.1111487 1.190967 0.42203 1

-0.7642715 0.06909697 0.6411823 0
0.5375159 0.6176006 0.5741482 0
-0.3563229 0.7834507 -0.5091555 0
0.1447035 1.179158 0.458986 1

-0.02398992 -0.9939446 0.1072318 0
-0.8406408 0.07810891 0.5359313 0
-0.5410616 -0.07728643 -0.8374242 0
0.1429407 1.156709 0.2701455 1

-0.1592789 -0.9784386 0.1314857 0
-0.8740671 0.2016813 0.4419636 0
-0.458952 -0.04453188 -0.8873444 0
0.1403816 1.138646 0.2723923 1

-0.201548 -0.9737568 0.1057166 0
-0.9079691 0.2262253 0.3527244 0
-0.3673833 -0.0248966 -0.9297364 0
0.1381285 1.12446 0.2718238 1

-0.05923191 -0.9867128 0.1512933 0
-0.5720505 0.1577566 0.8049046 0
-0.8180772 -0.0388713 -0.5737936 0
0.1429862 1.174074 0.2684738 1

0.03699823 -0.9144663 0.4029669 0
-0.6307026 0.2914168 0.7192293 0
-0.7751422 -0.2807625 -0.5659744 0
0.134346 1.170745 0.2181838 1

-0.6856349 -0.00602182 0.7279209 0
-0.5420506 0.6716773 -0.5050056 0
-0.4858868 -0.7408193 -0.4637894 0
0.1893531 1.200452 0.4314284 1

-0.7316126 -0.01364513 0.6815842 0
-0.4856819 0.7120302 -0.5070765 0
-0.4783892 -0.7020167 -0.5275571 0
0.180574 1.204282 0.4464692 1

-0.7467207 0.06401866 0.6620498 0
-0.2392491 0.9028848 -0.3571539 0
-0.6206192 -0.425089 -0.6588864 0
0.1739588 1.203807 0.4625393 1

-0.7666396 0.06125573 0.6391492 0
-0.05509466 0.9854916 -0.1605334 0
-0.6397097 -0.1582849 -0.752142 0
0.1608252 1.197688 0.4762147 1

-0.9288095 -0.03092755 0.3692647 0
0.3303219 0.3824959 0.8628929 0
-0.1679295 0.9234394 -0.3450498 0
0.1168058 1.201003 0.4448766 1

-0.1809894 -0.9758216 0.1225367 0
-0.3045626 -0.06285813 -0.9504161 0
0.935139 -0.2093355 -0.2858223 0
0.1157745 1.144339 0.2848339 1

-0.2228127 -0.9700666 0.09656804 0
-0.5544679 0.04462977 -0.8310076 0
0.8018229 -0.2387031 -0.547815 0
0.115888 1.129994 0.280464 1

-0.04649315 -0.9938722 0.1002836 0
-0.2118901 -0.08829545 -0.9732969 0
0.9761868 -0.0665009 -0.2064868 0
0.1151086 1.159388 0.2878807 1

-0.07614136 -0.9849531 0.1551464 0
-0.9425074 0.02031798 -0.3335671 0
0.3253958 -0.171625 -0.9298725 0
0.1261139 1.178717 0.2922146 1

0.1578763 -0.971237 0.1782522 0
-0.5898011 0.05202933 0.8058708 0
-0.7919658 -0.2323614 -0.5646223 0
0.1179689 1.182243 0.2349096 1

-0.683322 -0.00755854 0.7300781 0
-0.728138 0.08062893 -0.6806716 0
-0.05372055 -0.9967156 -0.06059919 0
0.1787866 1.213558 0.4215652 1

-0.726706 -0.01763272 0.6867224 0
-0.6558308 0.3152774 -0.6859204 0
-0.2044134 -0.9488358 -0.240678 0
0.1675583 1.223372 0.4328694 1

-0.7463562 0.06342779 0.6625174 0
-0.470588 0.653632 -0.5927161 0
-0.4706372 -0.7541501 -0.457994 0
0.166366 1.232613 0.4511068 1

-0.7659692 0.05819953 0.6402376 0
-0.3216461 0.8275897 -0.4600423 0
-0.5566283 -0.5583082 -0.6151887 0
0.1593145 1.224774 0.4717993 1

-0.9751163 -0.1868878 0.1192534 0
0.04928079 0.3417315 0.9385047 0
-0.2161477 0.921028 -0.324018 0
0.1275295 1.212897 0.4714892 1

-0.2238462 -0.9709418 0.08464701 0
0.5058979 -0.1899871 -0.8414112 0
0.833043 -0.145524 0.5337252 0
0.1049726 1.130809 0.2641321 1

-0.1781081 -0.9780546 0.1081066 0
0.6125788 -0.1961854 -0.7656755 0
0.7700813 -0.07014932 0.6340775 0
0.1074425 1.142619 0.2588335 1

-0.04587363 -0.9947693 0.09126862 0
0.2176357 -0.09912269 -0.9709837 0
0.9749514 -0.0246794 0.2210444 0
0.1083511 1.156571 0.2568413 1

-0.0813818 -0.9852382 0.1506085 0
-0.3647172 -0.1111909 -0.9244554 0
0.927555 -0.1301636 -0.3502847 0
0.09970464 1.179231 0.2828781 1

0.4995717 -0.6918587 -0.5213061 0
-0.2560772 -0.6928308 0.6740994 0
-0.8275584 -0.2032663 -0.5232879 0
0.1000071 1.183329 0.2596565 1

0.840066 -0.06942287 -0.5380239 0
-0.03316949 0.9833488 -0.1786751 0
0.5414694 0.1679448 0.8237752 0
0.001185132 0.9607009 -0.03166089 1

0.7712819 -0.1478323 -0.6190879 0
0.1561032 0.986882 -0.0411792 0
0.6170545 -0.06488077 0.7842414 0
-0.0008604079 1.016164 -0.0420114 1

-0.9709473 0.1698262 0.1685843 0
-0.009182841 -0.7304311 0.6829247 0
0.2391176 0.6615357 0.7107695 0
-0.05392559 0.8778455 0.01602699 1

-0.893521 0.06435904 0.4443851 0
0.1711207 -0.8661819 0.4695175 0
0.415136 0.4955672 0.7629386 0
0.05730214 0.8686537 -0.05520931 1

0.7131312 -0.1633675 -0.6817295 0
0.1967045 0.9800313 -0.02908646 0
0.672868 -0.1133567 0.7310261 0
0.009421773 1.081168 -0.04472378 1

-0.9901744 -0.06958047 0.121298 0
0.02043918 -0.9301159 -0.366697 0
0.1383361 -0.3606147 0.9223993 0
-0.06065159 0.6147541 0.2644001 1

-0.8840597 0.01656362 0.4670803 0
-0.1527664 -0.9547195 -0.2552901 0
0.4417021 -0.2970458 0.8465594 0
0.1246049 0.5574546 0.1168122 1

0.6494484 -0.1767164 -0.7395865 0
0.2389931 0.9707699 -0.02208966 0
0.721872 -0.1624099 0.6726991 0
0.02422921 1.154943 -0.04691334 1

-0.922994 0.07499003 0.3774372 0
0.05819304 -0.9423485 0.3295346 0
0.3803891 0.3261226 0.8654181 0
-0.0511958 0.184454 0.09475482 1

-0.8596136 -0.03858288 0.5094858 0
0.4200261 -0.6211389 0.6616374 0
0.2909336 0.7827499 0.5501454 0
0.05394535 0.1158648 -0.001268027 1

0.856705 -0.1161587 -0.5025573 0
0.2586333 0.9397194 0.2236877 0
0.4462796 -0.3216123 0.8351048 0
0.04446886 1.237154 -0.04878407 1

0.8194349 -0.1213446 0.5601809 0
-0.5613672 -0.3672456 0.7416187 0
0.1157322 -0.9221748 -0.3690526 0
0.01947727 1.232292 -0.02339811 1

-0.9409542 0.05777736 0.3335675 0
0.3006422 -0.3103465 0.9018313 0
0.1556269 0.9488663 0.2746513 0
-0.04167042 0.03020473 0.148695 1

-0.7103194 0.1504219 -0.6876189 0
0.4612797 -0.6384063 -0.6161642 0
-0.531665 -0.7548578 0.3840857 0
0.06398927 1.220187 -0.07375844 1

-0.8446888 5.221367E-05 0.5352576 0
0.5274307 0.1704668 0.8323207 0
-0.09120019 0.9853634 -0.144019 0
0.1247761 0.01111956 0.1103066 1

0.8888154 -0.299441 -0.3469039 0
0.4256811 0.8198221 0.382998 0
0.1697142 -0.4880848 0.8561369 0
0.05481181 1.297254 -0.04504377 1

0.8888352 0.3664326 0.2751359 0
-0.06973132 -0.4852786 0.8715749 0
0.4528907 -0.7938716 -0.4057807 0
-0.02088324 1.205889 0.02992192 1

0.09811893 -0.6205431 -0.7780098 0
0.5309075 -0.6286008 0.5683298 0
-0.8417306 -0.4688147 0.2677732 0
0.09715384 1.174287 -0.1180587 1

-0.5620952 0.8269601 -0.01363552 0
0.6746674 0.4679915 0.5707963 0
0.478407 0.3116427 -0.8209786 0
-0.03776066 1.088434 0.2408742 1

0.1423171 -0.7193291 0.6799352 0
-0.3451564 0.6077453 0.7152015 0
-0.9276925 -0.336469 -0.1617885 0
0.2256479 1.022149 0.01949262 1

-0.6854858 0.02247792 0.7277392 0
0.7276523 -0.013363 0.6858168 0
0.02514075 0.9996583 -0.007196018 0
0.1079344 1.189497 0.3641382 1

-0.08503159 -0.9960582 0.02525026 0
-0.06873506 0.03114583 0.9971488 0
-0.9940048 0.08305376 -0.07111272 0
0.1511091 1.153396 0.173945 1

-0.7329445 -0.04979026 0.6784642 0
0.2571634 0.9030361 0.344084 0
-0.6298095 0.4266704 -0.6490711 0
0.1786344 1.188239 0.396444 1

-0.7520427 0.08870596 0.6531183 0
0.4315908 0.8151978 0.3862416 0
-0.4981585 0.5723497 -0.6513482 0
0.1559736 1.187649 0.4207807 1

-0.7638183 -0.03363786 0.6445547 0
0.212148 0.9300699 0.2999402 0
-0.60957 0.3658405 -0.7032679 0
0.1688913 1.189253 0.4093644 1

-0.905199 0.0533372 0.4216284 0
0.4057491 0.4035873 0.8200523 0
-0.1264243 0.9133855 -0.3869683 0
0.108775 1.200762 0.3940606 1

-0.7437546 0.1083517 0.6596134 0
0.5601348 0.6395424 0.5265316 0
-0.3647998 0.7610821 -0.5363541 0
0.1420552 1.18961 0.431466 1

-0.07300407 -0.9813473 0.177842 0
-0.8723813 0.1492539 0.465483 0
-0.4833441 -0.1211638 -0.8670053 0
0.1479225 1.163894 0.246233 1

-0.1934479 -0.9654241 0.1747406 0
-0.8967472 0.2462418 0.3677091 0
-0.3980238 -0.08556546 -0.9133762 0
0.1453088 1.145899 0.2489204 1

-0.2483748 -0.9555154 0.1590601 0
-0.9057289 0.287308 0.3116235 0
-0.3434605 -0.06666587 -0.9367983 0
0.1430334 1.131707 0.2486968 1

-0.0660606 -0.9815168 0.1796126 0
-0.5685417 0.1849531 0.8015939 0
-0.8199981 -0.04916331 -0.5702515 0
0.1480161 1.18121 0.2441162 1

0.03171356 -0.9038714 0.4266273 0
-0.6363807 0.3108826 0.7059548 0
-0.7707234 -0.2938856 -0.5653472 0
0.1398082 1.176605 0.1938546 1

-0.7307505 -0.0597292 0.6800268 0
-0.5424702 0.6555368 -0.5253556 0
-0.4144037 -0.7527982 -0.511435 0
0.1850162 1.210636 0.4049743 1

-0.7613181 -0.05106331 0.6463651 0
-0.4858515 0.7050654 -0.5165575 0
-0.4293528 -0.7073017 -0.5615883 0
0.1748946 1.215715 0.4179261 1

-0.7530046 0.0775158 0.653434 0
-0.2303927 0.8991195 -0.3721615 0
-0.6163635 -0.4307855 -0.6591817 0
0.1705452 1.215201 0.4338464 1

-0.7462366 0.1002435 0.6580903 0
-0.06866462 0.9717324 -0.225881 0
-0.6621306 -0.2137482 -0.7182587 0
0.1588556 1.208797 0.4472662 1

-0.9173329 -0.009485483 0.3980085 0
0.3622501 0.3948285 0.8443258 0
-0.1651538 0.9187062 -0.358753 0
0.1149977 1.211169 0.4165919 1

-0.2144177 -0.9628478 0.1641619 0
-0.2402045 -0.1109289 -0.9643636 0
0.9467459 -0.2462091 -0.207495 0
0.1200637 1.152846 0.2592707 1

-0.2685176 -0.9514289 0.1506027 0
-0.6053148 0.04503971 -0.7947109 0
0.7493281 -0.3045561 -0.588008 0
0.1208474 1.138737 0.2563305 1

-0.09493784 -0.9809862 0.1692714 0
-0.1461493 -0.1544619 -0.9771295 0
0.9846966 -0.1175056 -0.128706 0
0.119044 1.168927 0.261629 1

-0.08271901 -0.9795192 0.1835748 0
-0.9491913 0.02131443 -0.313978 0
0.3036346 -0.2002196 -0.9315143 0
0.1312473 1.186655 0.2677597 1

0.1544351 -0.9666045 0.2045124 0
-0.5966996 0.07373078 0.7990705 0
-0.7874643 -0.2454369 -0.5653862 0
0.1233081 1.188557 0.2101354 1

-0.7287585 -0.06111722 0.6820384 0
-0.6842156 0.1051095 -0.7216661 0
-0.02758279 -0.9925814 -0.1184168 0
0.1744423 1.223427 0.3947147 1

-0.7560693 -0.05511022 0.6521676 0
-0.6412645 0.2616978 -0.7213148 0
-0.1309193 -0.9635754 -0.2332018 0
0.1618745 1.234618 0.4040723 1

-0.751731 0.07555352 0.655128 0
-0.5545907 0.4651017 -0.6900075 0
-0.356834 -0.8820278 -0.3077299 0
0.1632354 1.243886 0.4219355 1

-0.7454323 0.09711193 0.65947 0
-0.3581512 0.7760463 -0.5191152 0
-0.5621915 -0.6231549 -0.5437089 0
0.1569719 1.235506 0.4410546 1

-0.9726218 -0.1657222 0.1629235 0
0.09388861 0.3610932 0.9277917 0
-0.2125859 0.9176866 -0.3356476 0
0.1267071 1.223435 0.4426135 1

-0.2698826 -0.9530988 0.1369885 0
0.5301592 -0.2658448 -0.8051448 0
0.8038002 -0.1446689 0.5770411 0
0.1089295 1.139562 0.2407158 1

-0.2093945 -0.9664069 0.1490361 0
0.7344303 -0.2560608 -0.6285269 0
0.6455749 -0.02215362 0.7633762 0
0.1134923 1.149811 0.2328888 1

-0.09286934 -0.9828725 0.1591757 0
0.3853713 -0.1828891 -0.9044561 0
0.9180765 -0.02265469 0.3957555 0
0.114383 1.164001 0.2304673 1

-0.0879561 -0.9798537 0.1793057 0
-0.3976291 -0.1305039 -0.9082181 0
0.913321 -0.1511807 -0.3781397 0
0.1046504 1.187198 0.2589736 1

0.5027544 -0.7058809 -0.4989695 0
-0.2632836 -0.6748399 0.6894004 0
-0.8233591 -0.2152284 -0.5251257 0
0.1051335 1.190309 0.234688 1

0.8373755 -0.07021099 -0.5421002 0
-0.03186829 0.9837595 -0.1766398 0
0.5456983 0.1651896 0.8215386 0
0.002718773 0.9666231 -0.03982297 1

0.7694122 -0.1437267 -0.6223726 0
0.1527954 0.9874821 -0.03914841 0
0.6202085 -0.06497442 0.7817416 0
0.0007453449 1.022111 -0.05005786 1

-0.9695051 0.1686468 0.1778156 0
-0.002071917 -0.7311802 0.6821813 0
0.2450629 0.6610097 0.7092322 0
-0.05234747 0.8837959 0.007965312 1

-0.8881305 0.05397112 0.4564117 0
0.1680411 -0.8861862 0.4317832 0
0.4277693 0.4601756 0.7779793 0
0.05852404 0.8744997 -0.0638107 1

0.7136557 -0.1582693 -0.6823829 0
0.1922078 0.980996 -0.02651207 0
0.673611 -0.1122388 0.730514 0
0.01080965 1.087154 -0.05263648 1

-0.988429 -0.05029369 0.143105 0
0.01880557 -0.9767847 -0.2133968 0
0.1505152 -0.2082364 0.9664279 0
-0.05648975 0.6204286 0.2561024 1

-0.8796781 0.00753995 0.4755104 0
-0.1540535 -0.9504788 -0.2699224 0
0.449927 -0.310699 0.8372765 0
0.1247551 0.5559254 0.0945869 1

0.6528237 -0.1707999 -0.7380033 0
0.2332859 0.9722292 -0.01864771 0
0.7206933 -0.1599921 0.6745396 0
0.02527859 1.161001 -0.05463225 1

-0.9278902 0.08665939 0.3626434 0
0.1152238 -0.8583608 0.4999403 0
0.3546034 0.5056748 0.7864792 0
-0.04778973 0.168538 0.1573786 1

-0.8551019 -0.03838716 0.5170372 0
0.4226066 -0.6293113 0.6522052 0
0.3003407 0.7762053 0.5543476 0
0.05350021 0.1162971 -0.03026126 1

0.8543605 -0.117514 -0.50622 0
0.2524639 0.9452813 0.206652 0
0.4542359 -0.3043576 0.8372792 0
0.04503491 1.243336 -0.05621147 1

0.8171636 -0.1186267 0.5640668 0
-0.5632721 -0.3720542 0.737767 0
0.1223446 -0.9205995 -0.3708482 0
0.01999249 1.238256 -0.03091864 1

-0.94507 0.05957302 0.3213938 0
0.3049642 -0.1931792 0.9325657 0
0.1176423 0.9793534 0.1644001 0
-0.02892919 0.02803643 0.2392118 1

-0.7139531 0.1534361 -0.6831756 0
0.4619375 -0.6300242 -0.6242465 0
-0.5261991 -0.7612668 0.3789296 0
0.06473474 1.226555 -0.08117045 1

-0.8397411 -9.711832E-05 0.5429873 0
0.5358039 0.161975 0.8286608 0
-0.08803092 0.9867953 -0.1359652 0
0.1247661 0.01017393 0.07972274 1

0.8888164 -0.2967918 -0.3491707 0
0.411817 0.8515383 0.3244831 0
0.2010283 -0.4322003 0.8790851 0
0.05491556 1.30357 -0.05351833 1

0.8870668 0.3710424 0.2746634 0
-0.06759554 -0.4841619 0.8723637 0
0.4566655 -0.7924107 -0.4044031 0
-0.02050497 1.211506 0.02212447 1

0.09334487 -0.6103725 -0.7865955 0
0.5341268 -0.6360355 0.5569272 0
-0.8402357 -0.4721277 0.2666454 0
0.09794658 1.181258 -0.1260518 1

-0.5667236 0.8237422 -0.01653954 0
0.677018 0.4770317 0.5604349 0
0.4695438 0.3064142 -0.8280332 0
-0.0368655 1.094321 0.2332677 1

0.1424867 -0.7217163 0.6773652 0
-0.345287 0.6051137 0.7173666 0
-0.9276181 -0.3361003 -0.1629787 0
0.2272198 1.02732 0.008739823 1

-0.6844997 0.02359815 0.7286314 0
0.728595 -0.01171554 0.6848447 0
0.02469719 0.999653 -0.009174392 0
0.1093372 1.197337 0.3542941 1

-0.08692139 -0.9958498 0.02698472 0
-0.0668982 0.03286101 0.997219 0
-0.9939668 0.08487462 -0.06947708 0
0.1526528 1.157998 0.1636598 1

-0.7622473 -0.1095191 0.6379537 0
0.1868522 0.9063948 0.37886 0
-0.6197304 0.4079883 -0.670433 0
0.1800818 1.196172 0.3865055 1

-0.7526817 0.09081227 0.652092 0
0.4110547 0.8385057 0.3576898 0
-0.5143003 0.5372722 -0.6684568 0
0.1574546 1.19562 0.4108742 1

-0.7810779 -0.08360264 0.6188121 0
0.1095066 0.9572998 0.2675547 0
-0.6147568 0.2767451 -0.7385705 0
0.170356 1.197208 0.3994372 1

-0.8932261 0.06306264 0.4451633 0
0.4309597 0.4022855 0.8077377 0
-0.1281447 0.9133399 -0.3865094 0
0.1102139 1.20866 0.3841933 1

-0.7194733 0.1346404 0.6813444 0
0.5829711 0.6502987 0.4870893 0
-0.3774958 0.7476522 -0.5463641 0
0.1435501 1.197595 0.4215747 1

-0.1106693 -0.9711572 0.2112031 0
-0.8873044 0.1922779 0.4191906 0
-0.4477099 -0.1410097 -0.882991 0
0.1496155 1.168618 0.2359365 1

-0.2190192 -0.9570359 0.1900349 0
-0.9068359 0.2715405 0.3223589 0
-0.3601114 -0.1017275 -0.9273468 0
0.1469716 1.150632 0.2386572 1

-0.2826986 -0.9416435 0.1827279 0
-0.8990353 0.3265222 0.2917523 0
-0.3343916 -0.08180074 -0.9388778 0
0.1446682 1.136444 0.2384602 1

-0.06972454 -0.9811062 0.1804705 0
-0.5401394 0.1892268 0.8200263 0
-0.8386827 -0.04030305 -0.5431278 0
0.149739 1.18593 0.2337922 1

0.03071751 -0.9032538 0.4280064 0
-0.6345171 0.3132394 0.7065903 0
-0.7722988 -0.2932819 -0.563508 0
0.1414325 1.181261 0.1835525 1

-0.7596272 -0.1192955 0.6393242 0
-0.5474955 0.6478766 -0.5296275 0
-0.351021 -0.7523462 -0.5574583 0
0.18472 1.218653 0.3958985 1

-0.7777305 -0.09966143 0.6206473 0
-0.494809 0.7060063 -0.5066749 0
-0.387685 -0.7011583 -0.5983959 0
0.1734382 1.224441 0.4070764 1

-0.7535028 0.07996136 0.6525643 0
-0.2257969 0.9007255 -0.3710926 0
-0.6174543 -0.4269659 -0.660644 0
0.1713323 1.223959 0.422975 1

-0.7220508 0.1263308 0.6802083 0
-0.08549473 0.959358 -0.2689295 0
-0.6865374 -0.2523349 -0.6819044 0
0.1610357 1.217106 0.4361918 1

-0.9024848 0.004378341 0.4307 0
0.3975179 0.3934619 0.8289555 0
-0.1658346 0.9193307 -0.3568339 0
0.1171249 1.219078 0.4065184 1

-0.2394642 -0.9543562 0.1784983 0
-0.2007631 -0.1312016 -0.9708148 0
0.9499222 -0.2683113 -0.1601813 0
0.1214428 1.158292 0.2477305 1

-0.3020047 -0.9371085 0.1749896 0
-0.646252 0.06630748 -0.7602385 0
0.7008227 -0.3426831 -0.6256332 0
0.1226459 1.144435 0.2456074 1

-0.1321785 -0.9705017 0.2016321 0
-0.1071136 -0.188241 -0.9762645 0
0.985422 -0.1506389 -0.07907245 0
0.1202462 1.175074 0.2497967 1

-0.0856142 -0.9789567 0.1852413 0
-0.9709177 0.04025328 -0.2360072 0
0.2235841 -0.2000597 -0.9539323 0
0.1338078 1.191501 0.2579793 1

0.1529212 -0.966578 0.2057737 0
-0.5951309 0.07615887 0.8000122 0
-0.7889456 -0.2448009 -0.5635941 0
0.1249847 1.193271 0.1998436 1

-0.7578855 -0.1205759 0.6411484 0
-0.652387 0.1383691 -0.7451482 0
0.001131944 -0.9830136 -0.1835299 0
0.1740484 1.231295 0.3855561 1

-0.7721242 -0.1038189 0.6269338 0
-0.6322259 0.2250889 -0.7413675 0
-0.06414776 -0.9687914 -0.2394334 0
0.1601781 1.24337 0.3934877 1

-0.75126 0.07706662 0.6554916 0
-0.6129748 0.2867234 -0.7362416 0
-0.2446842 -0.9549087 -0.1681637 0
0.1641691 1.252695 0.4110982 1

-0.7210941 0.123135 0.6818072 0
-0.3976147 0.7323447 -0.5527878 0
-0.5673853 -0.6697084 -0.4791289 0
0.1586892 1.243474 0.4287969 1

-0.9670331 -0.1487562 0.2066856 0
0.1406679 0.3645236 0.9205081 0
-0.2122731 0.9192358 -0.3315813 0
0.1299221 1.231295 0.4320462 1

-0.3037893 -0.9391819 0.1601553 0
0.538597 -0.3079542 -0.784269 0
0.7858918 -0.1519933 0.5993935 0
0.1099209 1.145679 0.2306719 1

-0.2328623 -0.9587461 0.1630387 0
0.8036476 -0.2841142 -0.5229061 0
0.5476556 0.009260413 0.8366533 0
0.1159504 1.154702 0.2211721 1

-0.1289754 -0.9730973 0.1909124 0
0.4915605 -0.2299401 -0.8399385 0
0.86124 -0.01448661 0.5079926 0
0.1168302 1.169071 0.2186626 1

-0.09087478 -0.9791337 0.1817679 0
-0.5023167 -0.1125354 -0.8573299 0
0.8598956 -0.1692148 -0.4816085 0
0.106602 1.192575 0.2513776 1

0.5004927 -0.7076483 -0.4987401 0
-0.2633657 -0.6732323 0.6909393 0
-0.8247099 -0.2144588 -0.5233181 0
0.1068574 1.195098 0.2244257 1

0.8339608 -0.0695848 -0.5474187 0
-0.03162786 0.9843594 -0.1733095 0
0.5509166 0.161847 0.8187164 0
0.004216606 0.9716979 -0.04680877 1

0.771583 -0.1377927 -0.6210256 0
0.1483676 0.9883144 -0.03494951 0
0.6185844 -0.06517366 0.7830107 0
0.002255082 1.02722 -0.05685474 1

-0.9651287 0.165885 0.2025074 0
0.01101834 -0.7471601 0.6645528 0
0.2615447 0.6436101 0.7192776 0
-0.05066811 0.8887913 0.001050595 1

-0.8827537 0.04260705 0.4678998 0
0.1651164 -0.9042217 0.3938522 0
0.4398661 0.4249325 0.7911701 0
0.05975127 0.879578 -0.0714296 1

0.7267846 -0.1496566 -0.6703632 0
0.1840555 0.9827155 -0.01984172 0
0.6617458 -0.1089634 0.7417676 0
0.01202775 1.092319 -0.05915679 1

-0.9867844 -0.02085227 0.1606924 0
0.01128711 -0.998122 -0.06020941 0
0.1616459 -0.05760006 0.9851663 0
-0.05004279 0.619616 0.2429096 1

-0.8757029 -0.00277061 0.4828422 0
-0.1546855 -0.9456707 -0.2859704 0
0.4574021 -0.3251138 0.8276981 0
0.1249641 0.5543452 0.07326578 1

0.6785582 -0.1600077 -0.7169074 0
0.2212417 0.9751841 -0.0082459 0
0.7004361 -0.1530146 0.6971196 0
0.02588299 1.166295 -0.06065043 1

-0.9357054 0.1014225 0.3378894 0
0.1538989 -0.744488 0.6496561 0
0.3174441 0.6598874 0.6810124 0
-0.04482103 0.157854 0.2150549 1

-0.8511401 -0.04233056 0.5232287 0
0.4258707 -0.6384389 0.6411159 0
0.3069108 0.7685074 0.5614284 0
0.05341686 0.1169407 -0.05900514 1

0.860699 -0.1180824 -0.4952309 0
0.2461112 0.9480246 0.201689 0
0.4456752 -0.2954754 0.8450254 0
0.04461933 1.248881 -0.06134875 1

0.8016921 -0.1087298 0.5877652 0
-0.5786665 -0.3875806 0.717584 0
0.1497833 -0.9154012 -0.3736385 0
0.01883723 1.243397 -0.03689726 1

-0.9510559 0.06602259 0.3018842 0
0.3009243 -0.0242678 0.9533393 0
0.07026792 0.9975231 0.003212057 0
-0.01962997 0.03599191 0.3213945 1

-0.6860667 0.139361 -0.7140663 0
0.5002102 -0.6223483 -0.602057 0
-0.5283014 -0.7702346 0.3572626 0
0.06533253 1.232434 -0.08570337 1

-0.8355037 -0.004480042 0.5494661 0
0.5422727 0.154755 0.8258275 0
-0.08873239 0.9879427 -0.126869 0
0.1252332 0.009278236 0.04910891 1

0.8900872 -0.2867486 -0.354288 0
0.4036184 0.8569916 0.3204015 0
0.2117472 -0.4281826 0.8785344 0
0.05421811 1.309176 -0.05904311 1

0.8794751 0.4034807 0.2524422 0
-0.04101354 -0.464181 0.8847905 0
0.4741745 -0.7885047 -0.3916873 0
-0.02276704 1.215531 0.01469475 1

0.1270651 -0.6033987 -0.7872512 0
0.5290659 -0.6301242 0.5683599 0
-0.8390137 -0.4887265 0.2391708 0
0.1012961 1.187689 -0.1289893 1

-0.5605812 0.8280574 -0.008337736 0
0.6653643 0.4563892 0.5907614 0
0.4929897 0.3256222 -0.8068033 0
-0.0326938 1.103182 0.2288457 1

0.137697 -0.727681 0.671952 0
-0.3658582 0.5930696 0.7172283 0
-0.9204278 -0.3445993 -0.1845642 0
0.2293444 1.035182 0.008569259 1

-0.6820612 0.01675769 0.7311032 0
0.7309008 -0.01720931 0.682267 0
0.02401518 0.9997115 -0.0005105138 0
0.1109924 1.20174 0.3564213 1

-0.08727269 -0.9960269 0.01771983 0
-0.06434712 0.02338696 0.9976534 0
-0.994104 0.08592764 -0.06613249 0
0.1503349 1.16326 0.1634593 1

-0.7673931 -0.1324578 0.6273459 0
0.1673856 0.9031129 0.3954355 0
-0.6189427 0.4084631 -0.6708711 0
0.1818456 1.200342 0.3883836 1

-0.7509812 0.08491219 0.6548414 0
0.4056149 0.8418669 0.3560013 0
-0.5210601 0.5329635 -0.6666679 0
0.1593008 1.199561 0.4128224 1

-0.7827741 -0.1038108 0.6135863 0
0.08087914 0.9606542 0.2657105 0
-0.6170279 0.2576177 -0.7435794 0
0.1721625 1.201257 0.4013565 1

-0.8881405 0.06125532 0.4554716 0
0.4407235 0.3944451 0.8063348 0
-0.1302661 0.9168757 -0.3773194 0
0.1119622 1.212802 0.3864153 1

-0.7105868 0.135267 0.6904845 0
0.5900993 0.649044 0.4801302 0
-0.3832088 0.7486287 -0.5410233 0
0.145431 1.201433 0.4235864 1

-0.1203562 -0.9701817 0.2103848 0
-0.8896681 0.1994393 0.410749 0
-0.4404601 -0.1377366 -0.8871434 0
0.1474859 1.173191 0.2358415 1

-0.2251272 -0.956661 0.1847097 0
-0.9084325 0.274629 0.3151649 0
-0.3522329 -0.09684423 -0.9308885 0
0.1448414 1.155181 0.2383974 1

-0.2912673 -0.9395856 0.1798399 0
-0.8969722 0.3335848 0.2901067 0
-0.332572 -0.07681279 -0.9399445 0
0.1425315 1.140997 0.238071 1

-0.07196704 -0.9829556 0.1691715 0
-0.4992947 0.1823339 0.8470297 0
-0.8634383 -0.02350831 -0.5039065 0
0.1476113 1.190523 0.2338617 1

0.03142509 -0.9073018 0.4193041 0
-0.6325849 0.3067466 0.7111559 0
-0.7738533 -0.2875937 -0.5643059 0
0.139175 1.186336 0.1836012 1

-0.7646506 -0.1421847 0.6285644 0
-0.5504856 0.6512389 -0.5223541 0
-0.335075 -0.7454339 -0.5762409 0
0.186001 1.222741 0.3981877 1

-0.7791978 -0.1194909 0.6152828 0
-0.5003832 0.7097526 -0.4958511 0
-0.377449 -0.694243 -0.6128289 0
0.1744301 1.228586 0.4089428 1

-0.7517558 0.07415589 0.6552588 0
-0.2260565 0.9044706 -0.3617063 0
-0.619485 -0.4200405 -0.6631776 0
0.1729946 1.228014 0.4248661 1

-0.7131854 0.1269076 0.6893915 0
-0.09242055 0.9578658 -0.2719407 0
-0.6948559 -0.2576582 -0.6714072 0
0.1631305 1.220906 0.4379947 1

-0.8964024 0.003936045 0.4432237 0
0.4103567 0.3853462 0.8265082 0
-0.1675413 0.9227638 -0.3470407 0
0.1191417 1.223014 0.4087506 1

-0.2454551 -0.9538464 0.1729997 0
-0.1926385 -0.126907 -0.9730288 0
0.9500749 -0.2721614 -0.1525974 0
0.1192678 1.162928 0.2472682 1

-0.3103769 -0.9348697 0.1722928 0
-0.6545548 0.07873932 -0.7519032 0
0.6893653 -0.3461484 -0.6363622 0
0.1205597 1.149161 0.2451779 1

-0.1417682 -0.9693592 0.200611 0
-0.09938434 -0.187696 -0.9771861 0
0.9848981 -0.1584716 -0.06972978 0
0.1180393 1.179885 0.2494221 1

-0.08666693 -0.9807473 0.1749965 0
-0.9905826 0.06614602 -0.1198779 0
0.1059946 -0.1837381 -0.9772437 0
0.1328847 1.195891 0.2588452 1

0.1530361 -0.9685548 0.1961676 0
-0.5930614 0.06877141 0.8022149 0
-0.7904798 -0.2391076 -0.5638879 0
0.1227739 1.198197 0.2000478 1

-0.762967 -0.1434539 0.6303192 0
-0.6463696 0.155161 -0.7470822 0
0.009370759 -0.9774182 -0.2111069 0
0.175271 1.23545 0.3879874 1

-0.77347 -0.123722 0.6216406 0
-0.6321878 0.221203 -0.7425687 0
-0.04563687 -0.9673481 -0.2493093 0
0.1610207 1.247615 0.3956446 1

-0.749228 0.07103795 0.6584914 0
-0.6269407 0.2444995 -0.7397065 0
-0.2135482 -0.9670436 -0.1386494 0
0.165823 1.25687 0.4132887 1

-0.7121749 0.1236844 0.6910201 0
-0.4113163 0.7241732 -0.5535271 0
-0.568881 -0.678436 -0.4648646 0
0.1605937 1.247233 0.430517 1

-0.9640869 -0.1459652 0.2218793 0
0.1578742 0.3568406 0.9207284 0
-0.2135698 0.922691 -0.3209814 0
0.1323345 1.234979 0.4341961 1

-0.3122626 -0.9369026 0.157181 0
0.5398143 -0.3111385 -0.7821721 0
0.7817241 -0.1593944 0.6029102 0
0.1076709 1.150649 0.2304062 1

-0.2384994 -0.9582943 0.1574499 0
0.8169587 -0.2856376 -0.5009886 0
0.5250681 0.009144733 0.851011 0
0.1139977 1.159456 0.2206493 1

-0.1382848 -0.9720493 0.1897307 0
0.5152028 -0.2342139 -0.8244453 0
0.8458389 -0.01625834 0.5331907 0
0.1148698 1.173899 0.2182587 1

-0.09176978 -0.9807067 0.1726063 0
-0.6408386 -0.074508 -0.7640513 0
0.7621706 -0.1807296 -0.6216369 0
0.105128 1.19769 0.2554964 1

0.4989233 -0.7030642 -0.506731 0
-0.2618909 -0.6796784 0.6851643 0
-0.8261288 -0.2091363 -0.5232338 0
0.1047098 1.199796 0.2246923 1

0.8278425 -0.06682444 -0.5569662 0
-0.03484722 0.9848356 -0.1699548 0
0.5598773 0.1601045 0.81296 0
0.005172662 0.9761198 -0.05148473 1

0.7732246 -0.1305725 -0.6205438 0
0.1422943 0.989343 -0.03086888 0
0.6179612 -0.06443129 0.783564 0
0.003026521 1.03167 -0.06133946 1

-0.9573456 0.1625011 0.2389207 0
0.02309611 -0.7811886 0.6238679 0
0.2880213 0.6027753 0.744114 0
-0.04906323 0.8929963 -0.003263332 1

-0.8752358 0.02888635 0.4828332 0
0.1656341 -0.9199663 0.3552849 0
0.4544532 0.3909317 0.8004028 0
0.06054606 0.8841485 -0.07700765 1

0.7405294 -0.1396064 -0.6573631 0
0.174018 0.9846556 -0.01308067 0
0.6491024 -0.1047064 0.7534605 0
0.01239915 1.096836 -0.06337273 1

-0.984652 0.007734802 0.1743585 0
0.005019806 -0.9973491 0.07259212 0
0.1744578 0.07235312 0.9820029 0
-0.0440152 0.611459 0.2240313 1

-0.8706645 -0.01499259 0.4916491 0
-0.155367 -0.9399808 -0.3038047 0
0.4666955 -0.3408979 0.8160784 0
0.1259906 0.5531009 0.05372284 1

0.705887 -0.1475153 -0.6927934 0
0.2068907 0.978361 0.002480134 0
0.6774361 -0.1450832 0.7211319 0
0.0254988 1.170958 -0.06435741 1

-0.9435145 0.1131976 0.311395 0
0.1777635 -0.6201715 0.7640601 0
0.2796079 0.7762564 0.5650181 0
-0.04169289 0.1500547 0.2576146 1

-0.8471422 -0.04968277 0.5290385 0
0.431042 -0.6464663 0.6295111 0
0.3107296 0.7613232 0.5690641 0
0.05412818 0.1183283 -0.086797 1

0.8688267 -0.1169413 -0.481108 0
0.2416562 0.9482627 0.2059129 0
0.432137 -0.2951654 0.8521354 0
0.04301979 1.253813 -0.06414738 1

0.7839022 -0.09746733 0.6131867 0
-0.5941916 -0.4042323 0.6953654 0
0.1800943 -0.9094487 -0.3747927 0
0.01646999 1.247865 -0.04064418 1

-0.9571688 0.07081161 0.2807376 0
0.286467 0.09094422 0.9537641 0
0.04200608 0.9933354 -0.1073343 0
-0.01259544 0.04854123 0.3826806 1

-0.6482055 0.1189145 -0.7521231 0
0.5460429 -0.6158352 -0.5679651 0
-0.5307232 -0.7788497 0.3342552 0
0.06482662 1.237758 -0.08779819 1

-0.8313785 -0.01226603 0.5555714 0
0.5477785 0.150186 0.8230327 0
-0.09353445 0.9885817 -0.1181424 0
0.1268166 0.009312076 0.01936006 1

0.8923234 -0.276483 -0.3568139 0
0.3981229 0.8545853 0.3334398 0
0.2127377 -0.439592 0.8726407 0
0.0525082 1.314119 -0.06167077 1

0.8683944 0.4450909 0.2185987 0
-0.003471315 -0.4353675 0.9002464 0
0.495862 -0.7825276 -0.3765256 0
-0.02625049 1.218802 0.009350384 1

0.1737076 -0.6001898 -0.7807676 0
0.5231594 -0.6154566 0.5895066 0
-0.8343442 -0.5108675 0.2070853 0
0.1040854 1.193481 -0.1286331 1

-0.5530726 0.8331171 0.00517267 0
0.6450562 0.4242807 0.6355224 0
0.5272698 0.3548268 -0.7720652 0
-0.02709064 1.113428 0.2272422 1

0.1351782 -0.7334352 0.6661834 0
-0.3936367 0.577264 0.7154139 0
-0.9092729 -0.3589421 -0.2106734 0
0.2307042 1.044524 0.01404356 1

-0.6781365 0.004340027 0.7349232 0
0.7346285 -0.02493074 0.6780117 0
0.02126491 0.99968 0.01371796 0
0.1122099 1.205051 0.3644839 1

-0.0843845 -0.9964182 0.005497392 0
-0.05946574 0.01054316 0.9981749 0
-0.9946574 0.08390375 -0.06014222 0
0.1456958 1.169188 0.1685419 1

-0.7564566 -0.1278858 0.6414194 0
0.1847705 0.8989645 0.3971434 0
-0.6274022 0.4189373 -0.6563982 0
0.1832387 1.203395 0.3960415 1

-0.7472779 0.07310782 0.6604782 0
0.4104903 0.8324013 0.3722987 0
-0.5225646 0.5493305 -0.6520448 0
0.1608288 1.2022 0.4205875 1

-0.7752384 -0.1011124 0.623524 0
0.1057275 0.9524098 0.2858981 0
-0.622758 0.2875628 -0.727654 0
0.1736236 1.204097 0.4090782 1

-0.8884221 0.05025686 0.4562683 0
0.4388296 0.384599 0.8121037 0
-0.1346664 0.9217148 -0.3637406 0
0.1133117 1.215685 0.3946281 1

-0.7135621 0.1167428 0.690797 0
0.5851865 0.641464 0.4960654 0
-0.3852093 0.7582185 -0.5260407 0
0.1470125 1.203878 0.4314516 1

-0.1035579 -0.97677 0.187607 0
-0.8831918 0.1770541 0.4343093 0
-0.4574368 -0.1207167 -0.8810106 0
0.1431777 1.178192 0.2410574 1

-0.213046 -0.9623074 0.169046 0
-0.9041795 0.2597466 0.3391041 0
-0.3702313 -0.08060323 -0.9254363 0
0.1405965 1.160144 0.2433974 1

-0.2767487 -0.9471889 0.1619996 0
-0.8985403 0.314834 0.3057863 0
-0.3406403 -0.06093727 -0.9382171 0
0.1383249 1.145958 0.2429023 1

-0.07183297 -0.9851928 0.1556786 0
-0.4481969 0.1713192 0.8773652 0
-0.8910443 -0.006750703 -0.4538665 0
0.1432446 1.195548 0.2392974 1

0.03605287 -0.9124544 0.4075872 0
-0.629911 0.2958812 0.7180994 0
-0.7758303 -0.2826331 -0.5640977 0
0.1345711 1.191975 0.1890299 1

-0.7537844 -0.1376601 0.6425409 0
-0.5543362 0.6582948 -0.5092738 0
-0.3528746 -0.7400665 -0.572522 0
0.1878253 1.225692 0.4058881 1

-0.7717852 -0.1171674 0.6249958 0
-0.5029599 0.7138703 -0.487259 0
-0.3890749 -0.6904069 -0.6098845 0
0.1765985 1.231191 0.4172394 1

-0.7480528 0.06226018 0.6607124 0
-0.2318431 0.9083422 -0.3480858 0
-0.6218247 -0.4135682 -0.6650532 0
0.1746874 1.230333 0.433182 1

-0.7161189 0.1084351 0.6895038 0
-0.09283202 0.9642856 -0.2480642 0
-0.6917776 -0.2416515 -0.6804769 0
0.1645645 1.223124 0.4463381 1

-0.897322 -0.007756695 0.441309 0
0.4064757 0.3751546 0.8330886 0
-0.172021 0.9269301 -0.3334815 0
0.1204423 1.2256 0.4171122 1

-0.2336313 -0.9594337 0.1578096 0
-0.2112725 -0.108332 -0.9714056 0
0.9490948 -0.2602917 -0.1773921 0
0.1151425 1.167471 0.2529424 1

