MeshAnim
1
113
52
30
0.9884528 -0.01658344 -0.1506191 0
0.00564824 0.9973348 -0.07274123 0
0.151424 0.07105055 0.9859121 0
0.002709664 1.005962 0.005110549 1

0.9894642 -0.01414937 -0.1440844 0
0.0127831 0.9998642 -0.0104038 0
0.144212 0.008452347 0.9895107 0
0.0029802 1.062246 0.0006889906 1

-0.9920335 0.1003413 0.07617112 0
-0.08563644 -0.980582 0.1764269 0
0.0923948 0.1684982 0.981362 0
-0.06390281 0.9188083 0.01708646 1

-0.9756822 -0.071991 0.2070304 0
0.1088513 -0.9789638 0.1725721 0
0.1902517 0.1909111 0.9629939 0
0.06697186 0.9166126 -0.00285605 1

0.9912 -0.01588514 -0.1314168 0
0.03241994 0.9916703 0.1246555 0
0.1283419 -0.1278191 0.9834585 0
0.003822195 1.128105 3.714114E-06 1

-0.9962522 0.08224742 -0.02679418 0
-0.0742096 -0.9718038 -0.2238104 0
-0.04444665 -0.2209834 0.9742643 0
-0.09850181 0.5645052 0.08207734 1

-0.9629169 -0.05060078 0.265011 0
-0.01980578 -0.9663473 -0.2564772 0
0.2690706 -0.2522149 0.9295099 0
0.1109331 0.5636005 0.06359483 1

0.9926966 -0.01934569 -0.1190766 0
0.04970841 0.9649647 0.257628 0
0.1099207 -0.2616655 0.9588787 0
0.00626269 1.202755 0.009387481 1

-0.9988996 0.02461329 -0.03993523 0
-0.04648206 -0.6341728 0.7717933 0
-0.006329551 0.7728001 0.6346182 0
-0.1328335 0.1149189 -0.02146424 1

-0.9668752 -0.004341405 0.2552129 0
0.2049815 -0.6090152 0.7662133 0
0.1521021 0.7931465 0.5897316 0
0.1017723 0.1166324 -0.05503445 1

0.9886542 -0.05211908 -0.1408768 0
0.09377205 0.9468216 0.3077912 0
0.1173434 -0.3175094 0.9409666 0
0.01047235 1.284475 0.03120526 1

0.1048747 -0.2615535 0.9594743 0
-0.9595143 -0.2802153 0.02849224 0
0.261407 -0.9236175 -0.2803519 0
-0.02400343 1.274322 0.03220528 1

-0.9969682 -0.01882204 -0.07550552 0
-0.07518846 -0.01702918 0.997024 0
-0.02005184 0.9996784 0.01556214 0
-0.1404419 0.01111364 0.1048675 1

-0.1085498 0.26164 -0.959042 0
0.9282521 -0.3185795 -0.1919777 0
-0.35576 -0.9110718 -0.2082862 0
0.0438153 1.272942 0.02428445 1

-0.9574264 0.03781417 0.2861903 0
0.2860412 -0.009413108 0.958171 0
0.03892636 0.9992403 -0.00180411 0
0.1363391 0.01393169 0.07417527 1

0.9941186 -0.003158412 -0.1082496 0
0.02069004 0.9867017 0.1612195 0
0.1063009 -0.162511 0.9809639 0
0.01473768 1.344954 0.03876393 1

0.4033068 -0.3398517 0.8496141 0
-0.3530328 -0.9143818 -0.1981767 0
0.8442225 -0.2200156 -0.4887552 0
-0.09298946 1.254176 0.03425379 1

0.0404226 0.4633673 -0.8852439 0
0.2041405 -0.8711102 -0.4466477 0
-0.9781068 -0.1626593 -0.1298047 0
0.1105537 1.250037 0.01048188 1

0.6563531 0.7274582 0.2000138 0
0.3496991 -0.5282542 0.7737299 0
0.6685142 -0.4378953 -0.6011128 0
-0.178436 1.032862 -0.01371204 1

0.4387174 -0.8000991 -0.4091073 0
0.01751579 -0.4475588 0.8940829 0
-0.8984545 -0.3994154 -0.1823376 0
0.1599613 1.039205 -0.097619 1

0.8364069 0.5448123 0.06002729 0
0.09231552 -0.2479776 0.9643572 0
0.5402791 -0.8010535 -0.257705 0
-0.1029181 0.9187854 0.1533757 1

0.649174 -0.6669421 -0.3657345 0
0.3000413 -0.2173077 0.9288447 0
-0.6989626 -0.7127171 0.0590394 0
0.1637439 0.9425516 0.09546405 1

0.8093393 0.5873335 0.003070615 0
0.4867303 -0.6736169 0.5561777 0
0.3287304 -0.448642 -0.8310575 0
-0.1168619 0.8866894 0.2227957 1

0.8390871 0.5434247 -0.02495948 0
0.274884 -0.3839543 0.881486 0
0.469438 -0.7465045 -0.4715498 0
-0.08976878 0.9058113 0.2253362 1

0.8467605 0.5318115 0.01316057 0
0.3570506 -0.586494 0.7270071 0
0.3943496 -0.6109021 -0.6865037 0
-0.1028645 0.8944856 0.2252833 1

0.5835574 0.6276355 -0.5153005 0
0.7766283 -0.2459128 0.5799788 0
0.2372964 -0.7386478 -0.6309438 0
-0.07705875 0.9164048 0.172046 1

0.8340316 0.5506305 -0.03460601 0
0.2351094 -0.2979717 0.9251681 0
0.4991143 -0.7797556 -0.3779764 0
-0.07468043 0.9147422 0.2232581 1

0.6928625 -0.6712422 -0.2633929 0
-0.04634608 -0.4059812 0.9127055 0
-0.7195789 -0.6201723 -0.3123987 0
0.1808771 0.9331301 0.1659169 1

0.6781283 -0.6547628 -0.3338083 0
0.04339085 -0.417735 0.9075321 0
-0.7336618 -0.6299075 -0.2548674 0
0.1927535 0.9198324 0.1614446 1

0.6501909 -0.7106802 -0.2686742 0
-0.1924554 -0.4961484 0.846639 0
-0.7349918 -0.4987691 -0.4593655 0
0.2011315 0.9096064 0.1557982 1

0.7037583 -0.6339222 -0.3207296 0
0.05153017 -0.4047155 0.9129896 0
-0.7085685 -0.6590509 -0.2521558 0
0.1681219 0.9439511 0.1708702 1

0.7449541 -0.6352653 0.2036707 0
-0.5078034 -0.3419844 0.7906846 0
-0.4326423 -0.6924485 -0.5773526 0
0.147884 0.9439826 0.1239101 1

0.8084221 0.5885989 0.002263285 0
0.532406 -0.7328718 0.4236067 0
0.2509934 -0.3412482 -0.9058433 0
-0.1047944 0.8699794 0.2365898 1

0.8431105 0.5376765 0.008302607 0
0.5016537 -0.7919976 0.3479703 0
0.1936713 -0.2892124 -0.9374687 0
-0.09266923 0.8778213 0.245969 1

0.8369195 0.5465398 -0.02933179 0
0.4373274 -0.6355346 0.6362705 0
0.3291059 -0.5453348 -0.7709081 0
-0.08046299 0.8928456 0.2551261 1

0.8330138 0.551994 -0.03729016 0
0.3953672 -0.5467897 0.7380416 0
0.387005 -0.6295424 -0.6737239 0
-0.06762221 0.9058059 0.2510139 1

0.6672294 0.625662 -0.4041685 0
0.6905158 -0.3161281 0.6505775 0
0.2792725 -0.713169 -0.6429595 0
-0.0549057 0.9129828 0.1843837 1

0.6741878 -0.6637883 -0.3238153 0
-0.5658164 -0.7460014 0.3511888 0
-0.4746817 -0.05354724 -0.8785272 0
0.193965 0.9080808 0.1870012 1

0.6436898 -0.7196124 -0.2604258 0
-0.6120193 -0.6883557 0.3893571 0
-0.459452 -0.09123971 -0.8835041 0
0.1964222 0.897449 0.1765332 1

0.6916658 -0.6751364 -0.2564943 0
-0.3263012 -0.6089599 0.7229767 0
-0.6443027 -0.416364 -0.6414945 0
0.1792783 0.91975 0.1961619 1

0.7036486 -0.6356838 -0.3174672 0
-0.06208015 -0.5000833 0.8637492 0
-0.7078312 -0.5880674 -0.3913463 0
0.1696488 0.9320083 0.197794 1

0.7342531 -0.6596763 0.1603112 0
-0.4866131 -0.3467636 0.8018492 0
-0.4733709 -0.66677 -0.5756193 0
0.1315653 0.9379733 0.1433461 1

0.8094162 0.5872276 0.003042832 0
0.5308979 -0.733968 0.4236014 0
0.250984 -0.3412546 -0.9058435 0
-0.09441771 0.8556722 0.2448548 1

0.8424811 0.5386696 0.007801525 0
0.5027295 -0.7913105 0.3479806 0
0.1936201 -0.2892451 -0.9374692 0
-0.07922611 0.8565838 0.2552981 1

0.8382323 0.5446255 -0.02738246 0
0.4347889 -0.6371884 0.6363564 0
0.3291284 -0.5453201 -0.770909 0
-0.06655492 0.8725369 0.2754298 1

0.8330671 0.551921 -0.03718145 0
0.3952497 -0.5468677 0.7380468 0
0.3870104 -0.6295386 -0.6737242 0
-0.05675918 0.8907744 0.2712998 1

0.5569293 0.6971698 -0.4514245 0
0.7656612 -0.2203324 0.6043313 0
0.3218582 -0.6822083 -0.6565057 0
-0.03379572 0.902852 0.2047902 1

0.6484037 -0.7143099 -0.2633134 0
-0.6070707 -0.6938471 0.3873515 0
-0.4593884 -0.09131043 -0.8835297 0
0.1844308 0.8838695 0.1841715 1

0.6738714 -0.6642029 -0.3236235 0
-0.5661911 -0.7456324 0.3513686 0
-0.4746843 -0.05354453 -0.878526 0
0.1784865 0.8876722 0.1966085 1

0.6906424 -0.6771533 -0.2539233 0
-0.3286658 -0.606647 0.7238497 0
-0.6441989 -0.4164654 -0.6415332 0
0.1688725 0.9003293 0.2192183 1

0.703972 -0.6332887 -0.321511 0
-0.05876477 -0.503072 0.8622442 0
-0.7077926 -0.5881023 -0.3913637 0
0.1679486 0.917963 0.2219751 1

0.6408124 -0.7312578 0.2337129 0
-0.5685886 -0.2475348 0.7844957 0
-0.5158163 -0.6356009 -0.5744082 0
0.1170605 0.9270211 0.1679606 1

0.989101 -0.01761967 -0.1461806 0
0.006688436 0.9971659 -0.07493607 0
0.1470866 0.07314162 0.9864156 0
0.002500725 1.005316 0.00597788 1

0.9902891 -0.01566226 -0.1381387 0
0.01381795 0.9998023 -0.01430011 0
0.1383354 0.01225245 0.9903098 0
0.002831372 1.06159 0.001432247 1

-0.9927603 0.1024691 0.0626685 0
-0.0899855 -0.9800832 0.1770302 0
0.07956045 0.1701093 0.9822081 0
-0.06422698 0.9182369 0.01785121 1

-0.9814446 -0.06608632 0.1799972 0
0.09824523 -0.9794616 0.1760762 0
0.1646641 0.1904929 0.96778 0
0.06673352 0.915904 -0.001503617 1

0.9922823 -0.01874776 -0.1225745 0
0.03326399 0.9925182 0.1174777 0
0.119455 -0.1206484 0.9854819 0
0.003741531 1.127445 0.0004903283 1

-0.9960386 0.08056155 -0.03764482 0
-0.06999509 -0.9714079 -0.2268647 0
-0.05484509 -0.223331 0.9731985 0
-0.1004137 0.5641236 0.08301091 1

-0.9687759 -0.05516282 0.2417235 0
-0.01032935 -0.9651097 -0.261642 0
0.2477226 -0.2559692 0.9344053 0
0.1067516 0.5626878 0.06633952 1

0.993916 -0.02388899 -0.1075201 0
0.05002629 0.967606 0.2474589 0
0.09812551 -0.2513322 0.962914 0
0.006245563 1.202159 0.009333765 1

-0.998893 0.02465791 -0.04006292 0
-0.04660093 -0.635142 0.7709883 0
-0.006434694 0.7720019 0.6355878 0
-0.1327956 0.1147205 -0.02194362 1

-0.9667591 -0.004249709 0.2556537 0
0.2053183 -0.6087991 0.766295 0
0.1523852 0.793313 0.5894347 0
0.1019739 0.1162922 -0.05467866 1

0.9901143 -0.0408318 -0.1341883 0
0.07571071 0.9609299 0.2662361 0
0.1180746 -0.2737637 0.9545219 0
0.01048215 1.284103 0.03029035 1

0.08243834 -0.2543086 0.9636031 0
-0.9585715 -0.2847699 0.006853074 0
0.2726623 -0.9242474 -0.2672489 0
-0.0240368 1.274073 0.0310095 1

-0.9969558 -0.01873267 -0.07568743 0
-0.07534654 -0.01828223 0.9969898 0
-0.02006002 0.9996575 0.01681501 0
-0.1404236 0.01075659 0.1042564 1

-0.07943104 0.2449713 -0.966271 0
0.9211396 -0.3524895 -0.165085 0
-0.3810415 -0.9031833 -0.1976541 0
0.0438626 1.272385 0.0238788 1

-0.9572954 0.03791457 0.2866148 0
0.2864766 -0.009143291 0.9580436 0
0.03894441 0.999239 -0.002108852 0
0.1365976 0.01362793 0.07454482 1

0.9998886 0.012933 0.007465519 0
-0.01405494 0.9839537 0.1778702 0
-0.005045325 -0.1779553 0.9840257 0
0.01365552 1.344921 0.03519908 1

0.4140613 -0.3073915 0.8567752 0
-0.3445703 -0.9241397 -0.165037 0
0.8425111 -0.2268837 -0.4885685 0
-0.09295505 1.253599 0.03150222 1

0.05125092 0.4750468 -0.8784667 0
0.2142206 -0.8643774 -0.4549298 0
-0.9754398 -0.1648701 -0.1460649 0
0.1100896 1.247043 0.01200972 1

0.661118 0.7262707 0.1882937 0
0.3604646 -0.5275638 0.7692475 0
0.6580186 -0.44069 -0.6105766 0
-0.1763534 1.029925 -0.008442616 1

0.4389476 -0.7916853 -0.4249234 0
0.00417918 -0.4711145 0.8820624 0
-0.8985029 -0.3889548 -0.203486 0
0.1619369 1.03784 -0.09809566 1

0.8454159 0.5297281 0.06826897 0
0.102589 -0.2864898 0.952575 0
0.524164 -0.7983183 -0.2965473 0
-0.09851059 0.9159966 0.1576772 1

0.6413795 -0.6665148 -0.3799878 0
0.2965947 -0.2413721 0.9239974 0
-0.7075762 -0.7053356 0.04287364 0
0.1628393 0.9360995 0.09239148 1

0.8261521 0.5630297 0.02169969 0
0.4614456 -0.6981902 0.547356 0
0.323328 -0.4421862 -0.8366187 0
-0.1119279 0.881443 0.2260127 1

0.8470523 0.5312551 -0.01645943 0
0.2824327 -0.4236555 0.8606671 0
0.4502605 -0.7336787 -0.5089021 0
-0.08451164 0.9000518 0.2288765 1

0.8556365 0.5170987 0.02226239 0
0.3497559 -0.6093717 0.7115738 0
0.3815197 -0.6010619 -0.7022589 0
-0.09777817 0.8889304 0.2285861 1

0.5881732 0.6432953 -0.4901267 0
0.7713399 -0.2640629 0.5790561 0
0.2430796 -0.7186395 -0.6515137 0
-0.07242081 0.9125145 0.1758472 1

0.8419983 0.5388028 -0.02703743 0
0.2500063 -0.3452976 0.9045809 0
0.4780543 -0.7684152 -0.4254439 0
-0.06932063 0.908834 0.2269152 1

0.6846843 -0.6731283 -0.2794737 0
-0.04207238 -0.4193132 0.9068663 0
-0.7276245 -0.6091592 -0.3154173 0
0.1797969 0.9249185 0.1626292 1

0.6700202 -0.6593844 -0.3410062 0
0.0330563 -0.4324076 0.9010723 0
-0.7416067 -0.6150089 -0.267925 0
0.1915156 0.91158 0.1578714 1

0.6440271 -0.7091953 -0.2868299 0
-0.1772595 -0.5030776 0.8458678 0
-0.7441828 -0.4939184 -0.4497071 0
0.1997742 0.9013804 0.1520056 1

0.6948451 -0.6415084 -0.3250501 0
0.04646441 -0.4109955 0.9104525 0
-0.7176569 -0.6477267 -0.2557709 0
0.1671692 0.9357811 0.1678127 1

0.7370516 -0.6485888 0.1899681 0
-0.5124998 -0.3531509 0.782706 0
-0.4405667 -0.6742532 -0.5926921 0
0.1469735 0.9370941 0.1208528 1

0.8251938 0.5644651 0.02085575 0
0.5116254 -0.7625743 0.3958794 0
0.239364 -0.3160069 -0.9180659 0
-0.1004874 0.8641236 0.239588 1

0.8522766 0.5227928 0.01769569 0
0.4835919 -0.8003637 0.3543405 0
0.1994096 -0.2934387 -0.934949 0
-0.08779007 0.8716146 0.248833 1

0.8449425 0.534461 -0.02059577 0
0.4317251 -0.6587813 0.6161339 0
0.3157313 -0.5294893 -0.7873723 0
-0.07495061 0.8857443 0.257963 1

0.840981 0.5402564 -0.02957128 0
0.3981231 -0.5808696 0.7099921 0
0.3664005 -0.6088626 -0.7035887 0
-0.06181545 0.8984779 0.2540535 1

0.6738387 0.6363465 -0.3755069 0
0.6815664 -0.3390675 0.6484604 0
0.285323 -0.6928903 -0.6621888 0
-0.05038061 0.9087045 0.188273 1

0.6666155 -0.6675573 -0.3316491 0
-0.5358414 -0.738452 0.4093444 0
-0.5181676 -0.09516411 -0.8499683 0
0.1924362 0.8994154 0.1832463 1

0.6384156 -0.7174169 -0.2788166 0
-0.5729747 -0.6848469 0.4502055 0
-0.5139316 -0.1276633 -0.8482788 0
0.1954371 0.8890534 0.1727216 1

0.6835293 -0.677085 -0.2726606 0
-0.3228841 -0.6154862 0.7189733 0
-0.6546249 -0.4034016 -0.6393229 0
0.1783403 0.9110971 0.1926824 1

0.6947138 -0.6432863 -0.3218011 0
-0.06828385 -0.5043514 0.8607944 0
-0.7160379 -0.5760319 -0.3943059 0
0.1685466 0.923653 0.1946617 1

0.7161942 -0.678896 0.1617606 0
-0.5061771 -0.3457291 0.7900991 0
-0.4804695 -0.6477438 -0.5912505 0
0.1305686 0.9308559 0.1401436 1

0.826149 0.5630388 0.02158339 0
0.5100861 -0.7636253 0.3958395 0
0.2393544 -0.316013 -0.9180661 0
-0.09051649 0.8492373 0.2473118 1

0.8516706 0.5237961 0.01718663 0
0.4846795 -0.7996957 0.3543626 0
0.1993578 -0.2934703 -0.9349501 0
-0.07483126 0.8501528 0.2583329 1

0.8462385 0.5324764 -0.01870701 0
0.4291621 -0.6603982 0.6161934 0
0.315754 -0.5294748 -0.787373 0
-0.06122177 0.8646945 0.2776236 1

0.8410347 0.5401785 -0.02946638 0
0.3980044 -0.5809459 0.7099962 0
0.3664062 -0.6088592 -0.7035891 0
-0.05087673 0.8825096 0.2735683 1

0.5643221 0.7096781 -0.4217796 0
0.7575324 -0.2420582 0.6062613 0
0.3281548 -0.6616381 -0.674203 0
-0.02955187 0.8978558 0.2085994 1

0.6428362 -0.7121378 -0.2821732 0
-0.5680676 -0.6903217 0.4480572 0
-0.5138686 -0.1277337 -0.8483062 0
0.184213 0.8755431 0.1815549 1

0.6663157 -0.667968 -0.3314249 0
-0.5362118 -0.738081 0.4095285 0
-0.5181702 -0.09516142 -0.8499672 0
0.1777777 0.8792132 0.1944444 1

0.6825191 -0.679126 -0.2701034 0
-0.3252209 -0.6131666 0.7199015 0
-0.6545223 -0.4035033 -0.6393637 0
0.1680436 0.8914683 0.2156111 1

0.6950669 -0.6408717 -0.3258308 0
-0.06501044 -0.507376 0.8592692 0
-0.7159998 -0.5760671 -0.3943236 0
0.166672 0.9094876 0.2187597 1

0.6200476 -0.7492131 0.2328538 0
-0.5855447 -0.2443711 0.7729298 0
-0.5221863 -0.6155996 -0.5902194 0
0.1154559 0.9199255 0.1643994 1

0.9890547 -0.01782531 -0.1464686 0
0.006750508 0.9971029 -0.075764 0
0.1473948 0.07394601 0.9863097 0
0.001064502 1.003424 0.005448394 1

0.9909037 -0.01780168 -0.1333896 0
0.01548388 0.9997109 -0.01839347 0
0.1336785 0.01616078 0.9908931 0
0.001398555 1.059694 0.0008560512 1

-0.9934264 0.1063125 0.04245109 0
-0.09686891 -0.9783053 0.1831272 0
0.06099879 0.1778111 0.9821723 0
-0.06566699 0.9163606 0.01741426 1

-0.9858582 -0.06067156 0.156213 0
0.08942711 -0.9788094 0.1842135 0
0.1417263 0.1955781 0.9703932 0
0.06528738 0.9140005 -0.001978697 1

0.993803 -0.02576976 -0.1081278 0
0.03741803 0.9935415 0.1071216 0
0.1046689 -0.1105037 0.9883488 0
0.002418445 1.125543 -0.0003554877 1

-0.995465 0.07650284 -0.05654687 0
-0.06134928 -0.9705318 -0.2330344 0
-0.07270837 -0.2285085 0.9708232 0
-0.1043634 0.5629117 0.08470487 1

-0.9738781 -0.06032409 0.2189122 0
-0.0004962645 -0.9634987 -0.2677123 0
0.2270711 -0.2608277 0.9383004 0
0.1020173 0.5610252 0.0689103 1

0.9957835 -0.03688691 -0.08399175 0
0.05549856 0.9712695 0.2314205 0
0.07304224 -0.2351061 0.9692214 0
0.005235184 1.200335 0.007708366 1

-0.9988903 0.02495568 -0.03994932 0
-0.04668783 -0.6369743 0.7694702 0
-0.006244071 0.7704815 0.6374321 0
-0.1327454 0.1139139 -0.02310397 1

-0.9668565 -0.00415596 0.2552858 0
0.204861 -0.6093743 0.76596 0
0.1523813 0.7928716 0.5900291 0
0.1017878 0.1153748 -0.05491561 1

0.9899067 -0.00941914 -0.1414075 0
0.04030814 0.9752926 0.2172084 0
0.1358677 -0.2207159 0.9658282 0
0.009935198 1.282589 0.02730671 1

0.04323651 -0.2418713 0.9693448 0
-0.9607309 -0.2762544 -0.02607872 0
0.2740934 -0.9301515 -0.2443176 0
-0.02470474 1.272959 0.02740182 1

-0.9969638 -0.01835001 -0.07567758 0
-0.07529635 -0.02065065 0.9969473 0
-0.01985678 0.9996186 0.01920615 0
-0.1403876 0.009650115 0.1028475 1

-0.04438098 0.2245203 -0.9734582 0
0.9176244 -0.3760773 -0.1285746 0
-0.3949631 -0.8989753 -0.1893347 0
0.04331666 1.270387 0.02187937 1

-0.9573931 0.03798473 0.286279 0
0.2861123 -0.00987109 0.9581455 0
0.03922075 0.9992296 -0.001417455 0
0.1363343 0.0126136 0.07425138 1

0.9974259 0.01901663 0.06913855 0
-0.03200244 0.9808954 0.1918857 0
-0.06416866 -0.1936044 0.9789791 0
0.01077859 1.343653 0.02914328 1

0.4401014 -0.2587557 0.8598583 0
-0.3384828 -0.934749 -0.1080468 0
0.8317094 -0.2434957 -0.4989688 0
-0.09377823 1.253097 0.02552686 1

0.06500596 0.4882958 -0.8702537 0
0.2382364 -0.8544742 -0.4616463 0
-0.9690294 -0.1773163 -0.1718757 0
0.109291 1.243348 0.01263527 1

0.6891462 0.7164427 0.1085714 0
0.4060794 -0.5059324 0.7610074 0
0.6001478 -0.4803565 -0.6395941 0
-0.1757032 1.026854 -0.0006243214 1

0.4358256 -0.7754424 -0.4568869 0
-0.009540252 -0.5115861 0.8591793 0
-0.8999807 -0.3700933 -0.2303602 0
0.1669506 1.036542 -0.09909566 1

0.8945335 0.4468383 0.01207966 0
0.1668851 -0.358916 0.9183295 0
0.4146803 -0.8194602 -0.3956331 0
-0.08800986 0.9175977 0.163716 1

0.6132159 -0.6639945 -0.4278758 0
0.3115796 -0.2944308 0.9034538 0
-0.7258682 -0.6873297 0.02633746 0
0.1648903 0.9260615 0.08644973 1

0.881907 0.4708856 -0.02252279 0
0.4216006 -0.7664233 0.4846118 0
0.2109347 -0.436878 -0.8744396 0
-0.09795226 0.8797769 0.2309057 1

0.8884398 0.4533547 -0.07172561 0
0.3236516 -0.5079672 0.7982602 0
0.3254607 -0.7324199 -0.5980274 0
-0.06874429 0.8956444 0.2320273 1

0.8994644 0.4356291 -0.03451571 0
0.3514349 -0.6741538 0.649623 0
0.2597259 -0.5964429 -0.7594727 0
-0.08297259 0.8857878 0.232447 1

0.5996899 0.62558 -0.4990211 0
0.787932 -0.3526815 0.5047563 0
0.13977 -0.6958917 -0.7044141 0
-0.0607289 0.9105838 0.1788654 1

0.882744 0.4624383 -0.0831538 0
0.3083922 -0.4367275 0.845082 0
0.3544826 -0.7716348 -0.5281309 0
-0.05305009 0.9031596 0.2290354 1

0.6582912 -0.6760655 -0.3310414 0
-0.01874575 -0.4543546 0.8906237 0
-0.7525302 -0.5800841 -0.311771 0
0.1831919 0.9109861 0.1556141 1

0.6425315 -0.6639851 -0.3824628 0
0.03780875 -0.4710495 0.8812965 0
-0.7653263 -0.5807209 -0.2775595 0
0.1944153 0.897588 0.1499216 1

0.6193647 -0.707887 -0.3395348 0
-0.1436943 -0.5273766 0.8373924 0
-0.7718418 -0.4698618 -0.4283577 0
0.2022428 0.8874712 0.1433621 1

0.6670454 -0.6503608 -0.3634303 0
0.05845556 -0.4406226 0.8957874 0
-0.7427206 -0.6187751 -0.2558979 0
0.1710006 0.9219158 0.1616341 1

0.7228717 -0.6767431 0.1395545 0
-0.5032839 -0.3772749 0.7774119 0
-0.4734575 -0.6322047 -0.6133152 0
0.1497395 0.9260801 0.1153152 1

0.8809648 0.4726092 -0.02328167 0
0.4563315 -0.8355498 0.3059711 0
0.1251518 -0.280174 -0.9517562 0
-0.08750039 0.8607658 0.242925 1

0.8964688 0.4414417 -0.03838364 0
0.4313994 -0.8497202 0.3031012 0
0.1011862 -0.2882795 -0.9521853 0
-0.07293486 0.8666253 0.2509289 1

0.8863273 0.4568884 -0.07534809 0
0.4213555 -0.7282676 0.54045 0
0.1920517 -0.5107636 -0.8379959 0
-0.05778943 0.8784859 0.2590037 1

0.8816514 0.4641106 -0.08539607 0
0.4091602 -0.6616513 0.6283357 0
0.2351149 -0.5889135 -0.7732415 0
-0.04379304 0.8900601 0.2543883 1

0.6949165 0.6043306 -0.3897124 0
0.6953791 -0.4267333 0.5782272 0
0.1831373 -0.6728175 -0.7167832 0
-0.03821965 0.904462 0.1893795 1

0.6398258 -0.6713743 -0.3740053 0
-0.495348 -0.7323483 0.4672219 0
-0.5875829 -0.1136777 -0.8011394 0
0.1954702 0.8843355 0.1747404 1

0.6148555 -0.71538 -0.3319411 0
-0.5161776 -0.6832719 0.5164302 0
-0.5962498 -0.1461893 -0.7893766 0
0.1987276 0.8745491 0.1638702 1

0.6573187 -0.6802143 -0.3244085 0
-0.3063793 -0.6344952 0.709611 0
-0.6885232 -0.3670485 -0.625469 0
0.1825101 0.8960047 0.1851341 1

0.6669493 -0.652231 -0.3602412 0
-0.05979121 -0.5287679 0.846658 0
-0.7427004 -0.5431384 -0.3916591 0
0.1727314 0.9089138 0.1880502 1

0.6895401 -0.7129472 0.1274406 0
-0.5122569 -0.3557071 0.7817069 0
-0.5119841 -0.6043004 -0.6104863 0
0.1336337 0.9193451 0.1346907 1

0.8818156 0.4710474 -0.02272201 0
0.4546883 -0.8364295 0.3060136 0
0.1251416 -0.2801789 -0.9517563 0
-0.07860906 0.8444569 0.2488952 1

0.8959236 0.4425084 -0.03882828 0
0.4325433 -0.8491559 0.3030518 0
0.1011317 -0.2883061 -0.9521829 0
-0.06137569 0.8438409 0.2590553 1

0.8875952 0.4546926 -0.07368716 0
0.4186672 -0.7296491 0.5406756 0
0.1920755 -0.5107514 -0.8379978 0
-0.04439378 0.8552232 0.2762523 1

0.8817075 0.464021 -0.08530221 0
0.4090359 -0.6617168 0.6283476 0
0.2351208 -0.5889103 -0.7732421 0
-0.03255116 0.8718719 0.271659 1

0.5886595 0.6882966 -0.4239434 0
0.7757404 -0.3334565 0.5357554 0
0.227392 -0.6442475 -0.7302319 0
-0.01697249 0.8909069 0.2075318 1

0.6188496 -0.7101111 -0.3358091 0
-0.5114529 -0.6887311 0.5138732 0
-0.5961891 -0.1462595 -0.7894095 0
0.1886187 0.8610699 0.1740022 1

0.639548 -0.6717817 -0.3737487 0
-0.4957036 -0.7319751 0.4674296 0
-0.5875853 -0.113675 -0.801138 0
0.1819194 0.8643003 0.1875218 1

0.6563701 -0.6823258 -0.3218851 0
-0.3086265 -0.6321646 0.7107164 0
-0.6884244 -0.3671506 -0.6255175 0
0.1727397 0.8757697 0.2077644 1

0.6672643 -0.6497031 -0.3642041 0
-0.0566487 -0.5318345 0.8449517 0
-0.7426637 -0.5431743 -0.3916789 0
0.1710932 0.8940639 0.21175 1

0.5912982 -0.7820657 0.1968239 0
-0.5876027 -0.2506462 0.7693502 0
-0.5523492 -0.5705697 -0.6077505 0
0.1183211 0.9080917 0.1586719 1

0.9874549 -0.01600443 -0.1570886 0
0.003948756 0.9970419 -0.07675839 0
0.1578524 0.07517514 0.984597 0
-0.002018015 0.9998671 0.0005509704 1

0.9897696 -0.01877027 -0.1414346 0
0.01588767 0.999643 -0.02148299 0
0.1417873 0.01901615 0.9897145 0
-0.001845481 1.056133 -0.004096964 1

-0.9935129 0.1107335 0.02589306 0
-0.1031477 -0.973348 0.204828 0
0.04788425 0.2008284 0.9784554 0
-0.06844334 0.9126828 0.01331524 1

-0.9883721 -0.05639578 0.1412113 0
0.08509657 -0.9747791 0.2063125 0
0.1260146 0.21593 0.968243 0
0.06229921 0.9105637 -0.007483853 1

0.9932244 -0.03280332 -0.1114859 0
0.04405575 0.99401 0.1000163 0
0.1075372 -0.1042502 0.9887202 0
-0.000798994 1.121978 -0.005512003 1

-0.9946522 0.07032631 -0.07564218 0
-0.05018102 -0.9691744 -0.2412117 0
-0.09027404 -0.236126 0.96752 0
-0.1094237 0.5610645 0.08839341 1

-0.9775155 -0.06680934 0.2000009 0
0.009644391 -0.9616535 -0.2740983 0
0.2106438 -0.2660064 0.9406751 0
0.09739356 0.5591319 0.07144659 1

0.9952428 -0.05042743 -0.08335937 0
0.06778989 0.9729674 0.2207688 0
0.06997317 -0.2253695 0.9717574 0
0.002517416 1.196804 0.002016985 1

-0.9988916 0.02449491 -0.04020066 0
-0.04658964 -0.6367543 0.769658 0
-0.006745271 0.7706777 0.6371895 0
-0.1326389 0.1126946 -0.02319857 1

-0.966827 -0.004885865 0.2553859 0
0.2052847 -0.6098235 0.7654893 0
0.1520002 0.7925225 0.5905964 0
0.1018544 0.114335 -0.05533303 1

0.9698316 0.06197587 -0.2357654 0
-0.02235964 0.9856812 0.1671296 0
0.2427476 -0.1568159 0.9573308 0
0.008258349 1.279202 0.02071327 1

0.02740012 -0.2353718 0.9715194 0
-0.9607482 -0.2746055 -0.03943273 0
0.2760656 -0.9323048 -0.2336573 0
-0.02650091 1.270014 0.02090621 1

-0.9969369 -0.01882106 -0.07591492 0
-0.07553027 -0.02037275 0.9969354 0
-0.02030998 0.9996155 0.01888863 0
-0.140265 0.008466841 0.1027837 1

-0.0496766 0.2179768 -0.9746889 0
0.922267 -0.3645583 -0.1285337 0
-0.3833483 -0.9053084 -0.1829229 0
0.04148287 1.266519 0.01542752 1

-0.9573838 0.03723732 0.2864091 0
0.2862205 -0.0104161 0.9581072 0
0.03866056 0.9992525 -0.0006860406 0
0.1364724 0.01149792 0.07375457 1

0.997719 0.01966456 -0.06457683 0
-0.008001711 0.9843368 0.1761168 0
0.06702863 -0.1751983 0.9822487 0
0.004103677 1.34015 0.01964414 1

0.483425 -0.2390246 0.8421209 0
-0.3426975 -0.9368942 -0.069197 0
0.8055178 -0.2551412 -0.5348313 0
-0.09557566 1.250271 0.01807114 1

0.09295792 0.4542037 -0.8860348 0
0.2744466 -0.8671034 -0.4157055 0
-0.9570989 -0.2045262 -0.2052589 0
0.1077909 1.240309 0.006186372 1

0.7240309 0.6878315 -0.05164994 0
0.4974405 -0.4688103 0.729911 0
0.4778414 -0.5541707 -0.6815884 0
-0.1785207 1.023509 0.001323001 1

0.460053 -0.7619703 -0.455799 0
-0.04290141 -0.5318268 0.8457658 0
-0.8868546 -0.3695427 -0.2773582 0
0.1742145 1.030446 -0.09442567 1

0.9384652 0.2913148 -0.185525 0
0.3022854 -0.4329897 0.8492017 0
0.1670547 -0.8530275 -0.4944059 0
-0.07109789 0.9222687 0.158948 1

0.6238658 -0.6553831 -0.4257524 0
0.2670961 -0.3331677 0.9042451 0
-0.7344736 -0.6778443 -0.03280182 0
0.1649497 0.9155946 0.08822298 1

0.9298276 0.302636 -0.2093621 0
0.3636958 -0.8424627 0.3974699 0
-0.05609091 -0.4457226 -0.8934121 0
-0.07224103 0.8828706 0.2259569 1

0.9154981 0.3025478 -0.2651954 0
0.3993086 -0.6027622 0.6908188 0
0.04915595 -0.7383379 -0.6726375 0
-0.04121442 0.893599 0.2206292 1

0.931129 0.2815911 -0.2317445 0
0.3643287 -0.7465404 0.5567247 0
-0.0162377 -0.6028137 -0.7977169 0
-0.05648338 0.8862239 0.2241277 1

0.5787299 0.549545 -0.6025551 0
0.8079059 -0.4870676 0.3317433 0
-0.1111773 -0.6787974 -0.725861 0
-0.04277389 0.9099927 0.1673148 1

0.908119 0.3140621 -0.2769217 0
0.4106897 -0.5392475 0.7352186 0
0.08157495 -0.7813948 -0.6186826 0
-0.0255198 0.8985721 0.2142506 1

0.6640179 -0.671088 -0.3297295 0
-0.04979288 -0.4796904 0.8760239 0
-0.746057 -0.5652773 -0.3519385 0
0.1799409 0.8976234 0.1574922 1

0.6502686 -0.6621865 -0.3723712 0
-0.01215148 -0.4991558 0.866427 0
-0.7596074 -0.5588853 -0.3326319 0
0.1912481 0.8843017 0.1517863 1

0.628018 -0.699562 -0.3408909 0
-0.1593756 -0.5443877 0.8235542 0
-0.7617041 -0.4628771 -0.4533784 0
0.1992414 0.8743384 0.1451918 1

0.6727439 -0.6523788 -0.349024 0
0.01507145 -0.4595522 0.8880229 0
-0.7397219 -0.6026723 -0.2993288 0
0.1676226 0.9084793 0.1633857 1

0.7077225 -0.6914645 0.1449351 0
-0.5420374 -0.3998563 0.7391281 0
-0.4531275 -0.601658 -0.6577869 0
0.1485173 0.9147109 0.1163648 1

0.9290169 0.3047066 -0.2099575 0
0.3449401 -0.9185111 0.1932715 0
-0.133957 -0.2519752 -0.9584175 0
-0.06322559 0.8619743 0.2358159 1

0.9285557 0.2875221 -0.2347673 0
0.3407244 -0.9111561 0.231736 0
-0.1472803 -0.2951708 -0.9440249 0
-0.04607739 0.8649952 0.2399578 1

0.9133502 0.3064447 -0.2681114 0
0.3979864 -0.8109843 0.428849 0
-0.08601556 -0.4983939 -0.8626731 0
-0.02770216 0.873234 0.2439709 1

0.9068972 0.3159707 -0.2787476 0
0.4182179 -0.7555602 0.504205 0
-0.05129658 -0.5738392 -0.8173601 0
-0.01319356 0.8823959 0.2363064 1

0.6907789 0.5085671 -0.5139889 0
0.7198633 -0.5505415 0.4227307 0
-0.06798512 -0.6620151 -0.7464009 0
-0.01985395 0.900148 0.1730107 1

0.6477922 -0.6686972 -0.3649793 0
-0.4711391 -0.7281357 0.4978417 0
-0.5986598 -0.150542 -0.7867298 0
0.1908963 0.8702577 0.1761862 1

0.6241887 -0.7062653 -0.3340333 0
-0.4771653 -0.6831672 0.5528073 0
-0.6186292 -0.1856671 -0.7634304 0
0.1953422 0.8609996 0.1653609 1

0.6628467 -0.675346 -0.3233301 0
-0.3269805 -0.6495565 0.6864111 0
-0.673586 -0.3492629 -0.6513812 0
0.1782306 0.8818027 0.1865288 1

0.6724914 -0.6543064 -0.3458885 0
-0.1017084 -0.5446196 0.8324934 0
-0.733083 -0.5246648 -0.4328005 0
0.1680739 0.8949189 0.1895729 1

0.6617637 -0.7351832 0.1468836 0
-0.5667845 -0.362356 0.739901 0
-0.4907387 -0.5728911 -0.6564845 0
0.1314815 0.9074599 0.1347324 1

0.9296567 0.3029908 -0.2096076 0
0.3432073 -0.9190778 0.1936622 0
-0.1339676 -0.2519784 -0.9584153 0
-0.05650828 0.844049 0.2395898 1

0.9281111 0.2886671 -0.2351202 0
0.3419093 -0.9107883 0.2314361 0
-0.1473366 -0.2951883 -0.9440109 0
-0.03694944 0.8405648 0.2461724 1

0.9145544 0.3039986 -0.2667871 0
0.3952163 -0.8119094 0.4296595 0
-0.08599108 -0.4983856 -0.8626806 0
-0.01505363 0.8473403 0.2576693 1

0.9069567 0.3158678 -0.278671 0
0.4180898 -0.7556049 0.5042443 0
-0.05129054 -0.5738373 -0.8173621 0
-0.001702813 0.8616273 0.2501662 1

0.5943031 0.6089467 -0.5253457 0
0.8039032 -0.4687358 0.3660964 0
-0.02331509 -0.6398994 -0.7681055 0
0.00215567 0.8827959 0.1863963 1

0.6278859 -0.7009937 -0.3381825 0
-0.4723701 -0.6885566 0.5502329 0
-0.6185676 -0.1857365 -0.7634635 0
0.1860009 0.8475231 0.176208 1

0.6475277 -0.6691022 -0.3647057 0
-0.4714992 -0.727764 0.4980443 0
-0.5986623 -0.1505392 -0.7867284 0
0.1780078 0.8503379 0.1898054 1

0.6618254 -0.6775116 -0.3208822 0
-0.3292464 -0.6472426 0.6875129 0
-0.6734867 -0.3493643 -0.6514298 0
0.1678032 0.8610873 0.2084191 1

0.6730033 -0.6517046 -0.3497826 0
-0.09853932 -0.5476956 0.8308547 0
-0.7330462 -0.5247007 -0.4328195 0
0.1652617 0.8796247 0.2128767 1

0.5578032 -0.8033854 0.2083941 0
-0.6384721 -0.2549288 0.7261989 0
-0.5302917 -0.5381299 -0.6551393 0
0.1144863 0.8959914 0.1574449 1

0.9820777 -0.01330679 -0.1880063 0
-0.001324534 0.9969927 -0.07748446 0
0.188472 0.07634477 0.9791066 0
-0.005838331 0.9940585 -0.009075599 1

0.9833529 -0.01839987 -0.1807718 0
0.01498538 0.999683 -0.02023612 0
0.1810869 0.01719031 0.9833168 0
-0.005973288 1.050321 -0.01376277 1

-0.9927889 0.1166395 0.02766687 0
-0.1061788 -0.9627436 0.2486982 0
0.05564415 0.2439672 0.9681858 0
-0.07157965 0.9066947 0.005824046 1

-0.9882436 -0.05116359 0.1440729 0
0.0863124 -0.9645143 0.2495241 0
0.1261938 0.2590259 0.9575911 0
0.05845094 0.9049329 -0.01906866 1

0.985112 -0.03585156 -0.1681347 0
0.05399598 0.9930456 0.1046176 0
0.1632147 -0.1121387 0.9801968 0
-0.004986233 1.116168 -0.01509568 1

-0.9943614 0.06466925 -0.08404265 0
-0.04131455 -0.9661577 -0.2546218 0
-0.09766465 -0.249714 0.9633818 0
-0.1136472 0.5589738 0.09677426 1

-0.9792065 -0.0727605 0.1893692 0
0.01671256 -0.9592275 -0.282141 0
0.2021768 -0.2731095 0.9404976 0
0.09398563 0.5574095 0.07543392 1

0.9859585 -0.05479137 -0.1577461 0
0.0903816 0.9694108 0.2281968 0
0.1404176 -0.2392499 0.9607509 0
-0.0009215451 1.190923 -0.00722032 1

-0.9989128 0.0241309 -0.03988236 0
-0.04613893 -0.6337217 0.7721839 0
-0.006640807 0.7731847 0.6341462 0
-0.1327606 0.1119995 -0.02102161 1

-0.9668313 -0.004110806 0.2553831 0
0.2049844 -0.608995 0.7662287 0
0.1523772 0.7931633 0.5896381 0
0.1017158 0.1137347 -0.05506575 1

0.8768218 0.1240642 -0.4645341 0
-0.07030558 0.9888349 0.1313867 0
0.475648 -0.08254339 0.8757543 0
0.006732616 1.273019 0.01210501 1

0.08525039 -0.2526826 0.9637861 0
-0.9602034 -0.2790532 0.01177211 0
0.2659732 -0.9264344 -0.266416 0
-0.02797611 1.264023 0.01475634 1

-0.9969641 -0.01932525 -0.07542621 0
-0.07511294 -0.01645406 0.9970393 0
-0.02050911 0.9996779 0.0149524 0
-0.1403129 0.008268261 0.1053741 1

-0.1343046 0.2373648 -0.9620916 0
0.9155288 -0.3417742 -0.2121262 0
-0.3791694 -0.909312 -0.1714123 0
0.03938914 1.260227 0.004195094 1

-0.957368 0.03804534 0.2863553 0
0.2862074 -0.009394174 0.9581216 0
0.0391421 0.999232 -0.001895304 0
0.1362831 0.01103743 0.07414658 1

0.9128011 0.01173083 -0.408236 0
0.03906728 0.9924955 0.1158728 0
0.4065317 -0.1217174 0.9054925 0
-0.002997502 1.333295 0.009837147 1

0.5432165 -0.2946627 0.7861868 0
-0.3797907 -0.9213499 -0.08290499 0
0.7487824 -0.2535511 -0.6124024 0
-0.09701169 1.243959 0.01560273 1

0.1282626 0.3392005 -0.9319289 0
0.3211637 -0.9032594 -0.2845633 0
-0.9382979 -0.2628029 -0.2247932 0
0.1052127 1.235654 -0.01105609 1

0.714646 0.6628195 -0.2234983 0
0.6156111 -0.4442741 0.6508793 0
0.332121 -0.6027362 -0.7255375 0
-0.1889346 1.02096 -0.004463213 1

0.5412816 -0.7603018 -0.3591034 0
-0.09318696 -0.4786875 0.8730261 0
-0.8356618 -0.4390894 -0.329955 0
0.1829431 1.017041 -0.07992812 1

0.8978276 0.1524995 -0.4130977 0
0.4316155 -0.4906606 0.7569416 0
-0.08725756 -0.8579023 -0.5063495 0
-0.05599272 0.9250184 0.1360948 1

0.7238191 -0.6298422 -0.2817531 0
0.1107336 -0.2970144 0.9484306 0
-0.6810466 -0.7176917 -0.1452399 0
0.1628188 0.9136651 0.1086075 1

0.8912311 0.1482163 -0.4286481 0
0.3143844 -0.8830884 0.3483071 0
-0.3269094 -0.4451823 -0.8336322 0
-0.04667277 0.884841 0.2019935 1

0.8585171 0.1675509 -0.4846395 0
0.4585909 -0.6737522 0.5794418 0
-0.229441 -0.7197117 -0.6552647 0
-0.01663012 0.8909509 0.1890999 1

0.8782499 0.1447583 -0.4557658 0
0.3791451 -0.7916043 0.4791781 0
-0.2914213 -0.5936396 -0.7501104 0
-0.03151418 0.8858542 0.196329 1

0.4981342 0.4738274 -0.7261887 0
0.7919137 -0.5897212 0.1584347 0
-0.3531783 -0.6540006 -0.6689905 0
-0.02864132 0.9085004 0.1375115 1

0.8489193 0.181751 -0.496289 0
0.4908029 -0.6194721 0.612672 0
-0.1960836 -0.763689 -0.6150855 0
-0.00239641 0.8936695 0.1790128 1

0.7461309 -0.6406022 -0.1814319 0
-0.1765335 -0.4530953 0.8738081 0
-0.6419694 -0.6199464 -0.4511561 0
0.1655592 0.89815 0.1800057 1

0.7382903 -0.6383935 -0.2176726 0
-0.1534685 -0.4732583 0.8674526 0
-0.6567915 -0.6070259 -0.4473752 0
0.1783763 0.8853403 0.1769217 1

0.7164774 -0.6691728 -0.1971498 0
-0.2606108 -0.5188946 0.8141441 0
-0.647103 -0.5319363 -0.5461698 0
0.1879396 0.8756807 0.1722437 1

0.7541472 -0.6289608 -0.188867 0
-0.1275842 -0.4224429 0.8973654 0
-0.644193 -0.6526489 -0.3988292 0
0.1518375 0.9084471 0.1831689 1

0.7018931 -0.6481149 0.2954545 0
-0.6493011 -0.4116547 0.6394909 0
-0.2928384 -0.6406931 -0.7097591 0
0.1415108 0.9125324 0.1332541 1

0.8905866 0.1505749 -0.4291656 0
0.2285347 -0.9639859 0.1360267 0
-0.3932275 -0.2192224 -0.8929242 0
-0.03888014 0.862938 0.2106343 1

0.8760042 0.1505426 -0.4582068 0
0.2682148 -0.9416413 0.2034021 0
-0.400846 -0.3010786 -0.8652597 0
-0.02068889 0.8633375 0.2099432 1

0.8563946 0.1716407 -0.4869578 0
0.3682775 -0.8640891 0.343106 0
-0.3618841 -0.4731697 -0.8032125 0
-0.001115465 0.8681842 0.2086733 1

0.8476336 0.1838045 -0.4977283 0
0.4112159 -0.8203754 0.3973486 0
-0.3352898 -0.5414795 -0.7709608 0
0.01233301 0.8750859 0.1973909 1

0.6216114 0.417278 -0.662932 0
0.7177693 -0.6423395 0.2687145 0
-0.3136989 -0.6428679 -0.6987945 0
-0.006480783 0.8957337 0.138293 1

0.7354624 -0.6437804 -0.2112864 0
-0.480468 -0.7153908 0.5073134 0
-0.4777507 -0.2715935 -0.8354587 0
0.1740443 0.8720252 0.2013481 1

0.7127013 -0.67493 -0.1911189 0
-0.4841598 -0.6704549 0.5622098 0
-0.507589 -0.3081555 -0.8046077 0
0.1815614 0.8629666 0.1921834 1

0.7441416 -0.6446266 -0.1752432 0
-0.4014244 -0.6411899 0.6540139 0
-0.5339589 -0.4163319 -0.7359047 0
0.1596448 0.8832071 0.2089551 1

0.7534124 -0.6307687 -0.1857443 0
-0.2279014 -0.5154628 0.8260502 0
-0.6167909 -0.5800251 -0.5321088 0
0.1480821 0.8959816 0.2096332 1

0.6441487 -0.7020338 0.3036794 0
-0.6897367 -0.3614834 0.6273699 0
-0.3306597 -0.6135786 -0.7170673 0
0.1217428 0.9047881 0.1484008 1

0.8910066 0.1487748 -0.4289213 0
0.2268738 -0.964265 0.1368263 0
-0.3932377 -0.2192239 -0.8929195 0
-0.03443352 0.8441276 0.2132943 1

0.875637 0.1517263 -0.4585186 0
0.2693326 -0.9414486 0.2028167 0
-0.4008992 -0.3010878 -0.8652319 0
-0.01350454 0.8380908 0.2153999 1

0.8575166 0.1690337 -0.4858939 0
0.3656801 -0.8646057 0.3445802 0
-0.3618611 -0.4731649 -0.8032255 0
0.01058824 0.8406035 0.2196479 1

0.8476938 0.1836925 -0.4976672 0
0.4110962 -0.8204015 0.3974187 0
-0.3352842 -0.5414784 -0.7709641 0
0.02363157 0.8525363 0.2083146 1

0.5387154 0.5294528 -0.6553362 0
0.7972446 -0.5718471 0.1933695 0
-0.2723724 -0.6266343 -0.7301661 0
0.01549846 0.8755766 0.1469702 1

0.7164387 -0.6697446 -0.1953403 0
-0.4786864 -0.6756046 0.5607299 0
-0.5075186 -0.3082218 -0.8046269 0
0.1720882 0.8497419 0.2032244 1

0.7351935 -0.6441788 -0.2110077 0
-0.4808766 -0.7150329 0.5074305 0
-0.4777534 -0.2715909 -0.8354579 0
0.1609007 0.8524539 0.2152265 1

0.7428443 -0.6467535 -0.1728943 0
-0.4039679 -0.6389812 0.6546093 0
-0.5338472 -0.4164289 -0.7359311 0
0.1468433 0.8627585 0.2298122 1

0.7545114 -0.6283017 -0.1896042 0
-0.2243497 -0.5184282 0.8251662 0
-0.6167496 -0.5800595 -0.5321192 0
0.141739 0.8815056 0.2327654 1

0.5324358 -0.7724646 0.3461367 0
-0.7609055 -0.2576143 0.5955313 0
-0.3708572 -0.5804594 -0.7249355 0
0.100977 0.8933636 0.1677521 1

0.9678495 -0.009116992 -0.2513649 0
-0.009311319 0.9973593 -0.07202624 0
0.2513578 0.0720511 0.9652088 0
-0.009930318 0.9851968 -0.02036707 1

0.9646599 -0.01584943 -0.263021 0
0.01366726 0.9998553 -0.0101242 0
0.2631435 0.006171644 0.964737 0
-0.01053626 1.041482 -0.02474164 1

-0.9902869 0.1260457 0.05868809 0
-0.1023652 -0.9465957 0.3057417 0
0.09409134 0.2967643 0.950304 0
-0.07430674 0.8975425 -0.001692062 1

-0.9831229 -0.04447472 0.1774588 0
0.09888717 -0.9452744 0.3109309 0
0.1539187 0.3232316 0.9337187 0
0.05383998 0.8963354 -0.03497367 1

0.9569775 -0.03284645 -0.2882971 0
0.07066209 0.9900413 0.1217588 0
0.2814267 -0.1368921 0.9497683 0
-0.009636031 1.10734 -0.02540851 1

-0.9950601 0.06324028 -0.07652482 0
-0.03897092 -0.9577992 -0.2847842 0
-0.09130533 -0.2803951 0.9555323 0
-0.1149511 0.5557464 0.1099991 1

-0.9778377 -0.07691099 0.1947271 0
0.01607063 -0.9549104 -0.2964593 0
0.2087478 -0.2867598 0.9349831 0
0.09404323 0.5560675 0.0815056 1

0.9478541 -0.04587699 -0.3153852 0
0.1295082 0.9596421 0.2496293 0
0.2912047 -0.2774571 0.9155422 0
-0.00431676 1.181868 -0.0162428 1

-0.9989088 0.02488001 -0.03952679 0
-0.04633558 -0.6341791 0.7717965 0
-0.005864725 0.7727858 0.63464 0
-0.1329802 0.1126391 -0.02175079 1

-0.9667897 -0.003983074 0.2555431 0
0.2049613 -0.6093828 0.7659268 0
0.1526727 0.7928664 0.589961 0
0.1014764 0.1143895 -0.05561679 1

0.6485986 0.1193073 -0.7517217 0
-0.04966421 0.9921674 0.1146179 0
0.7595085 -0.03700728 0.6494439 0
0.006650918 1.263137 0.004897591 1

0.2214948 -0.2955584 0.9292933 0
-0.9496832 -0.2817915 0.1367321 0
0.2214543 -0.9128192 -0.3431023 0
-0.02722321 1.253953 0.01269845 1

-0.9970036 -0.01855491 -0.0750989 0
-0.07478571 -0.01703381 0.9970542 0
-0.01977948 0.9996828 0.01559514 0
-0.1405647 0.00883276 0.1045815 1

-0.2796256 0.2732629 -0.9204004 0
0.8618084 -0.3511129 -0.3660687 0
-0.4231975 -0.8955708 -0.1373201 0
0.03757299 1.250758 -0.008638496 1

-0.9573108 0.03815712 0.2865323 0
0.2863654 -0.009886385 0.9580696 0
0.0393899 0.9992231 -0.001462721 0
0.1360399 0.01162679 0.07354463 1

0.6256925 -0.01982636 -0.7798178 0
0.09041893 0.994782 0.04725663 0
0.7748118 -0.1000784 0.6242203 0
-0.005130765 1.323086 0.004246623 1

0.6009833 -0.4155377 0.6827502 0
-0.4667203 -0.8759117 -0.1222752 0
0.6488386 -0.2451677 -0.7203484 0
-0.09550242 1.233693 0.02252906 1

0.1528617 0.1531886 -0.9763026 0
0.3627445 -0.927652 -0.08875934 0
-0.919266 -0.3405803 -0.1973708 0
0.09953429 1.225514 -0.03495765 1

0.6825897 0.6541484 -0.3258251 0
0.7060952 -0.4753866 0.5248213 0
0.1884178 -0.5883009 -0.7863851 0
-0.2084654 1.021691 -0.007065905 1

0.6287008 -0.7599546 -0.1649374 0
-0.1461664 -0.3237996 0.9347671 0
-0.7637874 -0.5635805 -0.3146529 0
0.1873283 1.000997 -0.05643978 1

0.8199347 0.1009822 -0.5634806 0
0.5187708 -0.5472541 0.656803 0
-0.2420419 -0.8308526 -0.5010994 0
-0.0559834 0.9190308 0.1062697 1

0.8198801 -0.5724007 -0.01242505 0
-0.08600971 -0.1445939 0.9857462 0
-0.566038 -0.8071247 -0.1677817 0
0.1557627 0.93107 0.1454293 1

0.8154575 0.08109981 -0.5731077 0
0.3030362 -0.9034122 0.3033407 0
-0.4931517 -0.4210339 -0.7612705 0
-0.03834582 0.875982 0.1685549 1

0.7702698 0.1201871 -0.6262908 0
0.4964898 -0.7293666 0.4706614 0
-0.4002284 -0.6734834 -0.6214808 0
-0.01066682 0.8803321 0.1506359 1

0.792657 0.09622627 -0.6020266 0
0.4040235 -0.8224114 0.4005056 0
-0.4565744 -0.5606964 -0.6907678 0
-0.0243931 0.8760843 0.1602961 1

0.4061258 0.4648325 -0.7867614 0
0.7726256 -0.6344078 0.02400951 0
-0.4879674 -0.6176228 -0.616791 0
-0.03018724 0.9005195 0.1024173 1

0.7583426 0.1372834 -0.6372364 0
0.5382634 -0.6832793 0.493358 0
-0.3676807 -0.7171353 -0.5920544 0
0.001730992 0.8823577 0.138229 1

0.8195227 -0.5660172 0.08948541 0
-0.3285086 -0.3360907 0.8826809 0
-0.469537 -0.7527733 -0.4613755 0
0.1432843 0.9262431 0.2173105 1

0.8170089 -0.5734813 0.06013407 0
-0.3144984 -0.3557673 0.8800688 0
-0.483309 -0.7379358 -0.4710238 0
0.1575037 0.9147484 0.2191973 1

0.7978789 -0.5982925 0.07372718 0
-0.3844683 -0.4108545 0.8266698 0
-0.4642991 -0.6879278 -0.5578367 0
0.1686694 0.9057357 0.2183335 1

0.8240182 -0.5592371 0.09081882 0
-0.298326 -0.2920035 0.9087001 0
-0.4816591 -0.7758788 -0.4074511 0
0.1283823 0.9351717 0.2157193 1

0.6670583 -0.5114327 0.541729 0
-0.7420614 -0.3915283 0.5441055 0
-0.06617092 -0.7649461 -0.6406865 0
0.1295245 0.9308977 0.1647759 1

0.8148862 0.08368322 -0.5735489 0
0.1648834 -0.982109 0.09096959 0
-0.5556747 -0.168699 -0.8141049 0
-0.03083431 0.8535752 0.1760812 1

0.7905139 0.1017424 -0.6039346 0
0.2540529 -0.9517367 0.1722052 0
-0.557266 -0.289562 -0.778209 0
-0.01286361 0.852689 0.1716657 1

