MeshAnim
1
27
52
30
0.8960679 0.03955584 -0.4421512 0
-0.02396026 0.9988798 0.04080395 0
0.4432699 -0.02596906 0.8960119 0
0.004581055 0.9428533 0.00296849 1

0.862476 0.1668909 -0.4777892 0
-0.01206404 0.950576 0.3102573 0
0.5059541 -0.2618254 0.8218625 0
0.003086796 0.9992555 0.00498607 1

-0.9711367 0.136624 0.1955185 0
0.04657832 -0.695297 0.7172118 0
0.2339317 0.7056176 0.6688645 0
-0.05460992 0.8522811 0.02463525 1

-0.9748106 0.1467583 0.1679485 0
-0.01769304 -0.801524 0.597701 0
0.2223322 0.5796737 0.7839304 0
0.06403267 0.8575184 -0.03390715 1

0.7890934 0.1356269 -0.5991136 0
0.0435864 0.9605 0.2748451 0
0.612725 -0.2429916 0.7520127 0
0.002292164 1.061868 0.02542206 1

-0.9893733 0.00716218 0.1452219 0
-0.09920958 -0.7634106 -0.638249 0
0.1062926 -0.645874 0.7560085 0
-0.04116393 0.6018184 0.2854784 1

-0.9905065 0.07455249 0.1154956 0
-0.1056892 -0.9502464 -0.2930217 0
0.08790362 -0.3024466 0.9491043 0
0.06236117 0.5698258 0.185629 1

0.7006949 0.09635369 -0.7069248 0
0.1041049 0.9664258 0.2349111 0
0.705825 -0.2381953 0.6671388 0
0.005573242 1.134172 0.04611173 1

-0.9831463 -0.1136624 0.1431935 0
0.1244106 -0.9898664 0.06846133 0
0.1339607 0.08512221 0.9873241 0
-0.08706135 0.2486413 -0.009795129 1

-0.9928337 -0.03819816 0.1132363 0
0.1124321 -0.6197103 0.7767357 0
0.04050374 0.7839006 0.6195636 0
0.01347632 0.130305 0.0500965 1

0.8462948 0.06930806 -0.5281873 0
0.1558504 0.9159076 0.3698975 0
0.5094075 -0.3953604 0.764326 0
0.01438959 1.216016 0.06600568 1

0.9174442 0.01846487 0.3974359 0
-0.2511354 -0.7479018 0.6144704 0
0.3085893 -0.6635524 -0.6815209 0
-0.01083114 1.201892 0.08738516 1

-0.9888595 -0.1185519 0.09001368 0
0.1458142 -0.6499395 0.7458667 0
-0.02992052 0.7506826 0.6599853 0
-0.06669707 0.08661401 0.001411043 1

-0.5868721 0.1895608 -0.7871772 0
0.7099991 -0.3468518 -0.6128584 0
-0.3892078 -0.9185644 0.06896953 0
0.03717726 1.208418 0.03925388 1

-0.9892936 0.00343655 0.1458999 0
0.1458228 -0.01683377 0.9891675 0
0.00585536 0.9998524 0.01615229 0
0.03243622 0.0258007 0.1810806 1

0.9934758 -0.1106761 -0.02750993 0
0.1135817 0.9819253 0.1513995 0
0.01025632 -0.1535363 0.9880898 0
0.01783509 1.275542 0.07933725 1

0.9544468 0.06047065 0.2921893 0
-0.1568457 -0.7313664 0.6637037 0
0.2538321 -0.6792985 -0.6885657 0
-0.02888696 1.14812 0.1315636 1

-0.9915361 0.03884645 -0.1238846 0
0.1094242 -0.2635173 -0.9584285 0
-0.06987729 -0.9638723 0.2570359 0
0.08822397 1.183481 -0.004808702 1

0.7467231 0.5452964 -0.3808628 0
0.6382003 -0.4260942 0.6412053 0
0.1873635 -0.7218694 -0.6661828 0
-0.06684924 0.971103 0.2922037 1

0.4486275 -0.1982042 -0.8714634 0
0.7439244 0.6232053 0.2412299 0
0.4952878 -0.756525 0.427036 0
0.1147076 1.119702 -0.2367745 1

0.783794 0.4713485 -0.4043484 0
0.5237246 -0.1517873 0.8382559 0
0.3337357 -0.8687871 -0.3658267 0
0.07097084 0.8790874 0.4306726 1

0.5206324 -0.2950296 -0.8011863 0
0.7060553 0.6763833 0.209742 0
0.4800288 -0.6748802 0.5604542 0
0.2753629 1.254288 -0.1846793 1

0.7893447 0.4499527 -0.4177053 0
0.5859654 -0.3490586 0.7313021 0
0.1832478 -0.8220102 -0.5391842 0
0.09004126 0.8558885 0.5023792 1

0.7254491 0.4820931 -0.491233 0
0.6007419 -0.09518575 0.793756 0
0.3359061 -0.8709338 -0.3586659 0
0.1157519 0.8726796 0.4896058 1

0.7789151 0.447013 -0.4398531 0
0.6046546 -0.349223 0.7158465 0
0.1663859 -0.8235427 -0.5423036 0
0.1038101 0.8626248 0.4970936 1

0.364816 0.5555156 -0.7472026 0
0.9259379 -0.1322371 0.3537689 0
0.09771636 -0.8209237 -0.5626153 0
0.1024676 0.8763995 0.4355383 1

0.6637958 0.5161734 -0.5412398 0
0.5736232 0.1130084 0.8112864 0
0.4799291 -0.848996 -0.2210744 0
0.1283911 0.8799595 0.4796564 1

0.6282372 -0.1980882 -0.7523824 0
0.5656432 0.7802711 0.2668797 0
0.5341964 -0.5932437 0.6022424 0
0.3217607 1.306622 -0.1633647 1

0.4509059 -0.2944024 -0.8426218 0
0.778673 0.5911977 0.2101277 0
0.4362938 -0.7508745 0.4958176 0
0.3333047 1.302187 -0.1769642 1

0.3456382 -0.3337004 -0.8770281 0
0.86911 0.4662452 0.165116 0
0.3538106 -0.8193045 0.4511741 0
0.3409307 1.296875 -0.1879312 1

0.783515 -0.05637158 -0.6188107 0
0.3625468 0.8502655 0.3815868 0
0.5046427 -0.5233266 0.686633 0
0.312353 1.309652 -0.1489898 1

0.8689748 0.05029769 -0.4922938 0
0.3998821 0.5146545 0.7584361 0
0.2915086 -0.8559211 0.4271085 0
0.2848031 1.267192 -0.1562695 1

0.7851086 0.454642 -0.4206012 0
0.5409529 -0.8340649 0.1081919 0
-0.3016202 -0.3124677 -0.9007714 0
0.1045702 0.8472288 0.5205189 1

0.7729948 0.4519718 -0.4451973 0
0.6134769 -0.7113167 0.3430373 0
-0.1616332 -0.5382843 -0.8271185 0
0.1210474 0.8527079 0.5174423 1

0.7207655 0.4844739 -0.4957644 0
0.6931155 -0.5134035 0.5059724 0
-0.009396732 -0.7083092 -0.7058398 0
0.1360682 0.8694719 0.516422 1

0.6606143 0.5167184 -0.5446014 0
0.7420577 -0.3395275 0.5779892 0
0.1137506 -0.7859536 -0.6077317 0
0.1456042 0.8833529 0.5039927 1

0.483121 0.5716028 -0.6632227 0
0.8654096 -0.196777 0.4608091 0
0.1328928 -0.7965857 -0.5897377 0
0.1274163 0.8755236 0.4411497 1

0.457247 -0.2912801 -0.8402865 0
0.8879765 0.2018267 0.4132357 0
0.049225 -0.9351052 0.3509344 0
0.3552215 1.318837 -0.1710354 1

0.3582719 -0.3321285 -0.8725433 0
0.9030938 -0.1137352 0.4141088 0
-0.2367762 -0.9363519 0.2591951 0
0.3622205 1.308293 -0.1838932 1

0.634005 -0.1921168 -0.7490854 0
0.7406868 0.429313 0.5167913 0
0.2223079 -0.882486 0.4144849 0
0.3404313 1.332476 -0.1544582 1

0.7861699 -0.05218494 -0.6158033 0
0.4964439 0.6467821 0.5789788 0
0.3680765 -0.7608876 0.5343874 0
0.3230536 1.334728 -0.1377417 1

0.8427665 -0.03630044 -0.5370542 0
0.4724657 0.5279444 0.705727 0
0.2579165 -0.8485027 0.4620846 0
0.2912773 1.280203 -0.1346139 1

0.7832181 0.4588503 -0.4195545 0
0.1591846 -0.8002957 -0.578089 0
-0.601024 0.385983 -0.6998482 0
0.1151139 0.8309492 0.5226357 1

0.7670913 0.4622085 -0.4448984 0
0.3551431 -0.8834779 -0.3055168 0
-0.5342702 0.07635663 -0.8418581 0
0.137489 0.8336341 0.5266424 1

0.7181807 0.4876141 -0.4964362 0
0.4918306 -0.8603837 -0.1335763 0
-0.4922592 -0.1482306 -0.8577345 0
0.1581443 0.8530636 0.5325938 1

0.6574038 0.5191044 -0.5462152 0
0.6909877 -0.704441 0.1621697 0
-0.3005933 -0.4840389 -0.8217968 0
0.165997 0.8740183 0.5198818 1

0.3912862 0.6281453 -0.6725538 0
0.9045278 -0.127916 0.4067769 0
0.1694847 -0.7675097 -0.6182264 0
0.1540499 0.8691262 0.4557925 1

0.3611111 -0.3330766 -0.8710102 0
0.5844631 -0.6469772 0.4897175 0
-0.7266371 -0.6859159 -0.03895959 0
0.3799987 1.306036 -0.1758075 1

0.4651906 -0.2921235 -0.8356204 0
0.7654094 -0.3414702 0.5454781 0
-0.4446867 -0.8933432 0.06474532 0
0.3795141 1.324358 -0.1597311 1

0.6432835 -0.191757 -0.7412258 0
0.7077969 -0.2201685 0.6712298 0
-0.2919077 -0.9564285 -0.005905747 0
0.3640529 1.346167 -0.1379776 1

0.7865551 -0.05162631 -0.6153585 0
0.600866 0.2938537 0.7433776 0
0.1424474 -0.9544553 0.2621525 0
0.3370053 1.352846 -0.1215553 1

0.7834589 -0.1517177 -0.6026391 0
0.5781929 0.5334067 0.6173898 0
0.2277828 -0.8321414 0.5056243 0
0.3061703 1.296336 -0.1133031 1

0.8892012 0.02849811 -0.456628 0
-0.007171609 0.9988037 0.04836983 0
0.4574602 -0.03973576 0.8883418 0
0.001426934 0.9507686 -0.007850714 1

0.8574246 0.1654351 -0.4872928 0
7.06017E-05 0.9468796 0.3215882 0
0.5146096 -0.2757721 0.8118662 0
0.0008759787 1.007171 -0.005403534 1

-0.9690046 0.1564392 0.1911985 0
0.0481663 -0.6394579 0.7673159 0
0.2423017 0.7527421 0.6121024 0
-0.05885314 0.8609967 0.01414167 1

-0.9666327 0.1255452 0.2232914 0
0.0122233 -0.848071 0.5297412 0
0.2558735 0.5147946 0.8182391 0
0.05888026 0.86477 -0.0463175 1

0.7866538 0.1333226 -0.6028273 0
0.05288456 0.9582661 0.2809435 0
0.6151251 -0.2528856 0.7467731 0
0.0008806325 1.06954 0.0157788 1

-0.9891128 0.02823678 0.1444255 0
-0.09150289 -0.8866393 -0.4533193 0
0.1152529 -0.4615993 0.8795699 0
-0.04481719 0.6308549 0.2930489 1

-0.9868509 0.0707777 0.145311 0
-0.1179382 -0.9300695 -0.3479381 0
0.1105233 -0.3605007 0.9261877 0
0.06816965 0.5599918 0.1485923 1

0.7020411 0.09294391 -0.7060451 0
0.1100273 0.9653849 0.2364868 0
0.7035853 -0.2437077 0.6675135 0
0.004861652 1.141676 0.03692755 1

-0.9820545 -0.07229944 0.1741886 0
0.1328371 -0.9207949 0.3667311 0
0.1338775 0.3832886 0.9138745 0
-0.08714922 0.2206684 0.0833295 1

-0.992767 -0.03607718 0.1145069 0
0.1122243 -0.6177103 0.7783569 0
0.04265136 0.7855775 0.6172914 0
0.01361927 0.1298036 -0.01234072 1

0.848582 0.07421191 -0.5238332 0
0.1540557 0.9125482 0.3788436 0
0.5061377 -0.4021794 0.7629392 0
0.01417954 1.223432 0.05695494 1

0.91506 0.01065567 0.4031769 0
-0.2577309 -0.7534667 0.604866 0
0.3102255 -0.6573997 -0.6867209 0
-0.01115341 1.209436 0.07828657 1

-0.9879323 -0.09357741 0.1234217 0
0.1527003 -0.4550667 0.8772669 0
-0.02592726 0.8855271 0.4638642 0
-0.06540565 0.06994719 0.1433582 1

-0.5791669 0.1927084 -0.7921041 0
0.7149223 -0.3468393 -0.6071148 0
-0.391729 -0.9179139 0.06310631 0
0.03694643 1.215729 0.03021546 1

-0.989113 0.005643252 0.1470481 0
0.1469558 -0.01429562 0.9890397 0
0.007683633 0.9998817 0.01331089 0
0.03254412 0.02563662 0.1189168 1

0.9934862 -0.1110242 -0.02566516 0
0.1136697 0.9814085 0.1546509 0
0.008017927 -0.1565608 0.9876357 0
0.01755528 1.282836 0.07083924 1

0.9538123 0.06192504 0.2939514 0
-0.15491 -0.7369924 0.6579095 0
0.257381 -0.6730582 -0.6933597 0
-0.02968343 1.155264 0.1217745 1

-0.9911852 0.04068804 -0.1260804 0
0.1127661 -0.240411 -0.9640986 0
-0.06953835 -0.9698181 0.2337037 0
0.08834708 1.190792 -0.01343416 1

0.752674 0.5412069 -0.3749357 0
0.6319619 -0.4341335 0.6419908 0
0.1846778 -0.7201548 -0.6687833 0
-0.06717715 0.9768859 0.2810122 1

0.4459858 -0.1844135 -0.8758358 0
0.7485222 0.6133561 0.2520098 0
0.4907253 -0.7679752 0.4115857 0
0.1156396 1.132606 -0.2467724 1

0.7824558 0.4647359 -0.4144672 0
0.5335475 -0.1571614 0.8310399 0
0.3210759 -0.8713902 -0.3709306 0
0.0692957 0.8831342 0.4196507 1

0.5164135 -0.2852413 -0.8074371 0
0.7083862 0.6720778 0.21564 0
0.4811512 -0.6833366 0.549131 0
0.2772878 1.265065 -0.1923491 1

0.7852619 0.4456111 -0.429877 0
0.5999892 -0.3762055 0.7060328 0
0.152894 -0.8123422 -0.5627818 0
0.08911906 0.8597042 0.4910774 1

0.7264038 0.4733466 -0.4982775 0
0.6166033 -0.1286476 0.7766919 0
0.3035424 -0.8714315 -0.3853173 0
0.1148043 0.8762779 0.4779731 1

0.7782563 0.4391945 -0.4488038 0
0.613483 -0.379271 0.6926706 0
0.1339989 -0.8144088 -0.5646085 0
0.102875 0.8663228 0.4856128 1

0.3658811 0.5524367 -0.7489624 0
0.9267545 -0.1426089 0.3475471 0
0.0851891 -0.8212652 -0.5641512 0
0.1008299 0.8801629 0.4240915 1

0.6671023 0.5079142 -0.5449749 0
0.5936215 0.07956154 0.8008019 0
0.4500977 -0.8577255 -0.248433 0
0.127373 0.8834541 0.4678605 1

0.624029 -0.1893203 -0.7581198 0
0.5722454 0.7713815 0.2783985 0
0.5320932 -0.6075593 0.5897021 0
0.3238888 1.317014 -0.1705413 1

0.4473868 -0.2831917 -0.8483204 0
0.7828177 0.5826935 0.2183236 0
0.4324833 -0.7617549 0.4823767 0
0.3353625 1.31274 -0.1842516 1

0.3428909 -0.3215156 -0.8826402 0
0.8719208 0.4585602 0.1716889 0
0.349543 -0.8284625 0.4375724 0
0.3429281 1.307561 -0.1953235 1

0.7797141 -0.0510604 -0.6240503 0
0.370633 0.8409377 0.3942778 0
0.5046555 -0.5387174 0.6746158 0
0.3145522 1.319868 -0.1560845 1

0.8647431 0.05196941 -0.4995188 0
0.4085104 0.5057701 0.7598133 0
0.2921285 -0.8611014 0.416131 0
0.2868824 1.277566 -0.163811 1

0.7809216 0.4506342 -0.4325391 0
0.5194615 -0.853083 0.04908283 0
-0.3468733 -0.2630172 -0.9002782 0
0.1039958 0.8503712 0.5085906 1

0.7720861 0.4447083 -0.4540012 0
0.5996709 -0.7463333 0.2887588 0
-0.2104228 -0.4951981 -0.8429123 0
0.1203635 0.8555506 0.5053016 1

0.7215106 0.4761205 -0.5027241 0
0.6894329 -0.5611891 0.4579839 0
-0.06406763 -0.6770347 -0.7331568 0
0.1356565 0.8719391 0.5042124 1

0.6637061 0.5087072 -0.5483709 0
0.7457683 -0.393537 0.5375484 0
0.0576506 -0.7657319 -0.6405708 0
0.145186 0.8858441 0.4918823 1

0.4905723 0.5657795 -0.6627458 0
0.862993 -0.2100505 0.4594797 0
0.1207543 -0.7973532 -0.5913091 0
0.1258037 0.8790119 0.4295382 1

0.4538075 -0.2801372 -0.8459209 0
0.8901864 0.1854891 0.4161274 0
0.04033628 -0.9418687 0.3335507 0
0.3573962 1.32915 -0.178092 1

0.355597 -0.3201097 -0.878112 0
0.9018002 -0.1293472 0.4123422 0
-0.2455761 -0.9385091 0.2426795 0
0.3642867 1.31879 -0.1911245 1

0.6298922 -0.1834272 -0.7547123 0
0.7465077 0.4112031 0.5231047 0
0.2143885 -0.8928979 0.3959433 0
0.3427785 1.342572 -0.161253 1

0.7824534 -0.04690994 -0.6209399 0
0.5059701 0.6291562 0.590048 0
0.3629891 -0.7758619 0.5160204 0
0.3254912 1.34467 -0.1444622 1

0.8350255 -0.03708798 -0.54896 0
0.4854239 0.5193697 0.7032916 0
0.2590295 -0.8537446 0.4516904 0
0.2935968 1.290341 -0.1420883 1

0.7791601 0.4550288 -0.4311122 0
0.09499332 -0.7655449 -0.6363311 0
-0.6195849 0.4548512 -0.6397069 0
0.1141203 0.8337205 0.5095541 1

0.7664673 0.4554638 -0.4528577 0
0.2971229 -0.8765327 -0.3786928 0
-0.5694257 0.1557013 -0.8071626 0
0.136435 0.835538 0.5130466 1

0.7189048 0.4796003 -0.5031494 0
0.4366376 -0.8747903 -0.2099751 0
-0.5408545 -0.06874173 -0.8383024 0
0.1576151 0.8540065 0.5188534 1

0.6604079 0.511453 -0.5497974 0
0.6545935 -0.7508665 0.0877884 0
-0.3679249 -0.4178699 -0.8306721 0
0.1656809 0.875025 0.5066598 1

0.4055819 0.6226535 -0.6691829 0
0.9002905 -0.1455309 0.4102412 0
0.1580514 -0.7688453 -0.6195939 0
0.1523586 0.8722053 0.4441396 1

0.3584795 -0.3211444 -0.8765607 0
0.5751786 -0.6635926 0.4783455 0
-0.7352973 -0.675656 -0.05316889 0
0.3820393 1.316227 -0.1830739 1

0.461792 -0.2811688 -0.8412447 0
0.7605273 -0.3625532 0.5386592 0
-0.45645 -0.8885378 0.04641221 0
0.381749 1.334224 -0.1667085 1

0.6392304 -0.1833474 -0.7468391 0
0.706105 -0.2447724 0.6644566 0
-0.3046321 -0.9520873 -0.02700354 0
0.3665857 1.355686 -0.1445709 1

0.7828866 -0.04633296 -0.6204372 0
0.6082366 0.2668226 0.7475657 0
0.1309097 -0.9626312 0.2370732 0
0.3397097 1.362294 -0.127966 1

0.770749 -0.1545385 -0.6181131 0
0.5942474 0.5242924 0.609908 0
0.2298178 -0.837398 0.495932 0
0.3088823 1.306211 -0.1208582 1

0.8809162 0.02389648 -0.4726685 0
0.006374488 0.9980348 0.06233736 0
0.4732293 -0.05792702 0.8790327 0
-0.002647713 0.9590372 -0.01248069 1

0.8511375 0.1503103 -0.5029631 0
0.01545647 0.9505379 0.310224 0
0.5247152 -0.2718173 0.806715 0
-0.002438929 1.015402 -0.009241965 1

-0.9658754 0.1716537 0.193959 0
0.04266351 -0.6331849 0.772824 0
0.25547 0.7547265 0.6042541 0
-0.06364417 0.869719 0.009383742 1

-0.9573618 0.0967996 0.2721909 0
0.03457673 -0.8970251 0.4406249 0
0.2868144 0.4312491 0.8554307 0
0.05299228 0.872883 -0.05319927 1

0.7828695 0.1235522 -0.6097953 0
0.06478122 0.958572 0.2773864 0
0.6188043 -0.2566606 0.7424328 0
-0.001420841 1.078012 0.01119183 1

-0.9890336 0.0434263 0.1411631 0
-0.07546323 -0.9702001 -0.2302549 0
0.1269573 -0.2383826 0.9628373 0
-0.05157616 0.6419056 0.2902874 1

-0.9837888 0.05966165 0.169115 0
-0.1243183 -0.9065509 -0.4033738 0
0.1292455 -0.4178587 0.8992717 0
0.07048902 0.5500839 0.1094674 1

0.7022609 0.0909921 -0.7060807 0
0.1178248 0.9632656 0.2413227 0
0.7021018 -0.2526653 0.6657426 0
0.003455732 1.150171 0.03207281 1

-0.980293 -0.02567947 0.1958736 0
0.1445719 -0.7689657 0.6227289 0
0.1346287 0.6387745 0.7575239 0
-0.08648772 0.1930613 0.1837645 1

-0.9927052 -0.03518873 0.115317 0
0.1121621 -0.6203839 0.7762369 0
0.04422617 0.7835087 0.6198052 0
0.01298764 0.1307737 -0.07710645 1

0.8498858 0.07781225 -0.5211902 0
0.1556413 0.9078498 0.3893381 0
0.5034578 -0.4120118 0.759458 0
0.01343397 1.231747 0.05250974 1

0.913527 -0.0009695012 0.4067771 0
-0.2662781 -0.7573963 0.5961937 0
0.3075134 -0.6529549 -0.69216 0
-0.01199398 1.217844 0.07378848 1

-0.9862818 -0.06141734 0.153221 0
0.1625165 -0.198586 0.9665155 0
-0.02893336 0.9781573 0.2058427 0
-0.06282338 0.06719219 0.2856965 1

-0.5717831 0.1988378 -0.7959447 0
0.7173094 -0.3496863 -0.60265 0
-0.3981604 -0.9155235 0.05731632 0
0.03612054 1.224001 0.02571453 1

-0.9889676 0.006421858 0.1479918 0
0.1478588 -0.0177708 0.9888489 0
0.008980188 0.9998217 0.01662512 0
0.031902 0.02615588 0.05379353 1

0.9933211 -0.1128366 -0.02410462 0
0.1152561 0.980116 0.1615191 0
0.005399972 -0.1632185 0.9865751 0
0.01693587 1.290983 0.06706394 1

0.9536057 0.03999697 0.2983898 0
-0.1730371 -0.7382492 0.6519559 0
0.2463623 -0.6733413 -0.6970776 0
-0.03113851 1.163389 0.1166529 1

-0.990689 0.03584591 -0.1313424 0
0.1210256 -0.2099926 -0.9701837 0
-0.06235807 -0.9770459 0.2036989 0
0.08769281 1.19886 -0.01761408 1

0.7511063 0.536799 -0.3842996 0
0.6383149 -0.4419254 0.6302826 0
0.1685033 -0.7187132 -0.6745797 0
-0.07301971 0.9847067 0.2744496 1

0.4382695 -0.1723613 -0.8821629 0
0.751443 0.6087905 0.2543778 0
0.4932075 -0.7743811 0.3963338 0
0.1169844 1.148036 -0.252425 1

0.7811617 0.4609799 -0.4210508 0
0.5424421 -0.1672369 0.823279 0
0.3090998 -0.8715099 -0.380694 0
0.06482513 0.8892724 0.4105597 1

0.5136003 -0.2753241 -0.8126571 0
0.7092369 0.6692717 0.2214928 0
0.482906 -0.690125 0.5390079 0
0.2792634 1.279508 -0.1974904 1

0.7811373 0.4444366 -0.4385209 0
0.6122701 -0.4077269 0.6774099 0
0.1222689 -0.7976434 -0.5906059 0
0.08533225 0.8651943 0.4815767 1

0.7275404 0.46767 -0.5019662 0
0.6305621 -0.1675281 0.757843 0
0.2703268 -0.8678821 -0.4167783 0
0.1109922 0.8816413 0.4682651 1

0.7778366 0.4342334 -0.4543259 0
0.620227 -0.4137155 0.6664517 0
0.1014339 -0.8001757 -0.5911262 0
0.09907486 0.8717347 0.4759858 1

0.368146 0.5537742 -0.7468621 0
0.9268363 -0.1548375 0.3420526 0
0.07377753 -0.818144 -0.5702607 0
0.09638552 0.8860077 0.4145883 1

0.670823 0.5027874 -0.545162 0
0.6116159 0.04067544 0.7901085 0
0.4194313 -0.8634527 -0.2802267 0
0.123495 0.8887807 0.4580452 1

0.620698 -0.1802792 -0.7630422 0
0.5793418 0.7612081 0.2914207 0
0.5282969 -0.6229463 0.5769234 0
0.3259477 1.331178 -0.1752027 1

0.4458252 -0.2716401 -0.8529078 0
0.7867501 0.5733687 0.2286333 0
0.4269247 -0.7729557 0.4693348 0
0.3373738 1.327072 -0.1890038 1

0.3431228 -0.3089592 -0.8870238 0
0.8741797 0.4505153 0.1812357 0
0.3436235 -0.837604 0.4246676 0
0.3449005 1.322029 -0.2001646 1

0.7759569 -0.04593785 -0.629111 0
0.3796567 0.8304794 0.4076335 0
0.503738 -0.5551521 0.6618567 0
0.3166611 1.333855 -0.1606799 1

0.8606399 0.05449076 -0.5062903 0
0.4158165 0.4987077 0.7605181 0
0.2939321 -0.8650562 0.4065494 0
0.2889576 1.291655 -0.1688331 1

0.7767037 0.4498309 -0.4408896 0
0.4934499 -0.8695896 -0.0179271 0
-0.3914571 -0.203633 -0.8973823 0
0.1005136 0.8550796 0.49838 1

0.7714185 0.4403932 -0.459312 0
0.5809881 -0.7818759 0.2261038 0
-0.2595503 -0.4412758 -0.8590167 0
0.1167552 0.8599823 0.4949284 1

0.7224385 0.470905 -0.5062914 0
0.6808499 -0.6121222 0.4021815 0
-0.1205229 -0.63526 -0.7628362 0
0.1323162 0.8759884 0.4938673 1

0.6672021 0.5038821 -0.5485839 0
0.7448765 -0.452007 0.4907635 0
-0.0006768405 -0.7360656 -0.6769098 0
0.1418478 0.8900039 0.481746 1

0.4994096 0.5636184 -0.65797 0
0.8593813 -0.2260311 0.4586653 0
0.1097904 -0.7945089 -0.5972451 0
0.1213715 0.8845544 0.4199059 1

0.4523991 -0.2686474 -0.8503906 0
0.8914699 0.1627881 0.4228264 0
0.02484201 -0.9493834 0.3131357 0
0.3595181 1.343219 -0.1825538 1

0.3559691 -0.3077581 -0.8823668 0
0.8974139 -0.1507739 0.4146275 0
-0.260643 -0.9394426 0.2225153 0
0.3663145 1.333062 -0.1957318 1

0.6267165 -0.1744494 -0.7594696 0
0.7530463 0.3861918 0.5327078 0
0.2003706 -0.9057725 0.3734009 0
0.3450727 1.356399 -0.1654827 1

0.7788144 -0.04180928 -0.6258598 0
0.5173492 0.6070074 0.6032348 0
0.3546806 -0.7935959 0.4943756 0
0.3278663 1.358348 -0.1486637 1

0.8272631 -0.03727974 -0.5605769 0
0.4973447 0.512693 0.6998532 0
0.2613136 -0.8577625 0.4426727 0
0.295878 1.304238 -0.1470627 1

0.7751128 0.45439 -0.4390104 0
0.02566704 -0.7169033 -0.6967003 0
-0.6313014 0.528753 -0.5673437 0
0.1101306 0.8381069 0.4980364 1

0.7661781 0.4516396 -0.4571575 0
0.2320805 -0.8578407 -0.4585285 0
-0.5992578 0.245217 -0.7620754 0
0.1323259 0.8390167 0.5009938 1

0.7198446 0.4747503 -0.5063952 0
0.372865 -0.8798097 -0.2947992 0
-0.5854875 0.02339264 -0.8103442 0
0.1540008 0.8564309 0.5067279 1

0.6638378 0.5070323 -0.5497617 0
0.6085523 -0.7935084 0.002993643 0
-0.4347225 -0.336546 -0.8353162 0
0.1623182 0.8775778 0.4952377 1

0.4216867 0.6205477 -0.6611362 0
0.8946036 -0.1658224 0.414955 0
0.1478682 -0.7664357 -0.6250693 0
0.1478098 0.8772526 0.4344795 1

0.3589543 -0.3089526 -0.8807385 0
0.5551791 -0.6878664 0.4675641 0
-0.7502855 -0.6568018 -0.07538888 0
0.3839808 1.330078 -0.1876365 1

0.4604622 -0.2699665 -0.8456317 0
0.7482605 -0.3944797 0.5333785 0
-0.4775789 -0.8783532 0.02036205 0
0.3839062 1.347672 -0.1709872 1

0.6361381 -0.174782 -0.7515184 0
0.6990698 -0.2816538 0.6572464 0
-0.3265428 -0.9434633 -0.056986 0
0.3690885 1.368715 -0.1484944 1

0.7793283 -0.04119965 -0.6252601 0
0.6162895 0.2308041 0.7529388 0
0.1132917 -0.9721279 0.2052628 0
0.3424033 1.375352 -0.1317983 1

0.7578165 -0.1571001 -0.6332725 0
0.6094393 0.5170626 0.6010245 0
0.2330205 -0.8414072 0.4875811 0
0.311524 1.319903 -0.1259438 1

0.8715245 0.02563623 -0.4896814 0
0.01468062 0.9968206 0.07831469 0
0.4901321 -0.075442 0.8683772 0
-0.007561105 0.9671776 -0.01232587 1

0.8433579 0.1289927 -0.52164 0
0.03167905 0.9571362 0.2879004 0
0.5364177 -0.2593282 0.8031221 0
-0.006888776 1.023479 -0.00818171 1

-0.9594595 0.1816576 0.2154954 0
0.03528163 -0.6811579 0.7312861 0
0.2796299 0.7092423 0.6471341 0
-0.06874374 0.8779297 0.00930379 1

-0.9476184 0.0642502 0.312876 0
0.04454504 -0.9434021 0.3286462 0
0.3162834 0.3253682 0.8911231 0
0.04664921 0.881324 -0.05553177 1

0.778041 0.110712 -0.618381 0
0.0764102 0.9603624 0.2680774 0
0.6235493 -0.2558258 0.7387419 0
-0.004802145 1.086524 0.01078168 1

-0.9876305 0.06119021 0.1443683 0
-0.05670894 -0.9977787 0.03495774 0
0.1461866 0.02633829 0.9889064 0
-0.05930165 0.6327541 0.275295 1

-0.9805101 0.04382198 0.1915193 0
-0.1272261 -0.884437 -0.4489819 0
0.1497114 -0.4645975 0.8727747 0
0.06786285 0.5413397 0.06664234 1

0.7021534 0.08974896 -0.7063467 0
0.1241884 0.961382 0.2456051 0
0.7011119 -0.2601726 0.663892 0
0.0009498294 1.158818 0.03096189 1

-0.9784535 0.02057704 0.2054408 0
0.1600223 -0.5531828 0.8175462 0
0.1304688 0.832806 0.5379705 0
-0.08553696 0.1711512 0.2914675 1

-0.990694 -0.06463793 0.1197805 0
0.1337135 -0.6265574 0.7678196 0
0.02541918 0.7766905 0.6293696 0
0.009016506 0.1322578 -0.1410268 1

0.8508421 0.07786694 -0.5196196 0
0.1598155 0.9037462 0.3971168 0
0.5005266 -0.420927 0.7565011 0
0.01146699 1.240234 0.0517615 1

0.9126439 -0.01106672 0.4086062 0
-0.2741051 -0.7581318 0.5916951 0
0.303229 -0.6520078 -0.6949377 0
-0.01402874 1.226396 0.07300145 1

-0.9842217 -0.02613907 0.1749995 0
0.1720849 0.08870889 0.9810799 0
-0.04116853 0.9957147 -0.08281117 0
-0.05934351 0.08060282 0.4252883 1

-0.5648878 0.2016029 -0.8001612 0
0.712943 -0.3689955 -0.596284 0
-0.4154685 -0.9073029 0.06470969 0
0.03407822 1.232467 0.02490893 1

-0.9879531 -0.0233248 0.1529857 0
0.1536034 -0.02749732 0.9877501 0
-0.01883235 0.9993501 0.03074891 0
0.03156516 0.02659898 -0.01154627 1

0.9932294 -0.1141191 -0.02173343 0
0.1161501 0.9790016 0.1675261 0
0.002159148 -0.1689162 0.9856281 0
0.01525327 1.299327 0.0668166 1

0.9526838 0.01925318 0.3033532 0
-0.1910135 -0.7384005 0.646745 0
0.2364479 -0.674088 -0.6997844 0
-0.03373599 1.171889 0.1155424 1

-0.9898481 0.02850755 -0.1392401 0
0.1314294 -0.1893142 -0.9730808 0
-0.05410016 -0.9815027 0.1836456 0
0.08533657 1.205937 -0.017962 1

0.7490923 0.5328422 -0.3936245 0
0.6440483 -0.4466357 0.6210625 0
0.1551213 -0.7187461 -0.6777475 0
-0.07996811 0.9931695 0.2720779 1

0.4341006 -0.1633216 -0.8859362 0
0.7487181 0.6123 0.2539881 0
0.5009771 -0.7735727 0.3880815 0
0.117146 1.160118 -0.2534741 1

0.7791405 0.4563551 -0.4297443 0
0.5514964 -0.1731503 0.8160093 0
0.2979795 -0.8727882 -0.3865865 0
0.05911479 0.896718 0.406197 1

0.5075914 -0.2716618 -0.81765 0
0.7077429 0.672683 0.2158649 0
0.4913769 -0.6882569 0.5337145 0
0.2788366 1.292348 -0.1986237 1

0.7765307 0.4422105 -0.4488314 0
0.6231866 -0.4339576 0.6506301 0
0.09294161 -0.7849401 -0.6125612 0
0.08033573 0.8723199 0.4768943 1

0.7274857 0.4609326 -0.508238 0
0.6427858 -0.1987674 0.7398095 0
0.239981 -0.864889 -0.4408814 0
0.1059453 0.8886136 0.4633001 1

0.7766061 0.4282844 -0.4620126 0
0.6260309 -0.4425924 0.6420262 0
0.07048649 -0.7878354 -0.6118392 0
0.09405427 0.8787745 0.4711466 1

0.3694262 0.5522251 -0.7473769 0
0.927115 -0.1644139 0.3367874 0
0.06310338 -0.8173224 -0.572715 0
0.09069886 0.8932159 0.4098213 1

0.673297 0.4961114 -0.5482196 0
0.6272995 0.009177214 0.7787242 0
0.3913649 -0.8682105 -0.3050314 0
0.1183704 0.8956875 0.4529407 1

0.6136054 -0.1765464 -0.7696232 0
0.5853171 0.7559114 0.2932609 0
0.5299929 -0.6304201 0.5671669 0
0.3254534 1.344233 -0.1766972 1

0.4411207 -0.2668779 -0.8568484 0
0.7899895 0.5684932 0.229635 0
0.425828 -0.7781976 0.4616047 0
0.3367742 1.340203 -0.190607 1

0.3415863 -0.3036837 -0.8894354 0
0.8753558 0.4473251 0.1834469 0
0.342157 -0.8412352 0.4186312 0
0.344225 1.335214 -0.2018423 1

0.7678508 -0.04471208 -0.6390668 0
0.3888301 0.8253288 0.4094431 0
0.5091331 -0.5628794 0.6511145 0
0.3162858 1.346844 -0.162087 1

0.8532915 0.05610831 -0.518407 0
0.4246066 0.5023 0.7532622 0
0.3026602 -0.8628711 0.4047843 0
0.2887286 1.304511 -0.1700407 1

0.7720268 0.447938 -0.450917 0
0.4662285 -0.8812875 -0.07722308 0
-0.4319788 -0.1506121 -0.8892193 0
0.09578796 0.8615546 0.4930335 1

0.7699814 0.4350326 -0.4667715 0
0.5607756 -0.8103741 0.1697788 0
-0.3044002 -0.3924806 -0.8679286 0
0.1118996 0.8662002 0.4893938 1

0.7222049 0.4645761 -0.5124344 0
0.6700999 -0.6535574 0.351894 0
-0.1714238 -0.597522 -0.7833149 0
0.1276824 0.8819048 0.4882928 1

0.669476 0.4974803 -0.5516479 0
0.7409073 -0.5006371 0.4476818 0
-0.05346259 -0.7084323 -0.7037513 0
0.1371938 0.8959656 0.4763001 1

0.5073978 0.5588996 -0.6558803 0
0.8559449 -0.23898 0.458527 0
0.09952816 -0.794053 -0.5996451 0
0.1156974 0.8915145 0.4150039 1

0.4479 -0.2639004 -0.8542497 0
0.8940235 0.143296 0.4244861 0
0.01038842 -0.9538465 0.3001152 0
0.3590098 1.356213 -0.1841287 1

0.3546287 -0.3026198 -0.8846807 0
0.8938317 -0.1679696 0.4157537 0
-0.2744147 -0.9381938 0.2109242 0
0.3656677 1.346168 -0.1973553 1

0.6198157 -0.1707103 -0.7659549 0
0.7616804 0.3657805 0.5348344 0
0.1888697 -0.9149113 0.356743 0
0.344777 1.369278 -0.1669157 1

0.7708722 -0.04053919 -0.6356988 0
0.5323749 0.5889745 0.6080183 0
0.3497618 -0.807134 0.4756059 0
0.3277614 1.371186 -0.1500176 1

0.816401 -0.03906468 -0.5761626 0
0.5101132 0.5164518 0.6877952 0
0.2706918 -0.8554249 0.4415592 0
0.295907 1.317179 -0.1484037 1

0.7706336 0.4526224 -0.4486168 0
-0.04060277 -0.6676546 -0.7433633 0
-0.6359837 0.5910758 -0.4961394 0
0.1048738 0.8443536 0.491533 1

0.7651682 0.4466727 -0.4636824 0
0.1688218 -0.834191 -0.5249999 0
-0.6213025 0.3234334 -0.7137045 0
0.1269284 0.8444707 0.4939492 1

0.7196549 0.4687467 -0.5122239 0
0.3108346 -0.8771678 -0.3660035 0
-0.6208693 0.1041792 -0.776961 0
0.1490242 0.8610256 0.4995492 1

0.666083 0.5009919 -0.5525765 0
0.5612432 -0.8245928 -0.07108437 0
-0.4912633 -0.2627817 -0.8304256 0
0.1575551 0.8822028 0.4886078 1

0.4365841 0.6155874 -0.6560842 0
0.888966 -0.183053 0.4197989 0
0.1383246 -0.7665143 -0.6271544 0
0.142025 0.883813 0.4295723 1

0.357758 -0.303996 -0.8829473 0
0.5337672 -0.7092653 0.4604727 0
-0.7662257 -0.6360261 -0.09148225 0
0.3832636 1.342846 -0.1892381 1

0.4560889 -0.2654991 -0.8494076 0
0.7356555 -0.4246256 0.5277349 0
-0.5007933 -0.8655654 0.001648739 0
0.3834678 1.360133 -0.1725166 1

0.6293846 -0.1714176 -0.7579522 0
0.6936621 -0.3157458 0.6474083 0
-0.3502973 -0.9332315 -0.07981962 0
0.369068 1.380943 -0.1498595 1

0.7715093 -0.03987607 -0.6349674 0
0.6291788 0.1958744 0.7521752 0
0.09438016 -0.9798181 0.176208 0
0.342719 1.387684 -0.1330187 1

0.7419969 -0.1623411 -0.6504508 0
0.6246255 0.5197875 0.5828072 0
0.2434826 -0.8387292 0.4870831 0
0.3119381 1.332958 -0.1276618 1

0.8612105 0.03359985 -0.5071366 0
0.01557637 0.9955989 0.09241399 0
0.5080097 -0.08748724 0.8568969 0
-0.01326878 0.9724609 -0.008700363 1

0.8342253 0.108921 -0.5405594 0
0.04666178 0.9628375 0.2660201 0
0.549446 -0.2471442 0.7981409 0
-0.01255158 1.028697 -0.003756538 1

-0.9448453 0.1946543 0.2633967 0
0.03102058 -0.7474182 0.6636298 0
0.3260456 0.635198 0.7001557 0
-0.07392752 0.8828473 0.01289308 1

-0.9405559 0.02644535 0.3386079 0
0.04780259 -0.9767327 0.209065 0
0.3362582 0.2128236 0.9174075 0
0.04009982 0.887296 -0.0542536 1

0.7725711 0.09907866 -0.6271502 0
0.08618124 0.9622446 0.2581823 0
0.6290523 -0.2535127 0.7348637 0
-0.00947807 1.092118 0.01376565 1

-0.9819506 0.09048935 0.1660893 0
-0.04072662 -0.9586874 0.2815323 0
0.1847032 0.2696863 0.9450683 0
-0.06593187 0.6136783 0.2546279 1

-0.9804449 0.02081397 0.1956899 0
-0.1154386 -0.8661647 -0.4862435 0
0.159379 -0.4993251 0.8516295 0
0.06256498 0.5348336 0.02468603 1

0.7022548 0.08882495 -0.7063628 0
0.1281216 0.9602185 0.2481238 0
0.7003022 -0.2647465 0.6629376 0
-0.002990555 1.164553 0.03320098 1

-0.9773407 0.05863675 0.2033907 0
0.1740201 -0.324469 0.9297512 0
0.1205115 0.9440775 0.3069125 0
-0.08477326 0.1701601 0.3848733 1

-0.9906163 -0.06706411 0.1190862 0
0.1342714 -0.6401367 0.7564365 0
0.02550185 0.7653283 0.6431348 0
0.009170717 0.1342034 -0.2002179 1

0.8520013 0.07767865 -0.517745 0
0.1637814 0.8997483 0.4045103 0
0.497262 -0.4294403 0.7538644 0
0.0078597 1.245871 0.05421387 1

0.9117185 -0.01570299 0.4105152 0
-0.2760457 -0.763476 0.5838692 0
0.30425 -0.6456454 -0.7004099 0
-0.0176836 1.232078 0.07542621 1

-0.9825526 0.005630858 0.185902 0
0.1768399 0.337892 0.9244224 0
-0.0576095 0.9411684 -0.3329922 0
-0.05628864 0.117049 0.5370605 1

-0.5570139 0.2023563 -0.8054737 0
0.71522 -0.3760875 -0.5890832 0
-0.4221333 -0.904218 0.06475651 0
0.03043009 1.238085 0.02733236 1

-0.9879036 -0.02652825 0.1527837 0
0.1535964 -0.03190764 0.9876184 0
-0.0213248 0.9991387 0.03559637 0
0.03181346 0.02625453 -0.0726569 1

0.9931796 -0.1149698 -0.01940656 0
0.1165932 0.978113 0.1723396 0
-0.0008318722 -0.1734268 0.9848466 0
0.01192173 1.304823 0.06974307 1

0.9499795 0.004207743 0.3122841 0
-0.2073234 -0.7393163 0.6406469 0
0.2335724 -0.6733453 -0.7014629 0
-0.03753041 1.177187 0.1174045 1

-0.9887575 0.01581157 -0.1486912 0
0.1436614 -0.1753909 -0.9739608 0
-0.04147894 -0.9843719 0.1711473 0
0.08185214 1.211046 -0.01502084 1

0.7480871 0.5301247 -0.3991664 0
0.6468647 -0.4483054 0.6169187 0
0.1480953 -0.7197154 -0.6782901 0
-0.08771008 0.9982458 0.272464 1

0.4279491 -0.1610884 -0.8893315 0
0.7420776 0.6243268 0.2440033 0
0.5159273 -0.7643735 0.3867199 0
0.1166222 1.168596 -0.250746 1

0.7787989 0.4499081 -0.4370986 0
0.5575252 -0.1771362 0.8110417 0
0.2874681 -0.8753316 -0.3887884 0
0.05198104 0.9014338 0.4056882 1

0.5043977 -0.2696153 -0.8202991 0
0.7015251 0.6818415 0.2072572 0
0.5034343 -0.6800001 0.5330609 0
0.2768787 1.303424 -0.1980518 1

0.7743853 0.4374307 -0.4571453 0
0.6288886 -0.4528052 0.6320338 0
0.06947318 -0.7769311 -0.6257408 0
0.07365129 0.8769025 0.4762029 1

0.7284393 0.4529717 -0.5139971 0
0.6500763 -0.2201502 0.7272789 0
0.2162801 -0.8639158 -0.4548321 0
0.09926478 0.8929846 0.4623662 1

0.7767116 0.4208126 -0.468653 0
0.6281759 -0.4632267 0.6251529 0
0.04597953 -0.7799602 -0.624138 0
0.08736777 0.8832446 0.4703266 1

0.3724513 0.5482775 -0.7487803 0
0.926515 -0.1732601 0.3339926 0
0.05338681 -0.8181522 -0.5725182 0
0.08356791 0.8976816 0.4090262 1

0.6761992 0.4881281 -0.5518023 0
0.6376796 -0.01270586 0.7701967 0
0.3689435 -0.8726796 -0.3198609 0
0.1116508 0.8999537 0.4518899 1

0.6085574 -0.173528 -0.7743037 0
0.5861596 0.756035 0.2912534 0
0.5348601 -0.6311096 0.5618056 0
0.3230573 1.355947 -0.1767276 1

0.4393516 -0.2642523 -0.8585694 0
0.7899284 0.5687661 0.2291703 0
0.4277664 -0.7788942 0.4586282 0
0.3343166 1.351984 -0.190706 1

0.3435648 -0.3012357 -0.889506 0
0.8738003 0.4496257 0.1852307 0
0.3441467 -0.8408889 0.4176951 0
0.3417381 1.347027 -0.2019756 1

0.7605506 -0.0426481 -0.647877 0
0.3925213 0.8250491 0.4064744 0
0.517195 -0.5634494 0.6442316 0
0.3139728 1.358521 -0.162059 1

0.8465 0.06050177 -0.5289403 0
0.4282761 0.512798 0.7440553 0
0.3162562 -0.8563747 0.4081719 0
0.2868486 1.315834 -0.1696028 1

0.7698632 0.4433991 -0.4590294 0
0.4425751 -0.8891212 -0.1165789 0
-0.459824 -0.1134051 -0.8807392 0
0.08924488 0.8656698 0.4918809 1

0.7699799 0.4279894 -0.4732401 0
0.5422041 -0.8298659 0.1316724 0
-0.3363717 -0.3579775 -0.8710374 0
0.1052742 0.8700828 0.4880936 1

0.7230546 0.4569088 -0.5180991 0
0.6587451 -0.6818492 0.3180199 0
-0.2079594 -0.5712409 -0.7940005 0
0.1212484 0.885553 0.4869354 1

0.6722474 0.4897001 -0.5552274 0
0.7345751 -0.5345175 0.4179598 0
-0.09210396 -0.6888285 -0.7190493 0
0.1307856 0.8995755 0.4749934 1

0.5161692 0.5520731 -0.6548167 0
0.8517192 -0.2503035 0.4603507 0
0.09024426 -0.7953387 -0.5994101 0
0.1085648 0.8957397 0.4141322 1

0.4463231 -0.2612453 -0.8558896 0
0.8948724 0.1299603 0.4269834 0
-0.0003157705 -0.9564838 0.2917851 0
0.3565506 1.368001 -0.1842409 1

0.3567931 -0.3002227 -0.8846272 0
0.8899148 -0.1788211 0.4196135 0
-0.2841676 -0.9369578 0.2033702 0
0.3631427 1.358038 -0.197445 1

0.6149249 -0.1676261 -0.7705641 0
0.7672775 0.3527971 0.5355559 0
0.1820795 -0.920563 0.3455591 0
0.3424092 1.380996 -0.1670122 1

0.7637187 -0.03838935 -0.644407 0
0.5434887 0.5769139 0.6097466 0
0.3483597 -0.815902 0.4614638 0
0.3255572 1.382854 -0.1500772 1

0.8071454 -0.03834129 -0.5891068 0
0.5171133 0.5273221 0.6741856 0
0.2847997 -0.8488001 0.4454519 0
0.2941512 1.328753 -0.1481564 1

0.7686461 0.4481592 -0.4564391 0
-0.08947656 -0.6312072 -0.7704359 0
-0.6333855 0.6330331 -0.4450752 0
0.09786931 0.848316 0.4896127 1

0.7655498 0.4398836 -0.4695065 0
0.1205974 -0.8149299 -0.5668736 0
-0.6319732 0.3773485 -0.676918 0
0.1198051 0.8478308 0.4916273 1

0.7205704 0.4613056 -0.5176638 0
0.2633239 -0.872704 -0.4111547 0
-0.6414353 0.1599528 -0.7503175 0
0.1422277 0.8637714 0.4971113 1

0.6688653 0.4934703 -0.5559734 0
0.5227194 -0.8439825 -0.1202423 0
-0.5285678 -0.2101922 -0.822457 0
0.1509729 0.8848816 0.486484 1

0.4512809 0.6085126 -0.6527311 0
0.8829013 -0.1981198 0.425716 0
0.1297346 -0.7684147 -0.6266643 0
0.1347567 0.8876899 0.4287567 1

0.3600687 -0.30177 -0.8827717 0
0.5138898 -0.725588 0.4576453 0
-0.7786324 -0.6184312 -0.1061853 0
0.3806617 1.354503 -0.1892518 1

0.4546356 -0.2630741 -0.8509401 0
0.72306 -0.4488599 0.5250805 0
-0.5200883 -0.8540006 -0.01384971 0
0.3810317 1.371556 -0.1725605 1

0.6246327 -0.1686172 -0.7624976 0
0.6883734 -0.3421727 0.6395781 0
-0.3687498 -0.9243842 -0.09766088 0
0.3668788 1.392247 -0.149933 1

0.764487 -0.03766933 -0.6435376 0
0.6397308 0.1672929 0.7501721 0
0.0794007 -0.9851874 0.1519913 0
0.3408257 1.399015 -0.1330304 1

0.7292104 -0.1656855 -0.6639286 0
0.6336202 0.5298914 0.5636856 0
0.2584155 -0.8317234 0.4913836 0
0.3103915 1.344865 -0.1278377 1

0.8498402 0.03211281 -0.5260612 0
0.01650559 0.9960307 0.08746599 0
0.5267819 -0.08301506 0.845937 0
-0.02029422 0.9724692 -0.003181957 1

0.8246447 0.09390986 -0.5578009 0
0.06182715 0.9652494 0.2539112 0
0.5622618 -0.2438737 0.7901818 0
-0.01953056 1.028729 0.001486022 1

-0.9380111 0.2027193 0.2811407 0
0.02932405 -0.7618034 0.6471442 0
0.3453626 0.6152726 0.7086355 0
-0.08036612 0.882896 0.0201496 1

-0.9325694 -0.01781008 0.3605511 0
0.05231475 -0.9949062 0.08616743 0
0.35718 0.09921923 0.9287508 0
0.03215577 0.8871478 -0.04950278 1

0.7675802 0.09087908 -0.6344774 0
0.09386622 0.9632859 0.2515336 0
0.6340424 -0.2526282 0.7308689 0
-0.01545814 1.092308 0.01821061 1

-0.9805732 0.09366482 0.1723463 0
-0.0230438 -0.9275508 0.3729861 0
0.1947957 0.3617685 0.9116898 0
-0.07294187 0.6085341 0.2559926 1

-0.9806222 -0.006821373 0.1957899 0
-0.0990632 -0.8449441 -0.5256004 0
0.1690168 -0.5348111 0.8278952 0
0.05632766 0.5277106 -0.01505765 1

0.7038994 0.08763896 -0.7048724 0
0.1282821 0.9603555 0.247509 0
0.6986196 -0.264644 0.6647513 0
-0.008392119 1.164822 0.03714545 1

-0.9772735 0.0686177 0.2005697 0
0.186008 -0.1762329 0.9666142 0
0.1016738 0.9819541 0.1594643 0
-0.08360259 0.1794206 0.4285474 1

-0.9907154 -0.06280222 0.1205769 0
0.1311296 -0.6755434 0.7255662 0
0.03588775 0.7346408 0.6775066 0
0.01050763 0.1368957 -0.2581655 1

0.8544626 0.07804028 -0.513618 0
0.1657098 0.8960681 0.4118279 0
0.4923758 -0.437003 0.7527246 0
0.002471733 1.246151 0.05810629 1

0.9113627 -0.0137033 0.4113763 0
-0.2741253 -0.7657527 0.5817891 0
0.3070398 -0.6429895 -0.7016349 0
-0.02312925 1.232397 0.07927431 1

-0.9814315 0.01345823 0.1913405 0
0.1745028 0.4767715 0.8615322 0
-0.079631 0.8789244 -0.4702671 0
-0.05315571 0.1505738 0.5867684 1

-0.5483463 0.1985462 -0.8123398 0
0.7194287 -0.3832053 -0.5792896 0
-0.4263086 -0.9020716 0.06728917 0
0.02509638 1.238323 0.03128268 1

-0.9875274 -0.02425456 0.1555681 0
0.1566288 -0.05069941 0.9863555 0
-0.01603642 0.9984196 0.05386604 0
0.03262056 0.02297601 -0.1358103 1

0.9929653 -0.1171837 -0.01697218 0
0.1183434 0.9775128 0.1745382 0
-0.003862292 -0.1753189 0.9845043 0
0.006706068 1.30497 0.07408767 1

0.9453035 -0.004096769 0.3261667 0
-0.223011 -0.7378425 0.6370676 0
0.2380494 -0.6749609 -0.6983986 0
-0.04283798 1.177342 0.1211031 1

-0.9866832 0.003593063 -0.1626155 0
0.1594523 -0.1760612 -0.9713793 0
-0.03212045 -0.9843729 0.1731435 0
0.07682104 1.210772 -0.01036641 1

0.7527791 0.5233853 -0.3992392 0
0.6410269 -0.4449248 0.6254016 0
0.1496943 -0.7267121 -0.6704339 0
-0.09681462 0.998758 0.2752963 1

0.4290371 -0.1700255 -0.8871408 0
0.733812 0.6383113 0.2325487 0
0.5267327 -0.7507663 0.3986258 0
0.1154129 1.16816 -0.2454667 1

0.7852965 0.4342073 -0.441332 0
0.5526081 -0.1701595 0.8158864 0
0.2791666 -0.8845962 -0.3735721 0
0.0416158 0.902676 0.4103524 1

0.50828 -0.2773186 -0.8153197 0
0.692091 0.6949487 0.1950815 0
0.5125056 -0.6634312 0.545158 0
0.2738844 1.306008 -0.1952462 1

0.7804566 0.4218597 -0.4614354 0
0.6222849 -0.452836 0.6385151 0
0.06040907 -0.7854775 -0.6159356 0
0.06275941 0.8790479 0.4813339 1

0.7357821 0.436161 -0.5180624 0
0.6449474 -0.217966 0.7324849 0
0.2065609 -0.8730724 -0.4416763 0
0.08859889 0.894622 0.4673372 1

0.7832236 0.4043871 -0.4722631 0
0.6206594 -0.4637623 0.6322238 0
0.03664511 -0.7882871 -0.614216 0
0.07656631 0.8851431 0.4754082 1

0.3844927 0.5316558 -0.7546577 0
0.9218915 -0.1788405 0.3437043 0
0.04776874 -0.8278641 -0.5588917 0
0.07314697 0.8986308 0.4138696 1

0.6844719 0.4711083 -0.5563775 0
0.6356924 -0.01204519 0.7718487 0
0.3569223 -0.8819935 -0.3077244 0
0.1010989 0.9012848 0.4567969 1

0.6101862 -0.1794108 -0.7716768 0
0.5819904 0.7623838 0.2829458 0
0.5375504 -0.6217579 0.5696113 0
0.3193354 1.35953 -0.1748613 1

0.444656 -0.2722184 -0.8533337 0
0.7862157 0.5750492 0.226238 0
0.4291226 -0.7715024 0.4697212 0
0.330652 1.355471 -0.1887659 1

0.3523364 -0.3100876 -0.883009 0
0.8695457 0.457341 0.1863593 0
0.3460486 -0.8334779 0.430773 0
0.3381439 1.350416 -0.1999448 1

0.758927 -0.04704828 -0.649474 0
0.3896734 0.8319057 0.3950796 0
0.5217133 -0.5529191 0.6496891 0
0.3102121 1.362241 -0.1602415 1

0.8443751 0.0603989 -0.5323374 0
0.4235081 0.5333201 0.732264 0
0.3281343 -0.8437546 0.4247426 0
0.2836753 1.31906 -0.167023 1

0.7759983 0.4278949 -0.4633933 0
0.4293318 -0.8965557 -0.1089152 0
-0.4620621 -0.1144314 -0.8794345 0
0.07818913 0.8678144 0.4971727 1

0.7765648 0.411649 -0.4769619 0
0.5292825 -0.8369083 0.1394458 0
-0.3417705 -0.3607362 -0.867792 0
0.09425917 0.8719653 0.4933763 1

0.7304373 0.4401385 -0.5222451 0
0.6480533 -0.6880463 0.3265269 0
-0.2156117 -0.57695 -0.7878078 0
0.1104092 0.887264 0.4920822 1

0.6805263 0.4727124 -0.5598463 0
0.725361 -0.5426706 0.4235098 0
-0.103614 -0.6942999 -0.7121886 0
0.1201741 0.9009261 0.4799501 1

0.5312045 0.5341579 -0.6576455 0
0.8429396 -0.2550637 0.4737042 0
0.08529127 -0.8059892 -0.5857539 0
0.09808066 0.8964748 0.4191943 1

0.4517542 -0.2691254 -0.8505821 0
0.892112 0.1283526 0.4331999 0
-0.007410631 -0.9545141 0.2980736 0
0.3527813 1.371665 -0.1823834 1

0.3656809 -0.3090001 -0.8779503 0
0.8843642 -0.1786887 0.431243 0
-0.290134 -0.934125 0.2079255 0
0.3594443 1.361615 -0.1953864 1

0.6166343 -0.1733796 -0.7679206 0
0.7669038 0.3526272 0.5362023 0
