MeshAnim
1
19
52
30
0.9167935 0.103157 -0.3858086 0
-0.01835976 0.975929 0.2173144 0
0.3989394 -0.1921491 0.8966193 0
-0.001175234 0.9151582 0.01344865 1

0.8852143 0.1375825 -0.4443721 0
0.1188679 0.8566487 0.5020193 0
0.4497399 -0.4972163 0.7419635 0
-0.002339154 0.9703177 0.02543132 1

-0.9877771 0.06410305 0.1420826 0
0.08028838 -0.5720624 0.8162711 0
0.1336055 0.8177013 0.5599233 0
-0.06203383 0.8231421 0.01582006 1

-0.9877985 0.03840058 0.1509288 0
0.0493653 -0.8419448 0.5373005 0
0.1477064 0.5381953 0.8297762 0
0.05935289 0.8368005 -0.03526238 1

0.8373553 0.1462131 -0.5267427 0
0.1543332 0.8611394 0.4843761 0
0.524421 -0.4868888 0.698514 0
0.005490424 1.026743 0.05849827 1

-0.9914584 -0.09091509 0.0935145 0
-0.02249029 -0.5870853 -0.8092125 0
0.1284706 -0.8044037 0.5800259 0
-0.03654039 0.6171012 0.3122129 1

-0.9996363 -0.0154349 0.02211335 0
0.00444676 -0.9031243 -0.4293562 0
0.02659816 -0.4291016 0.9028645 0
0.08162378 0.5346794 0.1627092 1

0.7821609 0.1497154 -0.6048218 0
0.1919396 0.8656015 0.4624858 0
0.5927759 -0.4778277 0.6483034 0
0.01710825 1.091568 0.09496093 1

-0.9782332 -0.1987634 0.05960825 0
0.174163 -0.9426011 -0.2849043 0
0.1128153 -0.2683212 0.9567008 0
-0.04694508 0.3454975 -0.06215368 1

-0.9993855 -0.01981243 -0.02891859 0
-0.01048243 -0.6183066 0.7858672 0
-0.03345051 0.7856874 0.6177188 0
0.08368053 0.1169542 -0.03588237 1

0.9473144 0.08682764 -0.3083123 0
0.04501887 0.9169101 0.3965464 0
0.3171258 -0.3895339 0.8646932 0
0.03336307 1.164873 0.1341275 1

0.8279495 -0.282628 0.4843772 0
-0.5279928 -0.6839477 0.5034272 0
0.1890061 -0.6725598 -0.7154996 0
0.004391765 1.150103 0.1494628 1

-0.983012 -0.1834475 0.005899012 0
0.1721079 -0.9101292 0.376887 0
-0.06377015 0.3714997 0.9262404 0
-0.01843703 0.1912069 -0.1087885 1

-0.464294 0.4481922 -0.7639076 0
0.7737692 -0.214404 -0.5960808 0
-0.4309434 -0.8678449 -0.247251 0
0.05793872 1.160221 0.1083001 1

-0.9997518 0.02193334 0.003901631 0
0.003501147 -0.01827136 0.999827 0
0.02200081 0.9995926 0.01819001 0
0.08191285 0.01268667 0.0966416 1

0.9970775 -0.0762521 -0.004714608 0
0.07603599 0.9844674 0.1582475 0
-0.007425427 -0.1581435 0.9873881 0
0.03238836 1.224392 0.1478945 1

0.9141399 -0.0580778 0.4012173 0
-0.3190775 -0.713575 0.6236988 0
0.2500755 -0.6981672 -0.6708388 0
-0.03356924 1.100929 0.1856576 1

-0.9295645 0.04897999 -0.3653916 0
0.3466043 -0.2215626 -0.9114691 0
-0.1256007 -0.9739153 0.1889799 0
0.1135703 1.144806 0.06544377 1

0.7344071 0.5940546 -0.3282458 0
0.6056567 -0.3553477 0.7119747 0
0.3063105 -0.7216836 -0.6207632 0
-0.1107974 0.9282186 0.336615 1

0.7305181 -0.1135552 -0.6733856 0
0.5447634 0.6915249 0.4743691 0
0.411796 -0.7133712 0.5670322 0
0.197458 1.091182 -0.1551566 1

0.7696847 0.5472534 -0.3287844 0
0.484568 -0.1654656 0.8589616 0
0.4156671 -0.8204479 -0.3925378 0
0.01999477 0.8514809 0.4903667 1

0.8410535 -0.2065968 -0.4999466 0
0.4050415 0.8531078 0.3288596 0
0.3585671 -0.4790877 0.8011894 0
0.3151033 1.240521 -0.05271351 1

0.7771639 0.5273406 -0.3434072 0
0.5658978 -0.3469315 0.7479292 0
0.2752746 -0.7755969 -0.5680435 0
0.03655871 0.8253927 0.5617021 1

0.71482 0.5597556 -0.4191735 0
0.5588914 -0.09700167 0.8235481 0
0.420325 -0.8229607 -0.3821812 0
0.06168289 0.8446388 0.5514799 1

0.7681313 0.5251907 -0.3662634 0
0.5857761 -0.3454344 0.7331722 0
0.2585352 -0.7777208 -0.5729834 0
0.05008686 0.8333601 0.5576519 1

0.3659987 0.6229019 -0.6914032 0
0.9113396 -0.08947396 0.4018143 0
0.1884282 -0.7771663 -0.6004224 0
0.05127413 0.8506693 0.4969923 1

0.6530479 0.5925777 -0.4715719 0
0.5140948 0.110353 0.850605 0
0.5560889 -0.7979184 -0.2325753 0
0.07431356 0.8533493 0.5427429 1

0.8976064 -0.08115816 -0.4332625 0
0.2343889 0.9203079 0.3132015 0
0.373316 -0.3826835 0.8450967 0
0.3370936 1.304736 -0.02553131 1

0.7944984 -0.227674 -0.5629714 0
0.4881231 0.7909311 0.3690037 0
0.3612592 -0.5679722 0.7395265 0
0.3536712 1.302497 -0.03315046 1

0.7220389 -0.2958813 -0.6253909 0
0.61384 0.6909631 0.3817984 0
0.3191553 -0.6595635 0.6805262 0
0.3659065 1.298577 -0.03959852 1

0.9542757 0.1064269 -0.2793408 0
-0.007118613 0.9423007 0.3346918 0
0.2988434 -0.3173998 0.8999721 0
0.3224331 1.306249 -0.01619843 1

0.9586682 0.2413549 -0.1506751 0
-0.0475769 0.6580887 0.7514356 0
0.2805204 -0.7132091 0.6423716 0
0.3097511 1.257584 -0.02545575 1

0.7728019 0.5318273 -0.3463188 0
0.5953659 -0.7965152 0.1053697 0
-0.2198097 -0.2876164 -0.9321808 0
0.05058999 0.8167853 0.580254 1

0.7622432 0.5299484 -0.3716721 0
0.6436656 -0.6812514 0.3486992 0
-0.06840947 -0.5050259 -0.8603888 0
0.06678658 0.8235542 0.5784967 1

0.7102812 0.5620173 -0.4238366 0
0.6983141 -0.4867574 0.5248094 0
0.08864626 -0.6687331 -0.7381992 0
0.08058464 0.8413712 0.5793045 1

0.650068 0.5930574 -0.4750732 0
0.7293254 -0.3114641 0.609159 0
0.2132979 -0.7424775 -0.6350046 0
0.08974051 0.8566633 0.5682591 1

0.4763643 0.6422837 -0.6004573 0
0.8504529 -0.163242 0.5000818 0
0.2231746 -0.7488816 -0.6239948 0
0.07585999 0.851169 0.5040612 1

0.7986127 -0.2228001 -0.5590867 0
0.5917859 0.4598361 0.6620728 0
0.1095784 -0.8595992 0.4990808 0
0.3674024 1.324769 -0.02275275 1

0.731291 -0.2906833 -0.6170226 0
0.672982 0.1603624 0.7220657 0
-0.1109451 -0.9432852 0.3128961 0
0.3809464 1.315499 -0.03025144 1

0.9002078 -0.07362892 -0.4291912 0
0.3704279 0.6476298 0.6658519 0
0.2289311 -0.7583892 0.6102754 0
0.3447711 1.335215 -0.01512069 1

0.9545853 0.1114018 -0.2763269 0
0.08080268 0.7959037 0.6000071 0
0.2867715 -0.5950857 0.7507561 0
0.3222328 1.334042 -0.006330058 1

0.9712889 0.1474733 -0.1866801 0
0.03545675 0.6861909 0.7265567 0
0.235246 -0.7123157 0.6612607 0
0.3043283 1.273446 -0.005476601 1

0.7705789 0.5357186 -0.3452733 0
0.2652281 -0.7621415 -0.590588 0
-0.5795361 0.3635185 -0.7293779 0
0.06219553 0.8012372 0.5823147 1

0.7556649 0.5394875 -0.3713813 0
0.4478955 -0.8393732 -0.3079651 0
-0.4778706 0.06637841 -0.8759186 0
0.08403762 0.8052859 0.5878481 1

0.7076035 0.5648682 -0.424525 0
0.5709492 -0.8110276 -0.1274789 0
-0.4163101 -0.1521776 -0.8963971 0
0.1028271 0.8258088 0.5960732 1

0.6469097 0.5951609 -0.4767514 0
0.7374849 -0.6473134 0.1926173 0
-0.1939691 -0.4762025 -0.8576752 0
0.1097835 0.8480998 0.5850046 1

0.3818625 0.6927031 -0.6118366 0
0.8871549 -0.08913264 0.4527824 0
0.2591091 -0.7156939 -0.6485711 0
0.1020326 0.8457777 0.5198923 1

0.7334541 -0.2907328 -0.6144259 0
0.4725675 -0.4316364 0.7683553 0
-0.4885948 -0.8539112 -0.1791947 0
0.3942244 1.318633 -0.01609473 1

0.8041158 -0.2211635 -0.551801 0
0.547388 -0.08658449 0.8323879 0
-0.2318713 -0.9713855 0.05143811 0
0.3835923 1.337348 -0.004640795 1

0.9054003 -0.07023975 -0.4187082 0
0.4212105 0.02498699 0.9066188 0
-0.05321824 -0.997217 0.05220909 0
0.3565849 1.355869 0.006113872 1

0.9546403 0.1120881 -0.2758586 0
0.1871201 0.4948221 0.848609 0
0.2316199 -0.8617352 0.4514032 0
0.3245493 1.356346 0.01046432 1

0.9681505 0.01418906 -0.2499662 0
0.1655097 0.7128529 0.6815037 0
0.1878593 -0.70117 0.6878004 0
0.3059188 1.294515 0.01665388 1

0.9076331 0.08125541 -0.4118249 0
0.026584 0.9679894 0.2495791 0
0.4189219 -0.2374742 0.8764192 0
0.002596091 0.9091626 0.01750548 1

0.8835083 0.1536523 -0.4424975 0
0.1214135 0.8372635 0.5331497 0
0.4524067 -0.5247674 0.7210739 0
0.003963193 0.9638883 0.03131618 1

-0.985594 0.1004122 0.1360947 0
0.079267 -0.436583 0.8961653 0
0.1494026 0.8940429 0.4223342 0
-0.06170804 0.8194991 0.01884482 1

-0.9761298 0.03107252 0.2149544 0
0.06776612 -0.8967304 0.4373587 0
0.2063459 0.4414854 0.8732194 0
0.0584658 0.8302577 -0.03568227 1

0.8449212 0.1684694 -0.5076674 0
0.1447274 0.8416982 0.5201904 0
0.514939 -0.5129934 0.6867867 0
0.01196044 1.019037 0.06643362 1

-0.997086 -0.0347206 0.06792593 0
-0.01034597 -0.8206455 -0.5713441 0
0.07558063 -0.5703818 0.8178949 0
-0.03656211 0.6626843 0.3440036 1

-0.9934224 -0.02319866 0.1121336 0
-0.04881589 -0.8000194 -0.597985 0
0.1035815 -0.5995256 0.7936246 0
0.08764234 0.5078605 0.1261038 1

0.8017045 0.1771205 -0.5708749 0
0.1722639 0.8460952 0.5044286 0
0.5723591 -0.5027438 0.6478069 0
0.02285518 1.082398 0.1055923 1

-0.9949627 -0.06565998 0.07574895 0
0.08678565 -0.9423929 0.3230539 0
0.05017355 0.3280007 0.9433441 0
-0.04134845 0.2830285 0.07968238 1

-0.9938698 -0.08944658 0.06497979 0
0.1097334 -0.7264426 0.6784098 0
-0.01347744 0.6813814 0.7318044 0
0.06506336 0.1378247 -0.1504843 1

0.9480149 0.08928575 -0.3054438 0
0.03963456 0.9192305 0.3917196 0
0.3157483 -0.3834622 0.8679055 0
0.0374437 1.154052 0.1483109 1

0.8012286 -0.3200118 0.5055939 0
-0.5699543 -0.6654146 0.4820536 0
0.1821666 -0.6744004 -0.7155412 0
0.008030027 1.138569 0.1620151 1

-0.996208 -0.08396652 0.02278265 0
0.06422508 -0.5330894 0.8436176 0
-0.05869046 0.841882 0.5364608 0
-0.02714286 0.128772 0.1325617 1

-0.4342971 0.4707414 -0.7679772 0
0.7676575 -0.2526269 -0.588967 0
-0.4712627 -0.8453298 -0.2516533 0
0.06290719 1.150554 0.1231705 1

-0.9933258 -0.05440437 0.1017081 0
0.104978 -0.0610633 0.9925981 0
-0.04779107 0.9966502 0.06636693 0
0.08356816 0.01532179 -0.03608123 1

0.997815 -0.06529811 0.01006761 0
0.06255445 0.9827358 0.1741193 0
-0.02126339 -0.1731091 0.9846733 0
0.03616196 1.213639 0.1617511 1

0.8987004 -0.09356841 0.4284655 0
-0.3667359 -0.6961024 0.6172087 0
0.2405045 -0.7118192 -0.6599023 0
-0.03294786 1.090728 0.1966732 1

-0.9002907 0.0375355 -0.4336683 0
0.4233314 -0.1564189 -0.8923699 0
-0.1013292 -0.9869775 0.1249324 0
0.1180993 1.132391 0.08082569 1

0.7630415 0.5716016 -0.3017272 0
0.5693626 -0.3734681 0.7323577 0
0.3059312 -0.7306114 -0.6104202 0
-0.1217111 0.9222465 0.3460597 1

0.7891546 -0.05779561 -0.6114697 0
0.4834446 0.672515 0.5603616 0
0.3788363 -0.7378234 0.5586593 0
0.2205571 1.094533 -0.1351522 1

0.7602205 0.5493163 -0.346867 0
0.5073609 -0.1685195 0.8450953 0
0.4057707 -0.8184453 -0.4068135 0
0.001243409 0.8415956 0.5042132 1

0.8820401 -0.1779532 -0.4362776 0
0.3522393 0.8640232 0.3597104 0
0.3129425 -0.470953 0.8247853 0
0.3249601 1.239767 -0.01413835 1

0.7676202 0.5297769 -0.3606877 0
0.5966585 -0.385236 0.703983 0
0.2340039 -0.7555988 -0.6118108 0
0.01971884 0.8152317 0.5749755 1

0.7084172 0.5581791 -0.4319509 0
0.5922281 -0.1371827 0.794007 0
0.3839417 -0.8183015 -0.4277517 0
0.04454659 0.834543 0.5641685 1

0.7608531 0.524774 -0.3817264 0
0.6109015 -0.3808371 0.6940913 0
0.2188653 -0.7612985 -0.6103461 0
0.03312793 0.8232282 0.5705999 1

0.3469777 0.6260667 -0.6983173 0
0.9217699 -0.09025875 0.377086 0
0.1730517 -0.7745281 -0.6084071 0
0.03268833 0.8407864 0.5100019 1

0.6489986 0.5909195 -0.4791816 0
0.5555374 0.06223348 0.8291593 0
0.5197874 -0.8043264 -0.2878883 0
0.05693315 0.843301 0.5551347 1

0.9289886 -0.05212291 -0.3664201 0
0.1852365 0.9225926 0.3383942 0
0.3204185 -0.3822385 0.866733 0
0.3428232 1.304525 0.01472609 1

0.8400738 -0.2007068 -0.503977 0
0.439094 0.797128 0.4144682 0
0.3185478 -0.569477 0.7577755 0
0.3599842 1.302841 0.00835906 1

0.7755406 -0.2703462 -0.5704822 0
0.5619211 0.7074699 0.4286389 0
0.2877183 -0.6529927 0.7005849 0
0.3727834 1.299335 0.002833217 1

0.9685754 0.1373022 -0.207388 0
-0.06132942 0.9399179 0.335847 0
0.2410403 -0.3125742 0.9188021 0
0.3274683 1.305538 0.02294354 1

0.9595452 0.2692664 -0.08227348 0
-0.1193805 0.6537375 0.7472457 0
0.2549936 -0.7071939 0.6594359 0
0.3170572 1.256538 0.01267654 1

0.7629477 0.5348095 -0.3631663 0
0.5716747 -0.8204485 -0.007230282 0
-0.3018263 -0.2020966 -0.9316965 0
0.03451308 0.8056743 0.5924374 1

0.75443 0.5302587 -0.3868607 0
0.6408454 -0.7225133 0.2594065 0
-0.1419594 -0.4436221 -0.8848996 0
0.0505422 0.8124151 0.5903322 1

0.7034718 0.5609324 -0.4364428 0
0.7106113 -0.544227 0.4459244 0
0.01260933 -0.6238362 -0.7814533 0
0.06457476 0.8299174 0.5909943 1

0.6456442 0.5917414 -0.4826859 0
0.7521855 -0.3837424 0.5356855 0
0.1317603 -0.7089314 -0.6928603 0
0.07360353 0.8451715 0.5800076 1

0.4721796 0.6427223 -0.6032865 0
0.8566571 -0.1732318 0.4859315 0
0.2078105 -0.7462565 -0.6323892 0
0.05745308 0.8412803 0.5164171 1

0.8437313 -0.1958172 -0.4997732 0
0.5282927 0.467727 0.7086174 0
0.09499824 -0.8619091 0.4980848 0
0.3723345 1.325287 0.02003593 1

0.784075 -0.2649121 -0.5612916 0
0.6106964 0.1678431 0.7738727 0
-0.1107993 -0.949553 0.2933822 0
0.3865521 1.316661 0.013328 1

0.9310674 -0.04458932 -0.3621126 0
0.3020329 0.6509677 0.6964321 0
0.2046704 -0.757795 0.6195623 0
0.3488703 1.335078 0.02596467 1

0.9685077 0.1423038 -0.20431 0
0.01206985 0.7927771 0.6093927 0
0.2486914 -0.5926673 0.7660931 0
0.3256693 1.333261 0.0328467 1

0.9773377 0.1766084 -0.1167078 0
-0.03662416 0.6840803 0.7284871 0
0.2084944 -0.7077032 0.6750454 0
0.3097845 1.272166 0.03224826 1

0.76083 0.5390474 -0.3613387 0
0.1528235 -0.6899713 -0.7075202 0
-0.6307002 0.4830815 -0.6073299 0
0.04565648 0.7896591 0.5923014 1

0.747906 0.5407419 -0.3850124 0
0.3620433 -0.8184369 -0.4461902 0
-0.5563821 0.1943171 -0.8078859 0
0.06771779 0.7930405 0.5972897 1

0.7005415 0.5643833 -0.4367072 0
0.4971193 -0.8250096 -0.268759 0
-0.5119708 -0.02881886 -0.8585196 0
0.08720998 0.8125213 0.6052468 1

0.6419992 0.5945909 -0.4840443 0
0.6886437 -0.7247312 0.02311805 0
-0.3370562 -0.3481758 -0.8747382 0
0.09427488 0.8346212 0.5947338 1

0.3964097 0.691624 -0.6037512 0
0.8848863 -0.1126172 0.4519888 0
0.2446134 -0.713424 -0.6566511 0
0.08382042 0.8355786 0.5318102 1

0.7861105 -0.2649719 -0.5584089 0
0.4183909 -0.4368725 0.7962988 0
-0.4549502 -0.859612 -0.2325683 0
0.3986089 1.319944 0.02850678 1

0.8486416 -0.1941214 -0.4920615 0
0.4855953 -0.08300286 0.8702347 0
-0.2097734 -0.9774598 0.02382483 0
0.3867873 1.338083 0.03942121 1

0.9353788 -0.04116349 -0.3512438 0
0.3524615 0.02722254 0.9354308 0
-0.02894376 -0.9987816 0.03997182 0
0.358503 1.355838 0.04817448 1

0.9685087 0.1430031 -0.2038161 0
0.109286 0.4913669 0.8640694 0
0.2237132 -0.8591328 0.4602648 0
0.326061 1.355479 0.04990801 1

0.9845545 0.05925684 -0.164746 0
0.07382178 0.7127385 0.6975348 0
0.1587546 -0.6989226 0.6973553 0
0.309173 1.293186 0.05447428 1

0.9080154 0.05326283 -0.4155371 0
0.0718819 0.9573673 0.2797872 0
0.4127239 -0.2839207 0.8654756 0
0.004265148 0.9185278 0.02424406 1

0.887615 0.1676683 -0.4289836 0
0.1030826 0.8354434 0.5398225 0
0.4489026 -0.5233754 0.7242683 0
0.008191618 0.9726687 0.0397637 1

-0.9810161 0.1322626 0.1418238 0
0.05807999 -0.497373 0.8655903 0
0.1850246 0.8573954 0.4802491 0
-0.06403044 0.8318617 0.02321468 1

-0.9705168 -0.01993543 0.2402078 0
0.06928752 -0.9775853 0.1988117 0
0.2308602 0.2095935 0.9501442 0
0.05619404 0.8389139 -0.03180391 1

0.8545892 0.177948 -0.4878646 0
0.1215394 0.8448284 0.5210498 0
0.5048816 -0.5045784 0.7003536 0
0.01498145 1.027697 0.07532067 1

-0.9981943 -0.0200437 0.05662423 0
0.005022615 -0.9672336 -0.2538384 0
0.05985671 -0.2530958 0.9655877 0
-0.0465025 0.6531361 0.3373824 1

-0.9940582 -0.04175401 0.1005224 0
-0.03869596 -0.727617 -0.6848913 0
0.1017388 -0.6847116 0.721678 0
0.08602183 0.4862995 0.04395428 1

0.8171211 0.1824047 -0.5468471 0
0.1444335 0.8535819 0.5005367 0
0.5580789 -0.487982 0.6711342 0
0.02413065 1.091294 0.114544 1

-0.9944244 0.05437158 0.09035319 0
0.03637698 -0.6273537 0.7778843 0
0.09897818 0.7768342 0.6218778 0
-0.0441789 0.2056641 0.219949 1

-0.9960159 -0.07504043 0.04817787 0
0.08907659 -0.8118544 0.5770247 0
-0.004186749 0.5790174 0.8153043 0
0.06812367 0.1497523 -0.2728309 1

0.9480045 0.07412475 -0.3095046 0
0.03898405 0.9381293 0.3440841 0
0.3158605 -0.338259 0.8864608 0
0.03636231 1.163582 0.1569331 1

0.787165 -0.3101652 0.5330747 0
-0.5862871 -0.6445801 0.4906973 0
0.1914122 -0.6987945 -0.6892367 0
0.006737884 1.147832 0.1698565 1

-0.9984069 0.01073759 0.05539146 0
0.05536398 -0.002846427 0.9984621 0
0.01087875 0.9999384 0.002247416 0
-0.03822448 0.1029752 0.3472778 1

-0.4143183 0.4525873 -0.7896234 0
0.772566 -0.2837484 -0.5680039 0
-0.4811258 -0.8453707 -0.2320913 0
0.06266476 1.160181 0.132658 1

-0.995156 -0.04690667 0.08639446 0
0.08868921 -0.04926495 0.9948403 0
-0.04240841 0.9976835 0.05318653 0
0.08314501 0.01284599 -0.1755248 1

0.9979018 -0.05650588 0.0316087 0
0.04934179 0.979798 0.1938083 0
-0.04192153 -0.191842 0.9805301 0
0.03504023 1.223779 0.1673006 1

0.8816328 -0.1294213 0.4538435 0
-0.4126437 -0.678066 0.6082366 0
0.2290171 -0.7235169 -0.65121 0
-0.03541428 1.101489 0.2051361 1

-0.8869194 -0.003081288 -0.4619137 0
0.4598719 -0.1000428 -0.8823317 0
-0.04349265 -0.9949784 0.09014698 0
0.1182098 1.13978 0.09182039 1

0.7918646 0.5445703 -0.2763938 0
0.5372627 -0.4060395 0.7392434 0
0.2903432 -0.7338768 -0.6141056 0
-0.1352888 0.9373727 0.3523511 1

0.820484 -0.005742379 -0.5716402 0
0.4211566 0.6822422 0.5976388 0
0.3865651 -0.7311037 0.5621876 0
0.2295114 1.115567 -0.1217279 1

0.744557 0.556328 -0.3689632 0
0.5392986 -0.1755334 0.8236171 0
0.393436 -0.8122113 -0.4307216 0
-0.01926639 0.8496881 0.5119914 1

0.9116715 -0.1509613 -0.3821853 0
0.3070219 0.8684113 0.3893568 0
0.2731162 -0.4723052 0.8380545 0
0.3204629 1.262902 0.007336125 1

0.7465751 0.5416251 -0.3863522 0
0.6421622 -0.4348301 0.6313085 0
0.1739351 -0.71942 -0.6724445 0
0.001947943 0.8226343 0.5817178 1

0.6955441 0.5612549 -0.4485659 0
0.6339884 -0.1856918 0.7507178 0
0.338049 -0.8065431 -0.4849861 0
0.02627831 0.842169 0.5702038 1

0.7471343 0.5293268 -0.4019997 0
0.644605 -0.4295358 0.6324423 0
0.1620954 -0.7316502 -0.6621276 0
0.01515261 0.8307357 0.5769324 1

0.3181497 0.6351249 -0.7038444 0
0.9355865 -0.09039609 0.3413309 0
0.153163 -0.7671016 -0.6229737 0
0.01237622 0.848951 0.516591 1

0.638162 0.5939999 -0.4898096 0
0.602901 0.01009816 0.7977521 0
0.4788111 -0.8044018 -0.3516787 0
0.03828386 0.8510781 0.5608104 1

0.949803 -0.02773418 -0.3116158 0
0.1509842 0.913022 0.3789384 0
0.2740026 -0.4069664 0.8713787 0
0.334838 1.327755 0.0378869 1

0.8721547 -0.1753619 -0.4567207 0
0.4053741 0.78168 0.47397 0
0.2738931 -0.5985186 0.7528332 0
0.3523985 1.326571 0.0325853 1

0.816177 -0.2443219 -0.5236043 0
0.5160248 0.7159116 0.4703067 0
0.2599481 -0.654047 0.7103871 0
0.3656013 1.323447 0.0278339 1

0.9757875 0.1632739 -0.1455331 0
-0.1051883 0.9337042 0.3422447 0
0.1917645 -0.3186502 0.9282716 0
0.318982 1.328291 0.04514108 1

0.9566516 0.2900264 -0.02649331 0
-0.173975 0.6420621 0.7466514 0
0.2335589 -0.7096768 0.6646872 0
0.310485 1.279166 0.03376857 1

0.7415631 0.5472643 -0.388054 0
0.5327299 -0.8319294 -0.1552168 0
-0.4077781 -0.0916251 -0.9084722 0
0.01787094 0.8118469 0.5973774 1

0.7400581 0.5357755 -0.40652 0
0.6282649 -0.7664424 0.133601 0
-0.239994 -0.3542747 -0.9038208 0
0.03352522 0.8185372 0.5949095 1

0.6901149 0.5646119 -0.4527196 0
0.7190943 -0.6054464 0.3410836 0
-0.08151749 -0.560935 -0.8238365 0
0.04771752 0.835904 0.5955663 1

0.6343727 0.5952269 -0.4932306 0
0.7720896 -0.4564515 0.4421873 0
0.03806603 -0.6613297 -0.7491288 0
0.05637503 0.8513844 0.5847411 1

0.462036 0.6481104 -0.6053724 0
0.8667672 -0.1855198 0.4629222 0
0.1877162 -0.7386035 -0.6474776 0
0.03736154 0.8494816 0.5220806 1

0.8754911 -0.170636 -0.4521044 0
0.4781189 0.4416398 0.7591811 0
0.07012345 -0.8808164 0.4682361 0
0.3637988 1.348581 0.04593685 1

0.8243034 -0.2388067 -0.5133173 0
0.5522437 0.1394516 0.8219366 0
-0.1247011 -0.9610018 0.2468302 0
0.3782462 1.340981 0.03934949 1

0.9515116 -0.02031748 -0.3069404 0
0.2504508 0.6305158 0.7346588 0
0.1786043 -0.7759106 0.605032 0
0.3397491 1.357988 0.0504628 1

0.9754037 0.1684013 -0.1422262 0
-0.04139 0.7736861 0.6322154 0
0.2165043 -0.6107789 0.7616264 0
0.3158895 1.355831 0.05523364 1

0.9783219 0.1978032 -0.06131598 0
-0.09044278 0.6744652 0.7327458 0
0.186295 -0.7113161 0.6777341 0
0.3018215 1.294403 0.05308071 1

0.7397759 0.5516547 -0.3852386 0
0.01021793 -0.5816892 -0.813347 0
-0.6727761 0.5977584 -0.4359564 0
0.02825474 0.7956076 0.5943543 1

0.7340381 0.5468839 -0.4026238 0
0.2498155 -0.7687482 -0.5887431 0
-0.6314905 0.3315782 -0.7009105 0
0.05036357 0.7979849 0.5984945 1

0.6870996 0.5685785 -0.4523413 0
0.4038638 -0.8164158 -0.4127457 0
-0.6039771 0.1009132 -0.7905874 0
0.07062428 0.8165544 0.6064745 1

0.6304655 0.5987163 -0.4940162 0
0.6220474 -0.7703958 -0.1398117 0
-0.4642956 -0.2191551 -0.8581377 0
0.07759358 0.8388357 0.5968974 1

0.4452185 0.6873863 -0.5738298 0
0.866101 -0.1679353 0.4708152 0
0.2272658 -0.7066101 -0.6701138 0
0.06404792 0.8433956 0.5367601 1

0.8263763 -0.2391116 -0.5098305 0
0.349131 -0.4928036 0.7970269 0
-0.4418249 -0.8366422 -0.3237597 0
0.3891563 1.343707 0.05547637 1

0.8799596 -0.169254 -0.4438733 0
0.4271911 -0.1267759 0.8952289 0
-0.2077936 -0.9773848 -0.03925355 0
0.3768791 1.360663 0.06670538 1

0.9551411 -0.01723203 -0.2956488 0
0.2955838 -0.006263093 0.955296 0
-0.01831335 -0.9998318 -0.0008881986 0
0.3477367 1.378096 0.07389172 1

0.9753608 0.169178 -0.1415969 0
0.0496197 0.457158 0.888 0
0.2149622 -0.8731468 0.4374995 0
0.3147839 1.377516 0.07293767 1

0.9901921 0.1219777 -0.06812423 0
-0.03669396 0.6975397 0.7156055 0
0.1348071 -0.7060875 0.6951744 0
0.2995639 1.31514 0.07546584 1

0.9269423 0.02168891 -0.3745766 0
0.1016747 0.9464539 0.3064103 0
0.3611653 -0.3221096 0.8751029 0
0.004311727 0.9341943 0.03156046 1

0.9080827 0.1727982 -0.3814794 0
0.06233346 0.8449914 0.5311347 0
0.4141259 -0.5060931 0.756551 0
0.009936674 0.9877312 0.0485801 1

-0.9758664 0.1518822 0.1568959 0
0.04660761 -0.5570682 0.8291578 0
0.2133361 0.8164597 0.5365454 0
-0.06763308 0.8507515 0.02542907 1

-0.9740367 -0.07443806 0.2138025 0
0.0614913 -0.9958839 -0.06658895 0
0.2178792 -0.0517131 0.9746048 0
0.05509739 0.8536232 -0.02416623 1

0.8767718 0.1697381 -0.4499556 0
0.09069972 0.8604845 0.5013382 0
0.4722761 -0.4803701 0.7390534 0
0.01404245 1.043389 0.08356482 1

-0.9935478 0.02618839 0.1103485 0
-0.01930692 -0.9978282 0.06297495 0
0.1117581 0.06043814 0.9918958 0
-0.05421232 0.6504619 0.3265194 1

-0.9961029 -0.05277702 0.07066652 0
-0.0143407 -0.6936356 -0.7201833 0
0.08702601 -0.7183901 0.6901756 0
0.08205289 0.493294 -0.0442207 1

0.8395893 0.1626291 -0.5183063 0
0.1212047 0.873998 0.4705707 0
0.5295272 -0.4579073 0.7140881 0
0.02087011 1.108164 0.1213043 1

-0.9848682 0.06325053 0.1613506 0
0.1291338 -0.3530912 0.9266343 0
0.1155816 0.9334483 0.3395804 0
-0.06314425 0.188836 0.3556536 1

-0.9985471 -0.0390835 0.03709561 0
0.04986218 -0.931189 0.3611107 0
0.02042949 0.3624357 0.9317847 0
0.07541979 0.1724643 -0.3773296 1

0.9535229 0.02760055 -0.3000537 0
0.06265266 0.9558715 0.2870265 0
0.2947348 -0.2924855 0.9097161 0
0.03113459 1.182181 0.1611556 1

0.7838197 -0.2609645 0.5634929 0
-0.5725532 -0.655036 0.4930629 0
0.2404361 -0.709102 -0.6628461 0
0.00100931 1.166871 0.1734342 1

-0.9897929 0.01083615 0.1421 0
0.1384577 0.30928 0.9408377 0
-0.03375366 0.9509093 -0.3076236 0
-0.04200686 0.1310398 0.5073307 1

-0.397764 0.4272036 -0.8119614 0
0.8089283 -0.2542879 -0.5300687 0
-0.4329191 -0.8676605 -0.2444304 0
0.05846436 1.177876 0.1381944 1

-0.996729 -0.02293185 0.07749459 0
0.07976857 -0.1252528 0.9889129 0
-0.01297118 0.9918597 0.1266724 0
0.08382828 0.01543397 -0.316434 1

0.9976817 -0.05147818 0.04451185 0
0.04108548 0.9770383 0.2090646 0
-0.05425206 -0.2067511 0.9768883 0
0.03147721 1.242912 0.1678308 1

0.8666716 -0.1387387 0.4791992 0
-0.4410237 -0.662063 0.6059462 0
0.2331918 -0.7364947 -0.6349783 0
-0.04015543 1.119776 0.2088839 1

-0.8868033 -0.05652188 -0.4586778 0
0.4613352 -0.04945816 -0.8858464 0
0.02738437 -0.9971756 0.06993522 0
0.1166237 1.159593 0.1000842 1

0.8126294 0.522031 -0.2590702 0
0.5138983 -0.4322289 0.741004 0
0.2748493 -0.7352972 -0.6195127 0
-0.1468989 0.9595335 0.3555446 1

0.8260665 0.04587555 -0.5617027 0
0.3661052 0.7140588 0.5967307 0
0.428464 -0.6985813 0.5730647 0
0.2282795 1.147623 -0.1143147 1

0.717979 0.5695834 -0.4001018 0
0.5842453 -0.1806785 0.7912099 0
0.3783699 -0.8018296 -0.4624997 0
-0.03592207 0.8661932 0.5155651 1

0.9314044 -0.1117355 -0.3464123 0
0.2597179 0.8708042 0.4174293 0
0.2550155 -0.4787647 0.8400904 0
0.3073423 1.301829 0.01455317 1

0.7112567 0.5621804 -0.4219802 0
0.6956727 -0.4769082 0.5372136 0
0.1007649 -0.6756568 -0.7302977 0
-0.01073921 0.8384326 0.5836745 1

0.6709129 0.5699546 -0.4743708 0
0.6860403 -0.2342608 0.6888184 0
0.2814686 -0.7875748 -0.5481805 0
0.01273745 0.8583927 0.5711614 1

0.7221077 0.5401768 -0.4321687 0
0.6857621 -0.4767243 0.5499678 0
0.09105435 -0.6935009 -0.714679 0
0.002106199 0.8467454 0.5783092 1

0.2735249 0.6481555 -0.7106891 0
0.9533462 -0.08456503 0.2897926 0
0.1277311 -0.7567982 -0.6410474 0
-0.004073342 0.8657475 0.518465 1

0.6151249 0.6023973 -0.5086638 0
0.6582218 -0.03722214 0.7519035 0
0.434011 -0.7973282 -0.4194073 0
0.02413152 0.8675624 0.5612705 1

0.9612396 0.008508034 -0.2755844 0
0.1130599 0.8994612 0.4221225 0
0.2514687 -0.4369181 0.8636354 0
0.3181367 1.366535 0.0468414 1

0.8937444 -0.1372198 -0.4270737 0
0.3696496 0.7646531 0.5278873 0
0.2541264 -0.6296637 0.7341276 0
0.3359313 1.366065 0.04225785 1

0.8453937 -0.205462 -0.4930468 0
0.4697835 0.7252744 0.5032701 0
0.2541913 -0.6570863 0.7096651 0
0.3494211 1.363495 0.03800673 1

0.9746293 0.199224 -0.1020183 0
-0.1511066 0.9219064 0.356729 0
0.1651202 -0.3322627 0.9286211 0
0.3019868 1.366379 0.05343518 1

0.9477082 0.3189772 0.01014146 0
-0.216997 0.6207644 0.7533689 0
0.2340119 -0.7161742 0.6575204 0
0.2957144 1.317219 0.04083434 1

0.7059489 0.5683281 -0.4226575 0
0.4775037 -0.8226458 -0.308617 0
-0.523093 0.01604733 -0.8521248 0
0.006511042 0.8266014 0.5970005 1

0.7143392 0.5476245 -0.4356916 0
0.6033683 -0.7973574 -0.01295096 0
-0.3544942 -0.2536312 -0.9000031 0
0.02164882 0.8332047 0.5939386 1

0.664947 0.5739402 -0.4779524 0
0.7216678 -0.6586131 0.2131308 0
-0.1924614 -0.4866433 -0.8521367 0
0.03593533 0.8504865 0.5944315 1

0.6108528 0.6040319 -0.5118637 0
0.7890486 -0.5177435 0.3306723 0
-0.06527749 -0.6058776 -0.7928756 0
0.04388224 0.8664491 0.5838254 1

0.4370998 0.6582816 -0.6128699 0
0.8848074 -0.1924166 0.4243724 0
0.16143 -0.7277648 -0.6665576 0
0.02116234 0.8664826 0.5226254 1

0.8968414 -0.1326197 -0.4220047 0
0.4375912 0.4055807 0.8025076 0
0.06472872 -0.9043873 0.4217747 0
0.3463255 1.387596 0.05712696 1

0.853389 -0.1999229 -0.4814126 0
0.5045287 0.08457814 0.8592427 0
-0.1310653 -0.9761546 0.1730448 0
0.3609335 1.381258 0.05033 1

0.9625982 0.01581291 -0.270472 0
0.2074505 0.5990992 0.7733337 0
0.174268 -0.8005187 0.5734112 0
0.321791 1.396316 0.0608439 1

0.9739081 0.2045642 -0.0982697 0
-0.0867928 0.7358293 0.6715822 0
0.2096913 -0.6455299 0.7343848 0
0.2975399 1.393571 0.06395532 1

0.9739787 0.2246741 -0.02979353 0
-0.1289245 0.6573544 0.7424717 0
0.1863988 -0.71931 0.6692148 0
0.285984 1.331781 0.06015866 1

0.7047124 0.5726706 -0.418842 0
-0.150364 -0.4563813 -0.8769877 0
-0.6933765 0.6810029 -0.2355086 0
0.01581796 0.8105429 0.590985 1

0.7092618 0.5589492 -0.4295621 0
0.1155292 -0.6932805 -0.7113478 0
-0.6954141 0.4549047 -0.5562923 0
0.03781993 0.8118234 0.5935946 1

0.662012 0.5783031 -0.4767659 0
0.2906445 -0.7844241 -0.5479097 0
-0.6908445 0.2241535 -0.6873789 0
0.05892561 0.8294399 0.6012583 1

0.606849 0.6080137 -0.5119118 0
0.5428965 -0.7874931 -0.2917499 0
-0.580515 -0.1008668 -0.8079782 0
0.06556701 0.8522156 0.5929167 1

0.5016868 0.6774803 -0.5378951 0
0.8405923 -0.2349853 0.4880437 0
0.2042424 -0.6969956 -0.6873739 0
0.04842149 0.8601773 0.5361116 1

0.8556247 -0.2007754 -0.4770704 0
0.2851244 -0.5864208 0.7581657 0
-0.4319849 -0.7847295 -0.4445101 0
0.3709074 1.382908 0.06719235 1

0.9010649 -0.1317116 -0.4132003 0
0.3855293 -0.193077 0.9022685 0
-0.1986189 -0.972303 -0.1231966 0
0.3582971 1.398691 0.07908081 1

0.9657717 0.01836508 -0.2587433 0
0.2593848 -0.05988108 0.9639162 0
0.002208466 -0.9980367 -0.06259523 0
0.3284074 1.415422 0.08550617 1

0.9738091 0.2054672 -0.09736425 0
0.009894192 0.3895213 0.9209645 0
0.2271533 -0.8978064 0.377286 0
0.2951623 1.414197 0.08276475 1

0.9802195 0.1973429 0.01502848 0
-0.1454758 0.6669392 0.7307732 0
0.1341897 -0.7185041 0.6824551 0
0.282547 1.352009 0.08285777 1

0.9392589 0.02840428 -0.3420322 0
0.08779591 0.9435261 0.3194532 0
0.3317901 -0.3300783 0.8837215 0
0.001249015 0.9501561 0.04217816 1

0.921179 0.1666901 -0.3516301 0
0.03522404 0.8641829 0.5019433 0
0.3875417 -0.4747654 0.7901957 0
0.006099786 1.00353 0.05993142 1

-0.9653746 0.1642333 0.2026805 0
0.04307073 -0.6659389 0.7447619 0
0.2572876 0.7277038 0.6358069 0
-0.07015613 0.8665625 0.03270376 1

-0.9840251 -0.08187158 0.1580882 0
0.04418621 -0.9725143 -0.2286126 0
0.1724599 -0.2179751 0.9605958 0
0.05420509 0.8703233 -0.01258253 1

0.894213 0.161323 -0.417562 0
0.06235285 0.8788221 0.4730578 0
0.4432779 -0.4490506 0.7757953 0
0.008419917 1.060452 0.09299336 1

-0.9855667 0.09025996 0.1432191 0
-0.04575174 -0.9565396 0.2879911 0
0.1629887 0.2772818 0.946863 0
-0.05793731 0.6268455 0.3035135 1

-0.9987119 -0.04839064 0.01527113 0
0.02171028 -0.679499 -0.733355 0
0.04586419 -0.7320788 0.6796742 0
0.07471074 0.517653 -0.09112564 1

0.8626355 0.1529208 -0.4821567 0
0.09041306 0.8912413 0.4444259 0
0.49768 -0.4269709 0.7549905 0
0.01311369 1.126608 0.128604 1

-0.9832921 0.08382649 0.1615861 0
0.1433734 -0.1903199 0.9711965 0
0.112165 0.9781368 0.1751215 0
-0.07910342 0.1843208 0.4367471 1

-0.9992423 -0.02022314 0.03325918 0
0.01709765 -0.9956388 -0.09171209 0
0.03496873 -0.09107387 0.99523 0
0.08475248 0.2033618 -0.430327 1

0.9615999 -0.009756261 -0.2742819 0
0.08448049 0.9613679 0.2619827 0
0.2611298 -0.2750941 0.9252754 0
0.02077051 1.202085 0.1662412 1

0.7794315 -0.2056011 0.5917897 0
-0.5531428 -0.669354 0.4959822 0
0.2941423 -0.7139282 -0.6354424 0
-0.009789653 1.186908 0.1775725 1

-0.9880275 0.02888118 0.1515517 0
0.1474941 0.4649361 0.872972 0
-0.04524937 0.8848732 -0.4636293 0
-0.05563524 0.1531681 0.5957183 1

-0.3782571 0.4017538 -0.8339756 0
0.8441839 -0.2199574 -0.4888479 0
-0.3798356 -0.888939 -0.2559536 0
0.0492323 1.197256 0.1448105 1

-0.997116 -0.02476842 0.07173905 0
0.07583827 -0.3615035 0.9292813 0
0.002917066 0.9320418 0.3623394 0
0.08763572 0.0354633 -0.4457927 1

0.9972243 -0.0626969 0.04015815 0
0.05247581 0.9744719 0.2182913 0
-0.05281919 -0.215578 0.975057 0
0.02281203 1.262944 0.1712337 1

0.8627253 -0.113653 0.4927355 0
-0.4369141 -0.6581054 0.6131912 0
0.2545808 -0.7442986 -0.6174207 0
-0.04955886 1.138783 0.213232 1

-0.8797138 -0.1085105 -0.4629572 0
0.4666776 -0.0103068 -0.8843675 0
0.0911917 -0.9940419 0.05970648 0
0.1099264 1.181442 0.1096639 1

0.8175564 0.51744 -0.2527009 0
0.5064765 -0.437315 0.7431269 0
0.2740136 -0.7355349 -0.6196008 0
-0.1553077 0.979498 0.3616463 1

0.8297008 0.07951963 -0.5525159 0
0.3180652 0.7460579 0.5850062 0
0.4587283 -0.6611159 0.5937122 0
0.2228752 1.178947 -0.1043771 1

0.6853083 0.5869127 -0.4311453 0
0.6316617 -0.184413 0.7529913 0
0.3624312 -0.7883689 -0.4971098 0
-0.04593351 0.8850594 0.5221252 1

0.946148 -0.08639641 -0.3119939 0
0.2244287 0.8696073 0.4397898 0
0.2333157 -0.4861263 0.8421667 0
0.2915634 1.340063 0.02195885 1

0.6704096 0.5858164 -0.4553792 0
0.7413267 -0.5028569 0.4444886 0
0.03139797 -0.635574 -0.7714013 0
-0.0164484 0.8565947 0.5881866 1

0.6398012 0.5828415 -0.5009496 0
0.7357841 -0.2762593 0.6183062 0
0.2219825 -0.7641838 -0.6055967 0
0.005973691 0.877112 0.5746801 1

0.6905461 0.5556003 -0.4630925 0
0.7230021 -0.5122187 0.4635736 0
0.02035695 -0.6549355 -0.7554106 0
-0.004056474 0.8651892 0.5822309 1

0.222515 0.6636463 -0.7141856 0
0.9696583 -0.07457684 0.2328118 0
0.1012429 -0.7443198 -0.6601046 0
-0.01396709 0.8850559 0.5231742 1

0.5858979 0.6145715 -0.5282291 0
0.7112526 -0.07757954 0.6986426 0
0.3883859 -0.7850372 -0.4825692 0
0.0166421 0.8866137 0.5643051 1

0.9703951 0.03269834 -0.2393 0
0.08019774 0.8909545 0.4469547 0
0.22782 -0.4529137 0.8619553 0
0.2996956 1.404479 0.05558104 1

0.9119865 -0.1115261 -0.3947698 0
0.3333714 0.7622769 0.5547955 0
0.2390495 -0.6375706 0.7323654 0
0.3176578 1.404461 0.0516777 1

0.8682353 -0.1796452 -0.4624885 0
0.4323022 0.7313504 0.5274863 0
0.2434807 -0.6579165 0.7126451 0
0.3313528 1.402246 0.04791053 1

0.9733374 0.2208302 -0.06203982 0
-0.1835054 0.9119338 0.3670191 0
0.1376249 -0.3458484 0.9281424 0
0.2833135 1.403875 0.0615469 1

0.9406179 0.33649 0.04486912 0
-0.2517684 0.6028322 0.757104 0
0.2277093 -0.7234417 0.651752 0
0.278608 1.354793 0.04799657 1

0.6649273 0.5922879 -0.4550464 0
0.416256 -0.7997115 -0.432658 0
-0.6201636 0.09827028 -0.7782933 0
0.001934344 0.8441198 0.5992131 1

0.6822008 0.5638885 -0.4654375 0
0.5671927 -0.8098468 -0.149803 0
-0.4614053 -0.1617969 -0.8723115 0
0.01654426 0.8506392 0.5954008 1

0.6333558 0.5873951 -0.5038133 0
0.7123115 -0.6969518 0.08288881 0
-0.3024451 -0.41137 -0.8598267 0
0.03085222 0.8677866 0.5955668 1

0.5811651 0.6165841 -0.5311041 0
0.7964752 -0.5648618 0.2157747 0
-0.1669573 -0.5484118 -0.8193718 0
0.03798369 0.8842897 0.5852621 1

0.4019517 0.672482 -0.6214525 0
0.9058678 -0.1930488 0.3770093 0
0.1335612 -0.714493 -0.6867759 0
0.011454 0.8861113 0.5258832 1

0.9150258 -0.1067341 -0.3890193 0
0.4000216 0.3645503 0.8408841 0
0.05206614 -0.9250466 0.3762687 0
0.3270302 1.425924 0.06730391 1

0.8764433 -0.1743151 -0.4488452 0
0.4528667 -0.01826949 0.8913911 0
-0.1635831 -0.9845204 0.06292914 0
0.3419473 1.420158 0.06082714 1

0.971486 0.04010832 -0.233681 0
0.1715063 0.5616478 0.8094058 0
0.1637101 -0.8264037 0.5387539 0
0.3022609 1.433976 0.07040238 1

0.9722998 0.2265171 -0.05765083 0
-0.1170175 0.6852402 0.7188553 0
0.2023376 -0.6921965 0.6927652 0
0.2779112 1.430773 0.07237094 1

0.9719305 0.2352049 -0.005494684 0
-0.1518111 0.6448243 0.7491031 0
0.1797358 -0.7272416 0.662431 0
0.2680146 1.368817 0.06726483 1

0.6643334 0.5964717 -0.4504252 0
-0.2966496 -0.3427186 -0.8913718 0
-0.686047 0.7257864 -0.0507364 0
0.01004676 0.8285085 0.5907779 1

0.6783198 0.5750901 -0.4573335 0
-0.01945513 -0.6081443 -0.7935883 0
-0.7345095 0.5472041 -0.4013279 0
0.03174566 0.828923 0.591388 1

0.6306453 0.5920245 -0.5017903 0
0.1686883 -0.7356886 -0.6559776 0
-0.7575163 0.329043 -0.5638262 0
0.05354559 0.845516 0.5982394 1

0.5772173 0.6208934 -0.5303884 0
0.4583933 -0.7838939 -0.418791 0
-0.6757928 -0.001393073 -0.7370906 0
0.05987271 0.8687612 0.5911953 1

0.5534788 0.6635892 -0.5033 0
0.8133066 -0.3004458 0.498262 0
0.1794268 -0.6851144 -0.7059918 0
0.03938475 0.8797792 0.5379028 1

0.8788476 -0.17642 -0.4432871 0
0.1870038 -0.7274009 0.6602402 0
-0.438927 -0.663147 -0.6062835 0
0.350907 1.419788 0.07832359 1

0.919099 -0.1064862 -0.3793658 0
0.3376092 -0.2836132 0.8975433 0
-0.2031691 -0.9530083 -0.2247179 0
0.3379741 1.435897 0.09030768 1

0.9742896 0.04195312 -0.2213602 0
0.2250494 -0.1348312 0.9649733 0
0.01063728 -0.9899803 -0.1408064 0
0.3077308 1.451887 0.0962151 1

0.9721328 0.2275732 -0.05629224 0
-0.01326546 0.2931361 0.955979 0
0.2340564 -0.9285912 0.287986 0
0.2746867 1.449983 0.092507 1

0.9656094 0.2460658 0.08396783 0
-0.2266295 0.6382945 0.7356765 0
0.1274285 -0.7294053 0.6721083 0
0.2638763 1.388667 0.09017945 1

0.9327825 0.08238844 -0.3508974 0
0.02829355 0.9537851 0.2991546 0
0.3593276 -0.2889743 0.887343 0
-0.006089762 0.9537737 0.04638721 1

0.9124932 0.1808737 -0.3669343 0
0.0142203 0.8823826 0.4703178 0
0.4088445 -0.4343797 0.802596 0
-0.004607119 1.007714 0.06299332 1

-0.9673527 0.1594813 0.1969627 0
0.03227338 -0.6933299 0.719897 0
0.2513704 0.7027511 0.6655478 0
-0.07194307 0.865518 0.03927319 1

-0.9898578 -0.06468296 0.1264834 0
0.03752186 -0.9777538 -0.2063727 0
0.1370183 -0.1995336 0.9702641 0
0.05156066 0.8764265 -0.007186875 1

0.8897165 0.1630104 -0.4264176 0
0.05135736 0.8924046 0.448304 0
0.4536153 -0.4207632 0.7856155 0
-0.003670457 1.065835 0.09397215 1

-0.9879216 0.09098867 0.1254261 0
-0.05411715 -0.9610728 0.2709427 0
0.1451964 0.2608825 0.954389 0
-0.06364387 0.6158497 0.3010905 1

-0.9959235 0.006408982 -0.08997464 0
0.06999174 -0.5743074 -0.8156424 0
-0.05690058 -0.8186148 0.5715175 0
0.06950074 0.5218878 -0.07751717 1

0.8632032 0.1429289 -0.484202 0
0.0898454 0.9002881 0.4259214 0
0.4967979 -0.41116 0.7642902 0
0.0001956034 1.133013 0.1277194 1

-0.9872384 0.1139337 0.1112622 0
0.08898076 -0.1847752 0.9787444 0
0.1320705 0.9761543 0.1722796 0
-0.08868008 0.1712278 0.4264369 1

-0.9946185 0.1033435 -0.007370591 0
-0.09035207 -0.8999977 -0.4264278 0
-0.05070207 -0.423467 0.9044917 0
0.1018743 0.2562513 -0.4547791 1

0.9632999 -0.02378997 -0.2673709 0
0.09781215 0.9586915 0.2671016 0
0.2499719 -0.2834511 0.9258345 0
0.007804353 1.209256 0.1637895 1

0.7817441 -0.189042 0.5942553 0
-0.5478197 -0.6634816 0.509594 0
0.2979426 -0.7239167 -0.6222336 0
-0.02276866 1.194315 0.1753973 1

-0.9930847 0.05905233 0.1014664 0
0.117328 0.4690804 0.8753275 0
0.004094258 0.881179 -0.472765 0
-0.0741152 0.1409827 0.5866437 1

-0.3703884 0.3826626 -0.8463934 0
0.8483119 -0.2318377 -0.4760439 0
-0.3783901 -0.8943269 -0.2387473 0
0.03629186 1.203984 0.1424977 1

-0.9958462 0.08319313 0.0370096 0
-0.06219794 -0.9183757 0.3907906 0
0.06649974 0.3868655 0.9197354 0
0.08663785 0.104481 -0.5266894 1

0.99664 -0.08029947 0.01614672 0
0.07478876 0.9725505 0.2203452 0
-0.03339714 -0.2183973 0.9752884 0
0.01077493 1.270052 0.1690826 1

0.8745362 -0.08660372 0.4771649 0
-0.4122844 -0.6508614 0.637496 0
0.2553585 -0.754241 -0.6049072 0
-0.06215513 1.146613 0.2120354 1

-0.8644267 -0.1334355 -0.4847281 0
0.4872282 0.01544929 -0.873138 0
0.1239963 -0.990937 0.05165881 0
0.09728281 1.187316 0.1082717 1

0.7975528 0.5322443 -0.2839459 0
0.537081 -0.412165 0.7359786 0
0.2746876 -0.7394837 -0.6145817 0
-0.1619428 0.9890812 0.3663323 1

0.8398834 0.09341393 -0.5346676 0
0.2946374 0.7488338 0.5936634 0
0.4558336 -0.6561415 0.6014099 0
0.2152053 1.191055 -0.1030515 1

0.6446714 0.608205 -0.4631258 0
0.682634 -0.1853025 0.7068763 0
0.3441071 -0.7718484 -0.5346406 0
-0.04595951 0.9000737 0.5252675 1

0.9550616 -0.07642786 -0.2863846 0
0.2067565 0.8640914 0.4589089 0
0.2123889 -0.4974983 0.8410624 0
0.2788342 1.352771 0.02515402 1

0.6255061 0.609531 -0.4870464 0
0.7799373 -0.5052665 0.3693286 0
-0.020971 -0.6108832 -0.7914433 0
-0.01171203 0.8710164 0.5887222 1

0.5993034 0.6006012 -0.5292577 0
0.7834111 -0.3040598 0.5420468 0
0.1646277 -0.7394769 -0.6527418 0
0.00939491 0.8922191 0.5741934 1

0.6499782 0.5760292 -0.4957 0
0.7587397 -0.5287229 0.3804814 0
-0.04291964 -0.6234121 -0.7807148 0
0.00010277 0.8799634 0.582145 1

0.1630955 0.6807593 -0.7141197 0
0.9839727 -0.05934476 0.1681541 0
0.07209298 -0.7300996 -0.6795275 0
-0.01399812 0.9006913 0.5242475 1

0.547377 0.6309777 -0.5497687 0
0.7631229 -0.1066569 0.6373914 0
0.3435429 -0.7684346 -0.5398951 0
0.01918567 0.9021182 0.563336 1

0.9766341 0.04192191 -0.2107792 0
0.06054534 0.8873901 0.4570263 0
0.2062027 -0.4591094 0.8641173 0
0.2856313 1.416715 0.05995192 1

0.9243074 -0.09972449 -0.3683892 0
0.3082486 0.7642117 0.5665361 0
0.2250297 -0.6372092 0.7371064 0
0.3036962 1.416855 0.05655794 1

0.8825217 -0.167917 -0.439271 0
0.4097292 0.7330138 0.5429664 0
0.2308184 -0.659162 0.7157012 0
0.3175049 1.414774 0.05314662 1

0.9735454 0.2262815 -0.03170833 0
-0.1978426 0.9042251 0.3784644 0
0.114311 -0.3621793 0.9250724 0
0.2690918 1.41593 0.06544267 1

0.9363241 0.3427485 0.07628953 0
-0.2766454 0.5862651 0.76142 0
0.2162496 -0.7340413 0.6437541 0
0.2650627 1.367033 0.05103246 1

0.61991 0.6160887 -0.485949 0
0.3714021 -0.7759134 -0.5099205 0
-0.6912106 0.1356223 -0.7098132 0
0.007628661 0.8584816 0.5978848 1

0.6411746 0.584833 -0.4968556 0
0.532085 -0.8053553 -0.2613211 0
-0.5529743 -0.09681702 -0.8275542 0
0.02171847 0.8649447 0.5929493 1

0.5924501 0.6055641 -0.5313146 0
0.6971368 -0.7158991 -0.03859088 0
-0.4037369 -0.3475356 -0.8462955 0
0.03588219 0.8819545 0.5925023 1

0.5422162 0.6332912 -0.5522172 0
0.7977064 -0.5944334 0.1015542 0
-0.2639431 -0.4955715 -0.8274921 0
0.04208316 0.898922 0.5824553 1

0.3508974 0.6909351 -0.6320442 0
0.9308202 -0.1836981 0.3159573 0
0.1022004 -0.6991881 -0.7075955 0
0.01152099 0.9022062 0.5253273 1

0.9274036 -0.09465875 -0.3618867 0
0.3725711 0.3200363 0.8710725 0
0.03336223 -0.9426645 0.3320701 0
0.3123612 1.438373 0.07251431 1

0.8910869 -0.1631313 -0.4234995 0
0.404248 -0.13882 0.9040532 0
-0.2062696 -0.9767892 -0.05775521 0
