MeshAnim
1
37
52
30
0.6656401 -0.1643293 -0.7279554 0
0.1978907 0.9794019 -0.04014051 0
0.7195572 -0.1173365 0.6844484 0
-0.08809541 0.9057983 -0.004282571 1

0.5910602 -0.1890583 -0.7841586 0
0.2547807 0.966134 -0.0408908 0
0.765333 -0.1756196 0.6192117 0
-0.07715282 0.96113 -0.006767331 1

-0.8388004 0.4365871 0.3252779 0
-0.1443165 -0.7543812 0.6403764 0
0.5249635 0.490205 0.6957818 0
-0.1528274 0.8308495 0.04438777 1

-0.5174959 -0.299691 0.8014881 0
0.6671471 -0.7278463 0.158601 0
0.5358289 0.6167859 0.5765955 0
-0.0646943 0.8090917 -0.05199612 1

0.5281084 -0.2180418 -0.8207065 0
0.3158269 0.9475754 -0.0485194 0
0.7882606 -0.2335777 0.5692861 0
-0.06037095 1.024767 -0.009460721 1

-0.9564571 0.2784449 0.08751157 0
-0.2918199 -0.9180081 -0.2685192 0
0.005568355 -0.2823648 0.959291 0
-0.2077074 0.5599335 0.2779348 1

-0.6998647 -0.2760888 0.6587597 0
-0.06213005 -0.8952507 -0.4412098 0
0.7115681 -0.3497158 0.609401 0
0.1812897 0.5499041 0.005270284 1

0.4611348 -0.2413747 -0.8538694 0
0.374631 0.9252795 -0.05924059 0
0.804367 -0.2925681 0.517105 0
-0.03659626 1.096098 -0.01311314 1

-0.9967985 0.05088786 0.0616698 0
0.01440826 -0.6443552 0.7645906 0
0.07864559 0.7630314 0.641559 0
-0.3427122 0.1352347 0.1537095 1

-0.8210219 0.1103281 0.5601344 0
0.4185671 -0.5508902 0.7220257 0
0.3882326 0.827253 0.4061133 0
0.1525525 0.1358206 -0.198804 1

0.4566353 -0.395159 -0.7970781 0
0.442003 0.8783116 -0.1822138 0
0.7720865 -0.2691057 0.5757295 0
-0.004869822 1.174458 -0.01813006 1

0.86123 -0.2873802 0.4191606 0
-0.4402688 -0.009901702 0.8978114 0
-0.2538629 -0.9577655 -0.1350521 0
-0.0249719 1.172338 0.01160342 1

-0.9996377 0.008055359 0.02568188 0
0.02548918 -0.02316377 0.9994067 0
0.008645527 0.9996994 0.02294991 0
-0.3403538 0.02976269 0.2788623 1

-0.7371805 0.2119161 -0.6416047 0
0.4972643 -0.472752 -0.7274845 0
-0.4574856 -0.8553344 0.2431253 0
0.006697595 1.155788 -0.04659596 1

-0.7992439 0.1541178 0.5809099 0
0.5939542 0.05490952 0.802623 0
0.09180111 0.9865254 -0.135425 0
0.2231371 0.04292178 -0.07704589 1

0.8509436 -0.121296 -0.5110601 0
-0.1186378 0.9034441 -0.4119636 0
0.5116836 0.4111888 0.7543895 0
0.01269732 1.230265 -0.03573333 1

0.8516803 -0.4719756 0.2277714 0
-0.1819977 0.1411989 0.9731084 0
-0.4914445 -0.870231 0.03435788 0
-0.05662582 1.171626 0.0761532 1

-0.7573996 0.01934989 -0.652665 0
0.4006594 -0.7754875 -0.4879454 0
-0.5155753 -0.6310661 0.5796013 0
0.04244934 1.121799 -0.09889977 1

0.1605989 -0.4402678 -0.8833868 0
0.6712887 -0.6074098 0.4247644 0
-0.723588 -0.6612244 0.1979975 0
-0.1006758 1.205801 0.3116803 1

0.2172794 -0.9586962 -0.1835523 0
0.8903973 0.1176097 0.4397282 0
-0.399978 -0.2589785 0.8791745 0
0.1394199 0.9341097 -0.2169959 1

-0.3196776 -0.3156062 -0.8934199 0
0.681319 -0.7318381 0.01474136 0
-0.6584913 -0.6039916 0.4489807 0
0.04428963 1.07463 0.4034086 1

-0.03839609 -0.9930441 0.1113071 0
0.9302431 0.005157508 0.3669074 0
-0.3649293 0.1176305 0.9235744 0
0.3317069 0.9595084 -0.1220336 1

-0.354217 -0.304326 -0.8842601 0
0.6252531 -0.780213 0.0180532 0
-0.6954055 -0.5464918 0.4666457 0
0.1022437 1.028465 0.4269421 1

-0.3922578 -0.245018 -0.8866228 0
0.5939714 -0.8034534 -0.04074943 0
-0.7023758 -0.5426131 0.4606946 0
0.09264182 1.01863 0.3966566 1

-0.3906627 -0.2450214 -0.8873258 0
0.594157 -0.8033662 -0.03975233 0
-0.7031075 -0.5427408 0.4594265 0
0.09784792 1.021688 0.4128837 1

-0.5413164 -0.02606329 -0.8404149 0
0.2619217 -0.9550139 -0.1390882 0
-0.7989827 -0.2954138 0.5237913 0
0.04444005 1.04582 0.3895204 1

-0.3941888 -0.2460887 -0.8854692 0
0.5936448 -0.8036862 -0.04091609 0
-0.7015706 -0.5417829 0.4628934 0
0.08415703 1.014293 0.3817927 1

0.05548854 -0.989707 0.1319141 0
0.8600438 0.1144898 0.4972091 0
-0.5071941 0.08586245 0.8575442 0
0.3999914 0.9680563 -0.09733368 1

0.0514921 -0.9883685 0.1430957 0
0.8599122 0.1167426 0.496913 0
-0.5078382 0.09746264 0.8559211 0
0.4010977 0.9500878 -0.09362009 1

0.04953267 -0.9877483 0.1479878 0
0.8598705 0.1175513 0.4967943 0
-0.5081035 0.1026428 0.855158 0
0.3996735 0.93599 -0.0911974 1

0.06164023 -0.9899023 0.1276494 0
0.8598638 0.1176051 0.4967934 0
-0.5067889 0.07913863 0.85843 0
0.3986425 0.9854125 -0.09845792 1

0.362024 -0.8839054 0.2960574 0
0.6695828 0.4675435 0.5771154 0
-0.648535 -0.01069474 0.7611096 0
0.3481153 0.9825034 -0.1057622 1

-0.354971 -0.3032328 -0.8843334 0
0.5523944 -0.8311777 0.06327511 0
-0.7542253 -0.46604 0.4625481 0
0.1177529 1.009116 0.4273944 1

-0.3924164 -0.2424591 -0.8872557 0
0.5271663 -0.8497616 -0.0009427071 0
-0.7537273 -0.4681014 0.4612768 0
0.1147363 0.9988197 0.4117145 1

-0.3940113 -0.242447 -0.886552 0
0.5268251 -0.8499722 -0.001693964 0
-0.7531338 -0.4677253 0.4626259 0
0.1127081 0.9914724 0.3952626 1

-0.3948035 -0.2451745 -0.8854489 0
0.5275697 -0.8495119 -8.73208E-06 0
-0.752197 -0.4671395 0.4647369 0
0.1019647 0.9901803 0.3805601 1

-0.5123358 0.02211145 -0.8585005 0
0.2521775 -0.9517242 -0.1750071 0
-0.8209254 -0.3061572 0.4820265 0
0.04864714 1.021637 0.3822987 1

0.05412304 -0.9879654 0.144898 0
0.7587013 0.1350304 0.6372905 0
-0.6491864 0.07544209 0.7568787 0
0.4253079 0.9533895 -0.07963163 1

0.05420743 -0.9869718 0.1514891 0
0.7584807 0.1393718 0.6366181 0
-0.649437 0.08039195 0.7561537 0
0.4207348 0.9388623 -0.07902819 1

0.05973478 -0.9890843 0.1346992 0
0.7588159 0.1326667 0.6376507 0
-0.6485603 0.0641219 0.7584575 0
0.4284631 0.971939 -0.08088282 1

0.06475779 -0.9893952 0.1300139 0
0.7587526 0.1334424 0.6375642 0
-0.6481522 0.05736107 0.7593474 0
0.4240034 0.9888712 -0.08380449 1

0.1399376 -0.9753469 0.1706337 0
0.7502776 0.216905 0.6245287 0
-0.6461434 0.04062752 0.7621338 0
0.3637441 0.9983958 -0.09222169 1

-0.3541872 -0.3044993 -0.8842124 0
0.5183462 -0.8508965 0.08539335 0
-0.7783756 -0.4280831 0.4592128 0
0.1285357 0.9929034 0.4286412 1

-0.3934213 -0.240797 -0.8872635 0
0.4918766 -0.870476 0.01813817 0
-0.7767093 -0.4292884 0.4609063 0
0.1288727 0.9760393 0.4116958 1

-0.3926486 -0.2446806 -0.886543 0
0.4933507 -0.8695649 0.02149048 0
-0.7761651 -0.4289386 0.4621469 0
0.1295396 0.964365 0.3952574 1

-0.3949072 -0.2449801 -0.8854566 0
0.4930213 -0.8697697 0.02075617 0
-0.7752281 -0.4283521 0.4642588 0
0.1164673 0.9668319 0.380564 1

-0.4915211 0.1314349 -0.8608902 0
0.2155299 -0.939433 -0.2664821 0
-0.8437735 -0.3165293 0.4334229 0
0.05673531 0.9920694 0.3772938 1

0.04980194 -0.9878455 0.1472465 0
0.6994431 0.1397363 0.7008947 0
-0.7129511 0.06808457 0.6979008 0
0.4356505 0.9415392 -0.06650229 1

0.05547503 -0.9877014 0.1461795 0
0.6992591 0.1429382 0.7004323 0
-0.7127125 0.06336081 0.6985887 0
0.4460635 0.9570829 -0.06219732 1

0.06307475 -0.9884546 0.1377646 0
0.6992477 0.1422626 0.7005813 0
-0.7120914 0.05214263 0.7001476 0
0.4526626 0.9761694 -0.06054732 1

0.06223363 -0.9898745 0.1275766 0
0.6997262 0.1344218 0.7016512 0
-0.7116954 0.04560232 0.7010062 0
0.445264 0.9925548 -0.06593545 1

0.09672004 -0.9748037 0.2010055 0
0.7636409 0.2022029 0.6131614 0
-0.6383557 0.09419087 0.763957 0
0.3867702 1.004524 -0.07302652 1

0.6157551 -0.2025819 -0.7614502 0
0.2225463 0.9717512 -0.07856752 0
0.7558564 -0.1210795 0.6434445 0
-0.08535059 0.9016029 0.008525129 1

0.5200102 -0.2342234 -0.8214188 0
0.280914 0.9550694 -0.09449682 0
0.8066454 -0.1816087 0.5624425 0
-0.0730276 0.9565038 0.003883984 1

-0.8148898 0.4449501 0.3714495 0
-0.1318366 -0.7663431 0.6287591 0
0.5644238 0.4633986 0.6831454 0
-0.1491163 0.8298778 0.06298429 1

-0.4645143 -0.3081567 0.8302207 0
0.6728929 -0.7322964 0.1046786 0
0.5757099 0.6072741 0.5475184 0
-0.06758814 0.8030552 -0.03783442 1

0.43929 -0.2678587 -0.8574824 0
0.341483 0.9326527 -0.1163978 0
0.8309115 -0.2416832 0.5011742 0
-0.05452439 1.019412 -0.002340324 1

-0.9513358 0.288488 0.10833 0
-0.3079167 -0.9037985 -0.2972142 0
0.01216552 -0.3161072 0.9486458 0
-0.1993565 0.5546407 0.2924882 1

-0.6777466 -0.290644 0.6754156 0
-0.06518796 -0.8911957 -0.4489112 0
0.7324005 -0.3482771 0.5850581 0
0.1804757 0.5422416 -0.0003304742 1

0.3536477 -0.2944997 -0.8878081 0
0.3980673 0.9062892 -0.1420648 0
0.8464489 -0.3031664 0.4377378 0
-0.02881838 1.08962 -0.01110247 1

-0.9949947 0.07420089 0.06693509 0
0.002890766 -0.6481631 0.7614966 0
0.09988841 0.7578784 0.6447039 0
-0.3418082 0.1365159 0.1549878 1

-0.8135174 0.1030781 0.5723329 0
0.4296318 -0.5567443 0.710952 0
0.3919264 0.8242641 0.4086354 0
0.150324 0.1300337 -0.2079669 1

0.3314268 -0.4843082 -0.8096926 0
0.4467847 0.8364359 -0.3174248 0
0.8309873 -0.2565551 0.4935988 0
0.004892807 1.166371 -0.02313353 1

0.8984788 -0.3050445 0.3157274 0
-0.3161727 0.04934107 0.9474178 0
-0.304583 -0.9510591 -0.05211483 0
-0.01181 1.166281 0.008704705 1

-0.9990282 0.03159987 0.0307343 0
0.02978605 -0.03003997 0.9991051 0
0.03249479 0.9990494 0.02906923 0
-0.341335 0.03042066 0.2796342 1

-0.810523 0.2329296 -0.5373979 0
0.3484477 -0.5457263 -0.7620809 0
-0.4707833 -0.8049391 0.3611598 0
0.01252811 1.146101 -0.05182989 1

-0.7915343 0.1467439 0.5932456 0
0.6046432 0.04703733 0.7951065 0
0.08877214 0.9880559 -0.1259594 0
0.2227747 0.03614766 -0.0880762 1

0.7916102 -0.1524887 -0.591693 0
-0.1722477 0.8733957 -0.4555335 0
0.5862459 0.4625227 0.665123 0
0.02206418 1.219521 -0.04789613 1

0.8147532 -0.5299396 0.2352476 0
-0.1024517 0.267765 0.9580217 0
-0.5706848 -0.8046527 0.1638692 0
-0.0345418 1.169829 0.07682104 1

-0.9049453 0.1133233 -0.4101614 0
0.1367766 -0.8352743 -0.5325499 0
-0.4029475 -0.5380287 0.7403773 0
0.0375804 1.106865 -0.1066211 1

0.1043652 -0.5914223 -0.7995797 0
0.5796244 -0.6171442 0.5321366 0
-0.8081733 -0.5189922 0.2783942 0
-0.05933874 1.234637 0.3086966 1

-0.02249423 -0.9730559 -0.2294704 0
0.9987835 -0.03194831 0.03756747 0
-0.04388642 -0.2283459 0.9725906 0
0.07068411 0.9047057 -0.2355127 1

-0.3571942 -0.3743098 -0.8557482 0
0.5593109 -0.8194813 0.124987 0
-0.7480536 -0.4339846 0.5020694 0
0.06583163 1.101364 0.423612 1

-0.1332914 -0.9871119 0.08856624 0
0.9895947 -0.1374457 -0.04256445 0
0.05418894 0.08197147 0.9951606 0
0.2863779 0.8978063 -0.2273997 1

-0.3896405 -0.3568068 -0.8490405 0
0.4963894 -0.8578938 0.1327249 0
-0.7757435 -0.3697398 0.5113852 0
0.1157153 1.050263 0.4543357 1

-0.4179926 -0.2931708 -0.859845 0
0.46238 -0.8833826 0.07642135 0
-0.7819765 -0.3656316 0.5048035 0
0.1049606 1.038231 0.4252543 1

-0.4164116 -0.2935075 -0.8604971 0
0.4625684 -0.8831981 0.07740465 0
-0.7827083 -0.3658066 0.5035411 0
0.1104402 1.0425 0.4411137 1

-0.5316442 -0.04991736 -0.8454958 0
0.1116761 -0.9936776 -0.01155584 0
-0.8395733 -0.1005654 0.5338574 0
0.06162592 1.071337 0.4134329 1

-0.4200761 -0.2937777 -0.8586217 0
0.4620226 -0.883582 0.07627596 0
-0.7810708 -0.364661 0.5069034 0
0.09603193 1.033383 0.4108143 1

-0.03311147 -0.9966261 0.07510221 0
0.9987684 -0.03021633 0.03936443 0
-0.03696209 0.07631323 0.9963987 0
0.3593048 0.8959869 -0.2323274 1

-0.03117169 -0.996179 0.08158593 0
0.9988388 -0.02804595 0.03918186 0
-0.03674394 0.08271264 0.9958959 0
0.3592014 0.8777661 -0.2299041 1

-0.03048159 -0.9959826 0.08420195 0
0.9988634 -0.02726381 0.03910524 0
-0.03665233 0.08529846 0.9956812 0
0.3568484 0.8637866 -0.2275201 1

-0.02958884 -0.9970264 0.07115648 0
0.9988738 -0.0268515 0.03912234 0
-0.03709534 0.07223403 0.9966977 0
0.3601317 0.9134121 -0.2323049 1

0.3187367 -0.9427817 0.09782603 0
0.9036974 0.3333997 0.2686566 0
-0.2858996 0.002774581 0.9582555 0
0.3110309 0.917209 -0.2185382 1

-0.3902151 -0.3556294 -0.8492705 0
0.4161216 -0.8909336 0.1818801 0
-0.8213254 -0.2824274 0.4956408 0
0.1280287 1.028987 0.4576319 1

-0.4177468 -0.2907194 -0.8607962 0
0.3888608 -0.9134748 0.1197956 0
-0.8211426 -0.2846856 0.4946505 0
0.1235835 1.017359 0.443279 1

-0.4193264 -0.290374 -0.8601446 0
0.3884973 -0.9137247 0.119067 0
-0.8205093 -0.2842359 0.4959582 0
0.1205791 1.008371 0.4278207 1

-0.4205416 -0.2927852 -0.8587328 0
0.3892901 -0.9131728 0.120702 0
-0.8195111 -0.2835358 0.4980054 0
0.1098907 1.006873 0.4130977 1

-0.4953844 -0.009443223 -0.8686227 0
0.1028661 -0.9935431 -0.04786429 0
-0.8625621 -0.1130631 0.493157 0
0.06208936 1.046074 0.4094026 1

-0.02862627 -0.9962352 0.08182969 0
0.9855739 -0.01446906 0.1686277 0
-0.1668088 0.0854765 0.9822773 0
0.3873243 0.8769914 -0.2288022 1

-0.02535521 -0.9960714 0.08484814 0
0.9856787 -0.01075502 0.1682926 0
-0.1667188 0.0879004 0.9820787 0
0.3813136 0.8631119 -0.2265618 1

-0.02858325 -0.9967379 0.07547981 0
0.9855383 -0.01548357 0.1687458 0
-0.1670264 0.07921174 0.9827654 0
0.3923781 0.8950789 -0.231031 1

-0.02624868 -0.997088 0.07160359 0
0.98558 -0.01383492 0.1686451 0
-0.1671633 0.07499795 0.9830726 0
0.3895915 0.9126102 -0.2311504 1

0.05443761 -0.996002 0.07083142 0
0.9596315 0.07178934 0.2719452 0
-0.2759427 0.05316819 0.9597026 0
0.3328683 0.9299106 -0.2120597 1

-0.3896384 -0.3569751 -0.8489706 0
0.3792385 -0.9022322 0.2053176 0
-0.8392617 -0.2419627 0.4869228 0
0.136153 1.011609 0.4611923 1

-0.4184814 -0.2889379 -0.8610393 0
0.3506226 -0.9259468 0.1403096 0
-0.8378171 -0.2431828 0.4887993 0
0.134012 0.9928706 0.4464972 1

-0.4183271 -0.2927702 -0.859819 0
0.3521918 -0.9248518 0.1435626 0
-0.8372357 -0.242765 0.4900017 0
0.1329983 0.9792323 0.4316673 1

-0.4206139 -0.2925798 -0.8587675 0
0.3518408 -0.9250957 0.1428504 0
-0.8362371 -0.2420644 0.4920494 0
0.1205927 0.9817753 0.4164194 1

-0.4578325 0.0942049 -0.8840334 0
0.06934888 -0.9875562 -0.1411518 0
-0.8863297 -0.1259307 0.4456023 0
0.06553213 1.015224 0.4083512 1

-0.03172966 -0.996011 0.08340205 0
0.9723313 -0.01143738 0.2333275 0
-0.2314427 0.08849801 0.9688151 0
0.4006909 0.8628367 -0.2232476 1

-0.0271013 -0.9962503 0.08216691 0
0.9724505 -0.007237025 0.2329984 0
-0.2315301 0.086218 0.9689997 0
0.4142866 0.8765949 -0.224189 1

-0.02436512 -0.9967868 0.07630837 0
0.9724703 -0.005937107 0.2329529 0
-0.2317511 0.07988372 0.9694896 0
0.4238079 0.8945846 -0.2256495 1

-0.02997737 -0.9970433 0.07075617 0
0.9722818 -0.01266439 0.2334707 0
-0.2318842 0.07579388 0.969786 0
0.4172018 0.9121674 -0.2264216 1

0.02746186 -0.9928532 0.1161401 0
0.9650949 0.05660617 0.2557104 0
-0.2604571 0.1050642 0.959752 0
0.3622548 0.9315883 -0.2037031 1

0.5654727 -0.2356461 -0.790387 0
0.2455738 0.9629553 -0.1114028 0
0.787359 -0.1311031 0.6023934 0
-0.08548756 0.8968644 0.01575748 1

0.4406922 -0.2755284 -0.854327 0
0.3145804 0.9387764 -0.1404924 0
0.8407317 -0.2068406 0.5003872 0
-0.07187456 0.951272 0.009275657 1

-0.7871745 0.4506892 0.4209942 0
-0.1083047 -0.7730335 0.6250519 0
0.6071464 0.4464292 0.6573236 0
-0.1480957 0.8281485 0.07521093 1

-0.4092676 -0.3128495 0.857103 0
0.6906676 -0.7200655 0.06696473 0
0.5962201 0.6193797 0.5107743 0
-0.07322507 0.7969481 -0.02943913 1

0.3361779 -0.3112266 -0.8888884 0
0.3783422 0.9089426 -0.1751591 0
0.8624626 -0.2774193 0.4233165 0
-0.05115381 1.013107 2.172031E-05 1

-0.9434566 0.3002914 0.1404103 0
-0.3300384 -0.8905686 -0.3129898 0
0.03105652 -0.3416331 0.9393203 0
-0.1896799 0.5504969 0.303535 1

-0.6497985 -0.3049295 0.6962616 0
-0.06811716 -0.8889589 -0.4528933 0
0.7570482 -0.3417169 0.5568731 0
0.1811665 0.5406377 -0.005863838 1

0.2259786 -0.3372383 -0.913895 0
0.4355101 0.8741593 -0.2148869 0
0.871358 -0.3494506 0.344412 0
-0.02267314 1.08153 -0.01316383 1

-0.9921047 0.09527811 0.08155215 0
-0.0003226101 -0.6521994 0.7580478 0
0.1254134 0.7520363 0.6470805 0
-0.3423658 0.1384927 0.1587363 1

-0.8006134 0.09360395 0.5918251 0
0.4498184 -0.5586141 0.6968601 0
0.3958305 0.8241292 0.405129 0
0.14966 0.1294644 -0.2153422 1

0.2162967 -0.5285426 -0.8208889 0
0.4624173 0.7959655 -0.3906524 0
0.8598756 -0.2950964 0.4165718 0
0.01420898 1.15556 -0.03136199 1

0.9063712 -0.3562409 0.2271204 0
-0.2115371 0.08267967 0.9738667 0
-0.3657095 -0.9307289 -0.0004196167 0
0.001439944 1.157299 0.002202768 1

-0.9975721 0.05297752 0.04520431 0
0.04335079 -0.03562272 0.9984249 0
0.05450429 0.9979605 0.03323945 0
-0.3424186 0.03173682 0.2828182 1

-0.8555185 0.2813875 -0.4346366 0
0.1941404 -0.6038638 -0.7730835 0
-0.4799973 -0.7457678 0.461988 0
0.01706458 1.13419 -0.0601339 1

-0.7784153 0.137307 0.6125495 0
0.622563 0.04367904 0.7813498 0
0.08052912 0.9895652 -0.1194828 0
0.2255147 0.03526309 -0.09782779 1

0.7619455 -0.1443659 -0.631346 0
-0.2301018 0.8508914 -0.4722683 0
0.6053863 0.5051164 0.6151139 0
0.03198333 1.206729 -0.05962473 1

0.7648681 -0.5752304 0.2899773 0
-0.04836127 0.3975996 0.9162837 0
-0.642369 -0.7148597 0.2762925 0
-0.01376889 1.163244 0.07222069 1

-0.9436197 0.2483491 -0.2188717 0
-0.11582 -0.8670781 -0.4845216 0
-0.3101093 -0.4318542 0.8469558 0
0.03102268 1.090774 -0.1157162 1

0.05278853 -0.758536 -0.6494895 0
0.4789089 -0.5514925 0.6830099 0
-0.8762761 -0.3471013 0.3341572 0
-0.02547403 1.259477 0.2939941 1

-0.2807036 -0.9359249 -0.2127209 0
0.9444438 -0.2298647 -0.2349219 0
0.1709723 -0.2668464 0.9484522 0
0.002991088 0.8809176 -0.2329835 1

-0.3933862 -0.4879698 -0.7791873 0
0.4471848 -0.8420665 0.3015794 0
-0.8032891 -0.2298035 0.5494698 0
0.07794681 1.140381 0.4414908 1

-0.3155531 -0.948271 0.03476291 0
0.9006816 -0.3108452 -0.3035589 0
0.2986619 -0.06447859 0.9521784 0
0.2069499 0.8312768 -0.2837165 1

-0.4233651 -0.4655797 -0.7771729 0
0.3797419 -0.8700453 0.3143522 0
-0.8225316 -0.1620394 0.5451471 0
0.1204642 1.090515 0.4833157 1

-0.4431259 -0.4022879 -0.8011265 0
0.3433289 -0.9016774 0.262875 0
-0.8281091 -0.158563 0.5376739 0
0.1085572 1.07443 0.4567523 1

-0.4415949 -0.4029409 -0.8016435 0
0.3435289 -0.901328 0.2638099 0
-0.8288438 -0.1588906 0.5364438 0
0.1143719 1.081021 0.4716693 1

-0.524492 -0.1487318 -0.8383241 0
-0.01773038 -0.9825024 0.185404 0
-0.851231 0.1121068 0.5126777 0
0.07000075 1.109702 0.437184 1

-0.4452835 -0.4023772 -0.7998846 0
0.3429501 -0.9018556 0.2627583 0
-0.8271083 -0.1573186 0.5395767 0
0.09923233 1.067985 0.4432152 1

-0.2175753 -0.9760433 -0.001009561 0
0.9357464 -0.2082982 -0.2845888 0
0.2775607 -0.06286415 0.9586492 0
0.274674 0.8167003 -0.3071025 1

-0.2152226 -0.9765649 -0.0006603077 0
0.9362208 -0.206139 -0.2846003 0
0.2777946 -0.06187043 0.9586459 0
0.2712695 0.7986547 -0.3062984 1

-0.2144752 -0.976729 -0.0009856671 0
0.9363961 -0.2053316 -0.2846074 0
0.2777817 -0.06196417 0.9586437 0
0.2666195 0.7851589 -0.3045996 1

-0.2145218 -0.9767138 -0.0032942 0
0.9365344 -0.2047373 -0.2845807 0
0.2772795 -0.06413384 0.9586464 0
0.2791614 0.8335078 -0.3058012 1

0.1252159 -0.9898588 -0.06708649 0
0.9908891 0.121393 0.05833188 0
-0.04959655 -0.07377934 0.9960405 0
0.2365224 0.844416 -0.2797677 1

-0.4237799 -0.4644085 -0.7776474 0
0.2953485 -0.8824782 0.3660627 0
-0.8562592 -0.07454695 0.5111389 0
0.1298847 1.068939 0.4911163 1

-0.442555 -0.4001222 -0.8025256 0
0.2660706 -0.9132246 0.3085891 0
-0.8563595 -0.07696085 0.5106128 0
0.1241272 1.055359 0.4791407 1

-0.4440834 -0.3994609 -0.8020105 0
0.2656855 -0.9135659 0.3079103 0
-0.8556876 -0.07634495 0.5118304 0
0.1201518 1.043949 0.4656211 1

-0.4456156 -0.4013759 -0.8002027 0
0.2665257 -0.9128059 0.3094347 0
-0.8546292 -0.07538554 0.5137373 0
0.1095187 1.040926 0.4510936 1

-0.4830526 -0.1184523 -0.8675421 0
-0.02605726 -0.9884235 0.1494661 0
-0.8752036 0.0948056 0.474374 0
0.06723455 1.084283 0.4381492 1

-0.213425 -0.9769589 -0.001131691 0
0.9573435 -0.2089086 -0.1996258 0
0.1947897 -0.04368857 0.9798717 0
0.2976321 0.7928655 -0.3143114 1

-0.2102555 -0.9776444 -0.002029657 0
0.9580526 -0.2056276 -0.19963 0
0.1947499 -0.04391776 0.9798691 0
0.2895534 0.7801228 -0.3115706 1

-0.2138197 -0.9768711 -0.002008244 0
0.9573002 -0.2091257 -0.199607 0
0.1945705 -0.04460236 0.9798738 0
0.3056776 0.809894 -0.3165254 1

-0.2118617 -0.9772917 -0.00392592 0
0.9578001 -0.2068345 -0.1995955 0
0.1942512 -0.04604685 0.9798704 0
0.3067808 0.8274596 -0.3141945 1

-0.1432762 -0.9892078 -0.03066292 0
0.9892544 -0.1440568 0.02496794 0
-0.02911568 -0.02675605 0.9992179 0
0.2614492 0.8518731 -0.2779741 1

-0.4233856 -0.46573 -0.7770717 0
0.2570632 -0.8842473 0.3899044 0
-0.8687136 -0.03467672 0.4940995 0
0.1356532 1.051727 0.4982693 1

-0.44305 -0.398346 -0.8031359 0
0.2263212 -0.9165414 0.3297438 0
-0.8674591 -0.03567374 0.4962277 0
0.1312639 1.030878 0.4874201 1

-0.4434059 -0.4018515 -0.8011907 0
0.2279838 -0.9150317 0.3327768 0
-0.8668419 -0.03510331 0.4973462 0
0.1286537 1.014821 0.4754902 1

-0.4456601 -0.4011741 -0.800279 0
0.2276118 -0.9153655 0.3321135 0
-0.8657829 -0.03414325 0.4992536 0
0.1168465 1.015839 0.4596024 1

-0.4322402 -0.02538123 -0.9014013 0
-0.05751086 -0.996793 0.05564495 0
-0.8999227 0.07589206 0.4293943 0
0.06666733 1.053646 0.4432255 1

-0.2168939 -0.9761949 -0.0009333417 0
0.964491 -0.2141458 -0.1545942 0
0.1507145 -0.03443076 0.9879776 0
0.3083757 0.7760175 -0.3154955 1

-0.2122172 -0.9772219 -0.001336031 0
0.9655206 -0.2094648 -0.1545775 0
0.1507767 -0.03409393 0.9879796 0
0.3238219 0.7871498 -0.3197725 1

-0.2099558 -0.9777071 -0.00279215 0
0.9660542 -0.2070122 -0.1545488 0
0.1505253 -0.03514564 0.9879812 0
0.3362069 0.8032242 -0.3228911 1

-0.2158131 -0.9764292 -0.003271423 0
0.9648098 -0.2127272 -0.1545616 0
0.1502227 -0.03651282 0.9879777 0
0.3336025 0.8216109 -0.3197865 1

-0.1577597 -0.987273 0.02010086 0
0.9874716 -0.1576563 0.006642401 0
-0.003388822 0.02089708 0.999776 0
0.2916391 0.8469509 -0.2772262 1

0.5343691 -0.2541264 -0.8061449 0
0.2652769 0.955968 -0.1255122 0
0.8025447 -0.1467818 0.5782537 0
-0.08813279 0.8912613 0.0173648 1

0.3827698 -0.2939648 -0.8758265 0
0.3430451 0.9254698 -0.1607035 0
0.8577924 -0.2389356 0.4550852 0
-0.07341225 0.9452794 0.01009411 1

-0.7695911 0.4603224 0.4425308 0
-0.09858724 -0.7703864 0.6299096 0
0.6308808 0.4411447 0.6382641 0
-0.1504869 0.824455 0.0792134 1

-0.3782628 -0.3130857 0.8711458 0
0.7122958 -0.6994877 0.05789545 0
0.5912294 0.642413 0.4875997 0
-0.0797345 0.7908078 -0.02752306 1

0.2572548 -0.3244152 -0.9102609 0
0.4087661 0.8900725 -0.2016961 0
0.8756315 -0.3201964 0.3615854 0
-0.0508166 1.006238 -0.0004910845 1

-0.9383067 0.3091372 0.1549694 0
-0.343807 -0.8820709 -0.3220997 0
0.03712067 -0.3555078 0.9339362 0
-0.1884684 0.5477925 0.3093586 1

-0.6345931 -0.3175185 0.7046091 0
-0.06166017 -0.8879991 -0.4556928 0
0.7703829 -0.3326257 0.5439398 0
0.1823429 0.5420583 -0.00739662 1

0.1260416 -0.3423304 -0.9310873 0
0.4656045 0.8491864 -0.2491891 0
0.8759716 -0.4021101 0.2664235 0
-0.02004568 1.073241 -0.01567428 1

-0.9916962 0.09460497 0.08711493 0
0.003686368 -0.6561963 0.7545817 0
0.1285516 0.7486368 0.6503983 0
-0.347524 0.1397194 0.1603454 1

-0.7952567 0.0875068 0.5999245 0
0.4615451 -0.5542476 0.6926661 0
0.3931196 0.8277395 0.4003808 0
0.1538229 0.1313289 -0.2181697 1

0.1197541 -0.5377322 -0.8345675 0
0.4842199 0.7654895 -0.4237417 0
0.8667124 -0.3533693 0.3520512 0
0.01938505 1.145156 -0.0367774 1

0.9010349 -0.4100505 0.1414035 0
-0.117844 0.08231486 0.9896148 0
-0.4174318 -0.9083407 0.0258467 0
0.009689048 1.147359 -0.002225986 1

-0.9973367 0.05252209 0.0506098 0
0.04859608 -0.03893055 0.99806 0
0.05439051 0.9978612 0.03627435 0
-0.3469206 0.03230922 0.2838599 1

-0.8759617 0.3673306 -0.3126655 0
0.01783195 -0.6230701 -0.7819629 0
-0.4820515 -0.6905447 0.5392352 0
0.01848964 1.12389 -0.06575395 1

-0.7731981 0.1314256 0.6203971 0
0.6300931 0.04852955 0.775002 0
0.07174745 0.9901377 -0.1203334 0
0.2316552 0.0378639 -0.1013627 1

0.7312039 -0.1691513 -0.6608546 0
-0.2252823 0.8545367 -0.4679901 0
0.6438858 0.491075 0.5867338 0
0.03838808 1.195172 -0.06627734 1

0.7227811 -0.5987555 0.3450795 0
-0.02993903 0.4717369 0.8812311 0
-0.6904288 -0.6472682 0.3230363 0
0.001216438 1.153277 0.06892417 1

-0.9361508 0.3503789 -0.02927023 0
-0.3128871 -0.8681603 -0.3852266 0
-0.1603866 -0.3514719 0.9223579 0
0.01977172 1.079094 -0.1219746 1

0.05731289 -0.8937975 -0.4447935 0
0.3811838 -0.3921822 0.8371933 0
-0.9227214 -0.2175301 0.3182237 0
-0.006029841 1.267454 0.2822136 1

-0.4395561 -0.8837745 -0.1604168 0
0.8205555 -0.3224527 -0.4719252 0
0.3653486 -0.3390683 0.8669217 0
-0.05595547 0.868975 -0.2152099 1

-0.3812128 -0.6131225 -0.6919236 0
0.3386565 -0.7890289 0.5125874 0
-0.8602263 -0.0389196 0.5084254 0
0.07628714 1.182762 0.4630064 1

-0.4520881 -0.8919626 -0.004421502 0
0.7647107 -0.3850296 -0.5166914 0
0.4591668 -0.236971 0.8561605 0
0.1212489 0.7993394 -0.3171252 1

-0.4089063 -0.588497 -0.697472 0
0.2680295 -0.8080287 0.5246429 0
-0.8723282 0.02758648 0.4881423 0
0.1104945 1.139982 0.5181735 1

-0.4205204 -0.5305862 -0.7359629 0
0.2325593 -0.8471076 0.4778337 0
-0.8769717 0.0297837 0.4796186 0
0.09904531 1.119493 0.4946088 1

-0.4190272 -0.5314573 -0.736186 0
0.2327236 -0.84658 0.4786886 0
-0.8776426 0.02925543 0.4784224 0
0.104369 1.128694 0.5082754 1

-0.473552 -0.2855748 -0.8331844 0
-0.1280312 -0.9136096 0.3859092 0
-0.8714111 0.2894213 0.3960788 0
0.06569496 1.152623 0.4645448 1

-0.4227616 -0.5302283 -0.7349359 0
0.2321745 -0.847276 0.4777226 0
-0.8759956 0.03132904 0.481301 0
0.09015112 1.111019 0.4819274 1

-0.3605933 -0.9306663 -0.06191294 0
0.7913893 -0.2701481 -0.5483824 0
0.4936353 -0.24674 0.8339326 0
0.1800624 0.7790941 -0.3555572 1

-0.3607973 -0.9302667 -0.06655459 0
0.7922071 -0.2680287 -0.5482414 0
0.4921721 -0.2505288 0.8336679 0
0.174005 0.7617462 -0.3560445 1

-0.361415 -0.9298321 -0.06922354 0
0.7925162 -0.2672311 -0.5481845 0
0.4912207 -0.2529827 0.833488 0
0.1676448 0.7489051 -0.354904 1

-0.3570657 -0.9319624 -0.06285365 0
0.7926993 -0.2667405 -0.5481586 0
0.4940974 -0.2455525 0.8340096 0
0.1873678 0.794786 -0.3533851 1

-0.05117723 -0.9785056 -0.19977 0
0.9903671 -0.02395427 -0.136381 0
0.1286643 -0.204825 0.9703053 0
0.1527597 0.8076493 -0.3180065 1

-0.4091677 -0.5874283 -0.6982193 0
0.1792502 -0.8020428 0.5697343 0
-0.8946797 0.1079606 0.4334663 0
0.1171443 1.119944 0.5311893 1

-0.4196375 -0.5288311 -0.7377278 0
0.1513894 -0.8421439 0.517567 0
-0.8949783 0.1055062 0.4334542 0
0.1109726 1.104584 0.5218636 1

-0.421127 -0.5279528 -0.7375082 0
0.1510235 -0.842593 0.5169428 0
-0.8943403 0.1063171 0.4345715 0
0.1068968 1.090855 0.5107436 1

-0.4229691 -0.5292971 -0.7354878 0
0.1518199 -0.8415884 0.5183438 0
-0.8933357 0.1075815 0.4363234 0
0.09711421 1.085597 0.4962553 1

-0.4272957 -0.265839 -0.8641461 0
-0.134237 -0.9265475 0.3514123 0
-0.8940915 0.266157 0.3602239 0
0.06037422 1.128335 0.4705859 1

-0.3597463 -0.930624 -0.06724577 0
0.8156878 -0.2786851 -0.5069406 0
0.4530305 -0.2372213 0.8593544 0
0.196315 0.7542138 -0.3714792 1

-0.3583821 -0.9308521 -0.07125248 0
0.8168411 -0.2757006 -0.5067149 0
0.4520321 -0.2397992 0.8591645 0
0.1870535 0.7423532 -0.3683314 1

-0.3578058 -0.9316195 -0.06372344 0
0.8157134 -0.2786151 -0.5069376 0
0.4545186 -0.233365 0.8596245 0
0.2062995 0.7702355 -0.373709 1

-0.3552331 -0.9325809 -0.0640532 0
0.816613 -0.2762515 -0.5067828 0
0.4549212 -0.2323326 0.8596911 0
0.2107435 0.7869096 -0.3695527 1

-0.3042241 -0.9464155 -0.1083776 0
0.9396255 -0.279418 -0.1975606 0
0.1566917 -0.1619368 0.9742814 0
0.1784458 0.8113199 -0.3206376 1

-0.4089488 -0.5886195 -0.6973438 0
0.1393287 -0.7954789 0.589747 0
-0.9018587 0.144016 0.4073214 0
0.1206473 1.104303 0.5423149 1

-0.4199089 -0.5271972 -0.7387421 0
0.1100596 -0.8375541 0.5351549 0
-0.9008685 0.1434103 0.4097192 0
0.1150345 1.08201 0.5357451 1

-0.4207506 -0.5301532 -0.7361434 0
0.1116353 -0.8355571 0.5379426 0
-0.9002818 0.1441598 0.4107448 0
0.1117388 1.063999 0.5272788 1

-0.4229879 -0.5291139 -0.7356087 0
0.1112822 -0.8359967 0.537333 0
-0.8992765 0.1454249 0.412497 0
0.1012891 1.062468 0.5105059 1

-0.3652096 -0.1868026 -0.9119908 0
-0.1593808 -0.9526492 0.2589553 0
-0.9171805 0.2399264 0.3181435 0
0.05641954 1.099694 0.481932 1

-0.3643439 -0.9287943 -0.06778916 0
0.8263143 -0.288855 -0.4834953 0
0.4294863 -0.2321735 0.8727183 0
0.2030901 0.7368733 -0.3782982 1

-0.3589412 -0.9309009 -0.06771682 0
0.8281386 -0.2841718 -0.4831495 0
0.4305207 -0.2295009 0.8729155 0
0.2186294 0.7465892 -0.3853477 1

-0.3547379 -0.9326558 -0.06568623 0
0.829204 -0.2813753 -0.4829587 0
0.4319515 -0.2257909 0.8731761 0
0.2323134 0.7613498 -0.3898758 1

-0.3588325 -0.9313436 -0.06195953 0
0.8272153 -0.2865595 -0.483321 0
0.4323827 -0.2246849 0.8732479 0
0.2336019 0.7791186 -0.3837541 1

-0.3083276 -0.9496418 -0.05581103 0
0.9322337 -0.2899522 -0.2164904 0
0.1894059 -0.1187788 0.9746884 0
0.2070335 0.8022788 -0.3267381 1

0.5250338 -0.2579222 -0.8110585 0
0.2849748 0.9512411 -0.1180246 0
0.8019534 -0.1691643 0.572935 0
-0.09280996 0.8866459 0.01803502 1

0.3548652 -0.2957729 -0.8868986 0
0.3702237 0.9155462 -0.157193 0
0.8584902 -0.2725685 0.4343977 0
-0.07697715 0.9404042 0.01118875 1

-0.7648951 0.4639915 0.4468197 0
-0.08793162 -0.7623691 0.6411409 0
0.6381253 0.4511158 0.6239318 0
-0.1562801 0.8206078 0.07957252 1

-0.3630455 -0.3132307 0.8775446 0
0.729071 -0.681959 0.0582027 0
0.5802187 0.6609224 0.4759495 0
-0.08676377 0.786458 -0.02781452 1

0.2139793 -0.3235857 -0.9216862 0
0.4392489 0.8746413 -0.2050929 0
0.8725098 -0.3609638 0.3292898 0
-0.0525913 1.000709 0.000834778 1

-0.9381398 0.3069805 0.1601787 0
-0.3437802 -0.8810095 -0.3250194 0
0.04134429 -0.3599799 0.9320437 0
-0.190382 0.5468687 0.3137851 1

-0.6262192 -0.3175993 0.7120255 0
-0.06151237 -0.8902928 -0.451215 0
0.7772169 -0.3263578 0.5379823 0
0.1812723 0.5441434 -0.007658545 1

0.06728549 -0.3363453 -0.9393319 0
0.4968868 0.8277053 -0.2607827 0
0.8652031 -0.4491946 0.2228182 0
-0.01952571 1.06655 -0.01460412 1

-0.9917178 0.09050788 0.09112841 0
0.008835599 -0.659761 0.7514236 0
0.1281327 0.7460052 0.6534969 0
-0.3494253 0.1392868 0.1634212 1

-0.7946196 0.08657061 0.6009035 0
0.463279 -0.5532206 0.6923294 0
0.3923678 0.8285244 0.3994937 0
0.1528207 0.132353 -0.2163606 1

0.05069979 -0.5341502 -0.8438678 0
0.5034994 0.7433879 -0.4402984 0
0.8625069 -0.4025639 0.3066341 0
0.02255422 1.136646 -0.03668907 1

0.885343 -0.4572441 0.08423613 0
-0.05882184 0.06956543 0.9958417 0
-0.4612027 -0.8866162 0.03469332 0
0.01451439 1.138895 -0.00171807 1

-0.9973327 0.04859415 0.05446559 0
0.05242422 -0.0423363 0.9977271 0
0.05078954 0.9979209 0.03967574 0
-0.347979 0.03129306 0.2864187 1

-0.8596948 0.4740102 -0.1903667 0
-0.1651766 -0.6106223 -0.7745047 0
-0.4833653 -0.6343933 0.6032441 0
0.0192999 1.115825 -0.06581868 1

-0.7726049 0.130529 0.6213245 0
0.6310253 0.05009437 0.7741436 0
0.06992324 0.9901782 -0.1210702 0
0.2309453 0.03906139 -0.09961026 1

0.6902726 -0.1962425 -0.6964285 0
-0.1924878 0.8780257 -0.4382001 0
0.6974758 0.4365313 0.568303 0
0.04276253 1.185907 -0.06665587 1

0.7096676 -0.5941547 0.3786189 0
-0.06465857 0.4802078 0.8747684 0
-0.7015634 -0.6452757 0.3023708 0
0.01028531 1.143896 0.06987977 1

-0.8978158 0.4089862 0.1632704 0
-0.4398108 -0.8514705 -0.2855954 0
0.0222154 -0.32822 0.9443402 0
0.007424276 1.071923 -0.1215031 1

0.1347743 -0.9649184 -0.2253183 0
0.3084072 -0.1752488 0.9349721 0
-0.9416584 -0.1954999 0.2739688 0
-0.005364377 1.260124 0.281605 1

-0.5287846 -0.8341063 -0.1570164 0
0.6651115 -0.2922949 -0.6871613 0
0.5272704 -0.4677936 0.7093345 0
-0.0990219 0.8658438 -0.190625 1

-0.308958 -0.7567409 -0.5760974 0
0.1643856 -0.6391053 0.7513466 0
-0.9367616 0.1374325 0.321854 0
0.06123643 1.222279 0.4835132 1

-0.5662491 -0.8177594 -0.1031123 0
0.6118736 -0.3332362 -0.7173318 0
0.5522439 -0.46928 0.6890596 0
0.04461332 0.8027208 -0.339022 1

-0.3327202 -0.7332256 -0.5930238 0
0.0912462 -0.6509331 0.7536314 0
-0.9386008 0.196637 0.2834826 0
0.08078738 1.194174 0.5533099 1

-0.3316632 -0.687161 -0.6463817 0
0.06109549 -0.6993701 0.7121438 0
-0.9414175 0.1967009 0.2739377 0
0.07180482 1.168709 0.5338932 1

-0.3302449 -0.6881281 -0.6460788 0
0.06115484 -0.698642 0.712853 0
-0.9419121 0.1959053 0.2728052 0
0.07546727 1.180956 0.5455708 1

-0.3427013 -0.4746406 -0.8107232 0
-0.282034 -0.7711935 0.5707167 0
-0.8961098 0.4242368 0.1304243 0
0.04769065 1.194156 0.4904814 1

-0.3340065 -0.68644 -0.6459411 0
0.06072232 -0.699544 0.712005 0
-0.9406126 0.1985913 0.2753345 0
0.06454024 1.157588 0.522262 1

-0.4849836 -0.8547206 -0.1850523 0
0.62094 -0.1875514 -0.7610906 0
0.6158127 -0.4840224 0.621689 0
0.09317866 0.7858726 -0.391017 1

-0.488827 -0.8510392 -0.1917841 0
0.6219336 -0.1858038 -0.7607076 0
0.6117578 -0.4911312 0.6201154 0
0.08477537 0.7697834 -0.3939154 1

-0.4910271 -0.8489314 -0.1954695 0
0.622444 -0.184916 -0.7605065 0
0.6094723 -0.4950979 0.6192107 0
0.07696003 0.7577235 -0.3942704 1

-0.480872 -0.856929 -0.1855681 0
0.6225611 -0.1846749 -0.7604691 0
0.6173983 -0.4812156 0.6222953 0
0.1028403 0.7998511 -0.3870698 1

-0.2174584 -0.8978022 -0.3829668 0
0.9430292 -0.09202864 -0.3197302 0
0.2518104 -0.4306765 0.8666656 0
0.07642591 0.8078014 -0.344013 1

-0.33274 -0.7323831 -0.5940529 0
-0.003154203 -0.6290805 0.7773339 0
-0.9430131 0.260524 0.2070102 0
0.08305222 1.178033 0.5720043 1

-0.330315 -0.6859813 -0.648322 0
-0.02499679 -0.6802773 0.7325284 0
-0.9435397 0.2581713 0.2075584 0
0.07719316 1.161049 0.5658253 1

-0.3317283 -0.6850083 -0.6486291 0
-0.02528684 -0.6808589 0.731978 0
-0.943036 0.2592196 0.2085385 0
0.07386333 1.14506 0.5579484 1

-0.3340218 -0.6856804 -0.6467394 0
-0.02466018 -0.6795559 0.7332091 0
-0.9422426 0.2608566 0.2100774 0
0.06636019 1.136597 0.5436191 1

-0.289987 -0.4660055 -0.8359105 0
-0.2832069 -0.7925369 0.5400732 0
-0.9141672 0.3933498 0.09784941 0
0.03906742 1.172621 0.5012792 1

-0.4882915 -0.8512031 -0.1924194 0
0.6335083 -0.1940961 -0.7489958 0
0.6001995 -0.4876272 0.6340193 0
0.1022933 0.7645649 -0.4153305 1

-0.4890182 -0.8495046 -0.1979998 0
0.6351693 -0.1912177 -0.748329 0
0.5978476 -0.4917097 0.6330876 0
0.09220222 0.7531884 -0.412899 1

-0.4830301 -0.855332 -0.1873226 0
0.6336553 -0.1938201 -0.748943 0
0.6042877 -0.4804597 0.6356061 0
0.1137836 0.7797419 -0.4162002 1

-0.4797154 -0.8572655 -0.1870024 0
0.6347253 -0.1919013 -0.7485307 0
0.6058033 -0.4777765 0.6361855 0
0.1211969 0.7943957 -0.4095004 1

-0.4458103 -0.8619041 -0.2416095 0
0.8482813 -0.3206226 -0.4214507 0
0.2857844 -0.3928396 0.8740735 0
0.1016234 0.8093684 -0.3505554 1

-0.3327963 -0.7333074 -0.5928799 0
-0.04518424 -0.6155952 0.7867661 0
-0.9419155 0.2886217 0.171734 0
0.08299519 1.165769 0.5871792 1

-0.3302429 -0.6846651 -0.6497484 0
-0.0681631 -0.6692729 0.7398834 0
-0.9414315 0.2886302 0.1743536 0
0.07652548 1.142816 0.5854693 1

-0.3318147 -0.6867815 -0.6467072 0
-0.06692486 -0.6666815 0.7423317 0
-0.9409676 0.2895975 0.175252 0
0.07307476 1.123373 0.5813401 1

-0.3340009 -0.6855352 -0.6469039 0
-0.06720454 -0.6672506 0.7417952 0
-0.9401737 0.2912351 0.1767913 0
0.06568393 1.117922 0.5637751 1

-0.2130581 -0.4054897 -0.888923 0
-0.2938609 -0.8410918 0.454104 0
-0.9318005 0.3579702 0.06004375 0
0.03041763 1.148242 0.5184703 1

-0.4938284 -0.8479818 -0.1925131 0
0.6387337 -0.2035126 -0.742026 0
0.5900454 -0.4893979 0.6421343 0
0.1046586 0.7493746 -0.4276242 1

-0.4878145 -0.8513526 -0.1929666 0
0.641126 -0.1993842 -0.7410829 0
0.5924482 -0.4852268 0.6430866 0
0.1196237 0.7592545 -0.4358207 1

-0.4808211 -0.8559695 -0.1900736 0
0.6426876 -0.1965871 -0.7404772 0
0.5964599 -0.4781948 0.6446437 0
0.1339913 0.7735604 -0.4400848 1

-0.4826496 -0.8563421 -0.1836523 0
0.6398613 -0.2015975 -0.741577 0
0.5980197 -0.4754336 0.6452407 0
0.1389526 0.7889721 -0.4304814 1

-0.4419018 -0.8764965 -0.1909906 0
0.836583 -0.325808 -0.4404299 0
0.3238088 -0.3544061 0.8772368 0
0.1273428 0.7991107 -0.3635747 1

0.5336626 -0.2514588 -0.8074482 0
0.2981167 0.9494191 -0.0986391 0
0.7914104 -0.1880738 0.5816336 0
-0.09962501 0.8841981 0.02027214 1

0.3550103 -0.2881058 -0.8893608 0
0.3868023 0.9113462 -0.1408262 0
0.8510885 -0.294012 0.4349772 0
-0.08304687 0.9378597 0.01451754 1

-0.7692645 0.4591888 0.444272 0
-0.07412346 -0.7547802 0.6517764 0
0.6346161 0.4684575 0.6146623 0
-0.164778 0.8179774 0.07982254 1

-0.3570446 -0.3254107 0.8755722 0
0.7362356 -0.6749206 0.04938775 0
0.5748705 0.6622612 0.4805558 0
-0.09411913 0.7846833 -0.02708648 1

0.2061197 -0.31602 -0.9260918 0
0.4580243 0.867494 -0.1940818 0
0.8647128 -0.3841685 0.3235523 0
-0.05756903 0.9978881 0.005241618 1

-0.9402488 0.2984309 0.1639236 0
-0.3371483 -0.8832902 -0.3257754 0
0.04757054 -0.3615766 0.931128 0
-0.1939027 0.5469819 0.3178659 1

-0.6160685 -0.3229512 0.718444 0
-0.05526309 -0.8921185 -0.4484085 0
0.7857515 -0.3159536 0.5317589 0
0.1764604 0.5449675 -0.01008989 1

0.05099446 -0.3275905 -0.9434426 0
0.5160097 0.8174492 -0.2559508 0
0.8550634 -0.4737735 0.2107251 0
-0.02309006 1.063191 -0.009368397 1

-0.9914594 0.08818141 0.09608424 0
0.01332165 -0.6644236 0.7472376 0
0.1297331 0.7421358 0.6575743 0
-0.3498779 0.1383447 0.1671522 1

-0.7877957 0.09153703 0.6090968 0
0.4651729 -0.5597624 0.6857696 0
0.403723 0.8235816 0.3983979 0
0.1508994 0.1323328 -0.2174939 1

0.02688429 -0.5283837 -0.8485799 0
0.5182935 0.7332415 -0.4401459 0
0.8547802 -0.4279805 0.2935706 0
0.02060933 1.132418 -0.03104414 1

0.873758 -0.480328 0.07636674 0
-0.05575404 0.05706057 0.9968128 0
-0.4831546 -0.875231 0.02307692 0
0.01291235 1.134488 0.004014947 1

-0.9971637 0.04649033 0.05918926 0
0.05694172 -0.04826778 0.9972103 0
0.04921768 0.997752 0.04548351 0
-0.3476973 0.02958774 0.2894646 1

-0.8379495 0.5282916 -0.1369265 0
-0.2485284 -0.5927598 -0.7660739 0
-0.485875 -0.607901 0.6279984 0
0.01658303 1.11201 -0.06036907 1

-0.7652228 0.1351816 0.6294123 0
0.6393039 0.04466434 0.7676559 0
0.07566077 0.9898135 -0.1206002 0
0.2293434 0.03793782 -0.1018497 1

0.6784038 -0.215789 -0.7022846 0
-0.1605231 0.8892619 -0.4283054 0
0.7169386 0.4032969 0.5686396 0
0.04179469 1.181365 -0.06085039 1

0.7129482 -0.5522888 0.4320669 0
-0.1536098 0.4781919 0.8647177 0
-0.6841848 -0.6828686 0.2560891 0
0.008903824 1.13859 0.07568263 1

-0.8588589 0.4263104 0.283938 0
-0.4950953 -0.8330414 -0.2468244 0
0.1313083 -0.3525636 0.9265295 0
-0.001285337 1.069393 -0.1154474 1

0.2754154 -0.9593359 -0.06181483 0
0.2222569 0.0009844005 0.9749878 0
-0.9352798 -0.2822655 0.2134902 0
-0.02827524 1.25433 0.2849753 1

-0.5572639 -0.8071086 -0.1950194 0
0.5585226 -0.1905624 -0.8073034 0
0.6144181 -0.5588037 0.5569819 0
-0.1211119 0.8677738 -0.1751856 1

-0.1476659 -0.8913822 -0.4285237 0
0.02361836 -0.436328 0.8994777 0
-0.9887553 0.1227012 0.08548382 0
0.01972134 1.254542 0.4955249 1

-0.6185025 -0.7658558 -0.1758383 0
0.5069337 -0.2179174 -0.8339846 0
0.6003937 -0.6049598 0.5230207 0
-0.0004952438 0.8266206 -0.3495281 1

-0.1681277 -0.8744861 -0.4549803 0
-0.04777415 -0.4537795 0.8898324 0
-0.9846069 0.1713418 0.03451511 0
0.02486508 1.244725 0.572472 1

-0.1574095 -0.8417125 -0.5164711 0
-0.06635544 -0.5127941 0.8559437 0
-0.9853017 0.1690044 0.0248664 0
0.02128243 1.214848 0.5583057 1

-0.1560531 -0.8424568 -0.5156685 0
-0.06647882 -0.5119227 0.8564554 0
-0.985509 0.1679336 0.02388132 0
0.02185985 1.229686 0.56721 1

-0.1411163 -0.6734968 -0.7255953 0
-0.367874 -0.6447751 0.6700251 0
-0.9191055 0.3614792 -0.1567737 0
0.006106697 1.227623 0.5061511 1

-0.1598193 -0.8411217 -0.5166939 0
-0.06668295 -0.5130271 0.8557785 0
-0.9848914 0.1712245 0.02590314 0
0.01713598 1.200794 0.5484556 1

-0.5451718 -0.7920539 -0.2746595 0
0.4979528 -0.04238145 -0.8661682 0
0.6744115 -0.6089779 0.4175106 0
0.04083242 0.8178632 -0.4092042 1

-0.5517994 -0.7852107 -0.2810009 0
0.4989906 -0.0408759 -0.8656428 0
0.668226 -0.617878 0.4143682 0
0.03127998 0.8028608 -0.4138472 1

-0.5552711 -0.781491 -0.284509 0
0.4996261 -0.03997102 -0.8653184 0
0.6648667 -0.6226345 0.4126481 0
0.02282249 0.7913365 -0.4153669 1

-0.5404481 -0.7950118 -0.2754486 0
0.4996702 -0.03987452 -0.8652976 0
0.6769382 -0.6052819 0.4187938 0
0.05163608 0.8305584 -0.4040627 1

-0.3087831 -0.8054847 -0.5058135 0
0.8939856 -0.06422886 -0.4434687 0
0.3247196 -0.5891256 0.7399246 0
0.03077365 0.8314461 -0.3573852 1

-0.1679587 -0.8739021 -0.4561633 0
-0.1458473 -0.4356155 0.8882387 0
-0.9749453 0.2157176 -0.05429091 0
0.023681 1.233475 0.5945439 1

-0.1557225 -0.8408852 -0.5183267 0
-0.155499 -0.4973179 0.8535192 0
-0.9754848 0.2135114 -0.05331326 0
0.01996171 1.215084 0.591556 1

-0.1570736 -0.8401356 -0.5191338 0
-0.1556406 -0.4980317 0.8530771 0
-0.9752455 0.2147941 -0.05253167 0
0.01903693 1.197502 0.5872232 1

-0.1596922 -0.8405657 -0.5176367 0
-0.1553455 -0.4964348 0.8540612 0
